  0.0000000000E+000  0.0000000000E+000
  2.2317082715E+001  1.0660365107E+038
  1.0072235162E+004  3.5024276865E+042
  2.0164886417E+004  1.9873641196E+042
  3.0235949035E+004  1.3361721917E+042
  4.0366089558E+004  9.4841286346E+041
  5.0571439251E+004  7.2916789578E+041
  6.0827827724E+004  5.9384534886E+041
  7.1119304621E+004  5.0175815524E+041
  8.1254172864E+004  4.3553909651E+041
  9.1994657808E+004  3.7984880419E+041
  1.0239311001E+005  3.3432175208E+041
  1.1304918954E+005  2.9273783660E+041
  1.2368454430E+005  2.6046435381E+041
  1.3388367008E+005  2.3296117129E+041
  1.4415904331E+005  2.1274441811E+041
  1.5435961937E+005  1.9735101972E+041
  1.6431933949E+005  1.8121113914E+041
  1.7511623480E+005  1.6777339403E+041
  1.8560417328E+005  1.5635038697E+041
  1.9545442307E+005  1.4649120296E+041
  2.0599924952E+005  1.3718477441E+041
  2.1564536018E+005  1.2936176089E+041
  2.2590685203E+005  1.2189315020E+041
  2.3684165164E+005  1.1494607722E+041
  2.4651472532E+005  1.0942955685E+041
  2.5674139028E+005  1.0445023481E+041
  2.6765776477E+005  9.9657844598E+040
  2.7691538381E+005  9.6348104569E+040
  2.8662720218E+005  9.3430281808E+040
  2.9682279991E+005  9.0748693237E+040
  3.0753363060E+005  8.8170149384E+040
  3.1879321430E+005  8.5981627998E+040
  3.2761946442E+005  8.4585565796E+040
  3.3679049162E+005  8.3236154502E+040
  3.4632316724E+005  8.2052814130E+040
  3.5630349600E+005  8.0695348104E+040
  3.6672284608E+005  7.9302379672E+040
  3.7756889168E+005  7.8256844525E+040
  3.8886343248E+005  7.7284928156E+040
  4.0062956964E+005  7.6380772682E+040
  4.1289178531E+005  7.5546287234E+040
  4.2135494535E+005  7.5074266353E+040
  4.3005815245E+005  7.4630220045E+040
  4.3900979285E+005  7.4222968911E+040
  4.4597144569E+005  7.3617872945E+040
  4.5594309971E+005  7.2831164825E+040
  4.6694993996E+005  7.2354930537E+040
  4.7909943212E+005  7.2015997676E+040
  4.8903232366E+005  7.1831877877E+040
  4.9972896144E+005  7.1821404220E+040
  5.1124807039E+005  7.1850061766E+040
  5.2365289083E+005  7.1956366891E+040
  5.3244825292E+005  7.1208920134E+040
  5.3946571078E+005  7.1289153038E+040
  5.4966874404E+005  7.1277916162E+040
  5.6093098367E+005  7.1465950791E+040
  5.7013849650E+005  7.1677862910E+040
  5.8005398075E+005  7.1959124188E+040
  5.9073187277E+005  7.2420473822E+040
  6.0223079459E+005  7.3007504941E+040
  6.1461387570E+005  7.3701773114E+040
  6.2339382400E+005  7.3195035657E+040
  6.3261825718E+005  7.3685337156E+040
  6.4230967730E+005  7.4247389728E+040
  6.5249172555E+005  7.4895428421E+040
  6.6318924000E+005  7.5711781180E+040
  6.7442831612E+005  7.6665519626E+040
  6.8623637047E+005  7.7751075426E+040
  6.9864220757E+005  7.8990343775E+040
  7.1167609018E+005  7.8970890550E+040
  7.2536981309E+005  8.0468643228E+040
  7.3247448846E+005  8.1299650867E+040
  7.3975678072E+005  8.2185196983E+040
  7.4722113028E+005  8.3151460318E+040
  7.5487208859E+005  8.4195594317E+040
  7.6271432085E+005  8.5304236923E+040
  7.7075260892E+005  8.6489446791E+040
  7.7899185418E+005  8.7751941665E+040
  7.8743708059E+005  8.9097481224E+040
  7.9609343765E+005  9.0529085901E+040
  8.0052982064E+005  8.9316044148E+040
  8.0973808809E+005  9.0895870907E+040
  8.1708498617E+005  9.2129152925E+040
  8.2776700905E+005  9.3956616527E+040
  8.3955796360E+005  9.6032717423E+040
  8.4919773053E+005  9.7783029541E+040
  8.5957870518E+005  9.9735806752E+040
  8.7075787945E+005  1.0190047368E+041
  9.2062409444E+005  1.0986200753E+041
  9.7555727392E+005  1.1980010307E+041
  1.0280855279E+006  1.3175269807E+041
  1.0763999410E+006  1.4053336712E+041
  1.1285967113E+006  1.5316377187E+041
  1.1790189550E+006  1.6308503125E+041
  1.2305216993E+006  1.7584761017E+041
  1.2855159345E+006  1.8748235820E+041
  1.3430552596E+006  1.9916159751E+041
  1.3917218409E+006  2.1128349528E+041
  1.4447786271E+006  2.2220299822E+041
  1.4977387331E+006  2.3470799458E+041
  1.5534856025E+006  2.4460805687E+041
  1.6095691463E+006  2.5604869786E+041
  1.6630889032E+006  2.6448913063E+041
  1.7109257157E+006  2.7070670360E+041
  1.7637286060E+006  2.7890469667E+041
  1.8696639751E+006  2.9119097834E+041
  1.9714666388E+006  2.9884211698E+041
  2.0911039746E+006  3.0462492971E+041
  2.1863481508E+006  3.0617495612E+041
  2.2877692954E+006  3.0490428770E+041
  2.4071969678E+006  3.0175188630E+041
  2.5119676310E+006  2.9870801738E+041
  2.6209957046E+006  2.9424949315E+041
  2.7350695116E+006  2.8892335638E+041
  2.8430833888E+006  2.8360483756E+041
  2.9383776287E+006  2.7885625323E+041
  3.0467644401E+006  2.7394781220E+041
  3.1655570283E+006  2.6702380091E+041
  3.2713870510E+006  2.6142330398E+041
  3.3723791907E+006  2.5474323639E+041
  3.4782022078E+006  2.5000577027E+041
  3.5938943105E+006  2.4220966108E+041
  3.6969621706E+006  2.3502194499E+041
  3.7953184163E+006  2.2768906901E+041
  3.9065994806E+006  2.1959457186E+041
  4.0060642710E+006  2.1188750621E+041
  4.1158547890E+006  2.0254575685E+041
  4.2370429779E+006  1.9189069075E+041
  4.3361211222E+006  1.8213782959E+041
  4.4428174470E+006  1.7217281751E+041
  4.5577177189E+006  1.6037598492E+041
  4.6814527445E+006  1.4768345104E+041
  4.7691843130E+006  1.3731941656E+041
  4.8613572922E+006  1.2700838076E+041
  4.9581965284E+006  1.1521357258E+041
  5.0000000000E+006  1.1521357258E+041
