   0.000000000E+00   0.171849944E+05  -0.480624731E+01  -0.537145843E+01  -0.518131768E+01  -0.487624731E+01  -0.461871212E+01  -0.435364175E+01  -0.617392325E+01  -0.513131768E+01  -0.503378250E+01  -0.501624731E+01  -0.497871212E+01
   0.220699886E+02   0.171853773E+05  -0.480629198E+01  -0.537152261E+01  -0.518136886E+01  -0.487629198E+01  -0.461875354E+01  -0.435367667E+01  -0.617398417E+01  -0.513136886E+01  -0.503383042E+01  -0.501629198E+01  -0.497875354E+01
   0.100447812E+05   0.387364412E+05  -0.138984937E+02  -0.149264843E+02  -0.145024890E+02  -0.140084937E+02  -0.136484937E+02  -0.133144984E+02  -0.157064843E+02  -0.144824890E+02  -0.142184937E+02  -0.141084937E+02  -0.139844984E+02
   0.200885245E+05   0.263585314E+05  -0.143746497E+02  -0.152401277E+02  -0.148923887E+02  -0.144735192E+02  -0.141446497E+02  -0.138357802E+02  -0.160301277E+02  -0.148623887E+02  -0.146635192E+02  -0.145846497E+02  -0.144857802E+02
   0.301148589E+05   0.210091294E+05  -0.145484763E+02  -0.152700476E+02  -0.150011048E+02  -0.146347906E+02  -0.143384763E+02  -0.140521621E+02  -0.160700476E+02  -0.149674191E+02  -0.148047906E+02  -0.147584763E+02  -0.146921621E+02
   0.401940733E+05   0.174620472E+05  -0.146417707E+02  -0.152210956E+02  -0.150215457E+02  -0.147117707E+02  -0.144518833E+02  -0.141821083E+02  -0.160212081E+02  -0.149715457E+02  -0.148716582E+02  -0.148517707E+02  -0.148118833E+02
   0.503403297E+05   0.153450516E+05  -0.146532854E+02  -0.151125868E+02  -0.149872717E+02  -0.147232854E+02  -0.144819566E+02  -0.142406279E+02  -0.159225868E+02  -0.149286005E+02  -0.148646142E+02  -0.148719566E+02  -0.148506279E+02
   0.605309500E+05   0.139693005E+05  -0.146439118E+02  -0.149945608E+02  -0.149253114E+02  -0.147039118E+02  -0.144860619E+02  -0.142503621E+02  -0.158067109E+02  -0.148553114E+02  -0.148296116E+02  -0.148539118E+02  -0.148582120E+02
   0.707511641E+05   0.129840021E+05  -0.146157044E+02  -0.148719241E+02  -0.148551354E+02  -0.146730621E+02  -0.144709889E+02  -0.142536311E+02  -0.156945664E+02  -0.147824931E+02  -0.147804199E+02  -0.148283466E+02  -0.148509889E+02
   0.808115726E+05   0.122158837E+05  -0.145840196E+02  -0.147604661E+02  -0.147872428E+02  -0.146326643E+02  -0.144553750E+02  -0.142467303E+02  -0.155904661E+02  -0.147058875E+02  -0.147313089E+02  -0.148026643E+02  -0.148353750E+02
   0.914602886E+05   0.115419089E+05  -0.145490380E+02  -0.146443707E+02  -0.147117043E+02  -0.145895713E+02  -0.144285048E+02  -0.142279715E+02  -0.154743707E+02  -0.146222376E+02  -0.146801045E+02  -0.147595713E+02  -0.148085048E+02
   0.101774063E+06   0.109434847E+05  -0.145108488E+02  -0.145221900E+02  -0.146279440E+02  -0.145436980E+02  -0.143979995E+02  -0.142123011E+02  -0.153521900E+02  -0.145379440E+02  -0.146265472E+02  -0.147208488E+02  -0.147851503E+02
   0.112339122E+06   0.103432001E+05  -0.144614365E+02  -0.143836739E+02  -0.145404319E+02  -0.144914365E+02  -0.143619388E+02  -0.141924411E+02  -0.152189251E+02  -0.144451808E+02  -0.145609342E+02  -0.146766876E+02  -0.147571899E+02
   0.122879400E+06   0.979393916E+04  -0.144204776E+02  -0.142507330E+02  -0.144621340E+02  -0.144474204E+02  -0.143365922E+02  -0.141827068E+02  -0.150907330E+02  -0.143590767E+02  -0.145013058E+02  -0.146404776E+02  -0.147396495E+02
   0.132995055E+06   0.929880786E+04  -0.143800122E+02  -0.141135224E+02  -0.143769836E+02  -0.143995795E+02  -0.143108775E+02  -0.141717428E+02  -0.149543877E+02  -0.142665510E+02  -0.144387142E+02  -0.146000122E+02  -0.147208775E+02
   0.143185562E+06   0.887682788E+04  -0.143485896E+02  -0.139813886E+02  -0.142985624E+02  -0.143614428E+02  -0.142928830E+02  -0.141671765E+02  -0.148356820E+02  -0.141814157E+02  -0.143871494E+02  -0.145685896E+02  -0.147028830E+02
   0.153300065E+06   0.851764638E+04  -0.143231884E+02  -0.138671665E+02  -0.142317115E+02  -0.143301203E+02  -0.142793246E+02  -0.141654609E+02  -0.147271665E+02  -0.141086434E+02  -0.143439840E+02  -0.145431884E+02  -0.146923928E+02
   0.163173731E+06   0.816839995E+04  -0.142841724E+02  -0.137387834E+02  -0.141509909E+02  -0.142851465E+02  -0.142522243E+02  -0.141502761E+02  -0.145987834E+02  -0.140219650E+02  -0.142870946E+02  -0.145041724E+02  -0.146712502E+02
   0.173859049E+06   0.784965441E+04  -0.142475718E+02  -0.136062114E+02  -0.140644986E+02  -0.142427859E+02  -0.142271436E+02  -0.141367154E+02  -0.144709973E+02  -0.139344986E+02  -0.142284282E+02  -0.144675718E+02  -0.146519295E+02
   0.184249887E+06   0.757351320E+04  -0.142114199E+02  -0.134841915E+02  -0.139828872E+02  -0.142015829E+02  -0.142010938E+02  -0.141207678E+02  -0.143540285E+02  -0.138528872E+02  -0.141720721E+02  -0.144314199E+02  -0.146309308E+02
   0.194006295E+06   0.733586400E+04  -0.141689263E+02  -0.133581643E+02  -0.139030321E+02  -0.141544396E+02  -0.141678999E+02  -0.141058470E+02  -0.142326511E+02  -0.137640585E+02  -0.141154660E+02  -0.143889263E+02  -0.146068735E+02
   0.204447671E+06   0.710711084E+04  -0.141245850E+02  -0.132330548E+02  -0.138227938E+02  -0.141056111E+02  -0.141325327E+02  -0.140884283E+02  -0.141120287E+02  -0.136748460E+02  -0.140576633E+02  -0.143445850E+02  -0.145804805E+02
   0.213996412E+06   0.691099154E+04  -0.140821134E+02  -0.131116262E+02  -0.137448941E+02  -0.140560647E+02  -0.141011865E+02  -0.140672352E+02  -0.139946505E+02  -0.135918698E+02  -0.139969916E+02  -0.143021134E+02  -0.145511865E+02
   0.224151490E+06   0.671971213E+04  -0.140376604E+02  -0.129867191E+02  -0.136642368E+02  -0.140035662E+02  -0.140688016E+02  -0.140428957E+02  -0.138737662E+02  -0.135071897E+02  -0.139324251E+02  -0.142576604E+02  -0.145188016E+02
   0.234969772E+06   0.653650803E+04  -0.139916074E+02  -0.128613406E+02  -0.135819566E+02  -0.139506424E+02  -0.140345027E+02  -0.140173980E+02  -0.137523057E+02  -0.134200264E+02  -0.138677471E+02  -0.142125725E+02  -0.144854678E+02
   0.244537197E+06   0.638941105E+04  -0.139481611E+02  -0.127482272E+02  -0.135053354E+02  -0.139038785E+02  -0.140010088E+02  -0.139938565E+02  -0.136425098E+02  -0.133367703E+02  -0.138110308E+02  -0.141724437E+02  -0.144552914E+02
   0.254649663E+06   0.624695386E+04  -0.139072366E+02  -0.126398331E+02  -0.134322825E+02  -0.138597412E+02  -0.139697228E+02  -0.139722090E+02  -0.135373285E+02  -0.132572917E+02  -0.137572549E+02  -0.141347320E+02  -0.144272182E+02
   0.265411026E+06   0.610735586E+04  -0.138644458E+02  -0.125292591E+02  -0.133575428E+02  -0.138130652E+02  -0.139372071E+02  -0.139492780E+02  -0.134299494E+02  -0.131768525E+02  -0.137016846E+02  -0.140944458E+02  -0.143978974E+02
   0.274559515E+06   0.600420964E+04  -0.138302695E+02  -0.124402045E+02  -0.132984218E+02  -0.137739000E+02  -0.139130086E+02  -0.139325629E+02  -0.133433893E+02  -0.131152370E+02  -0.136575304E+02  -0.140602695E+02  -0.143761934E+02
   0.284155079E+06   0.590955558E+04  -0.137991698E+02  -0.123587447E+02  -0.132444311E+02  -0.137382221E+02  -0.138910653E+02  -0.139174869E+02  -0.132642186E+02  -0.130589573E+02  -0.136172743E+02  -0.140291698E+02  -0.143565392E+02
   0.294226860E+06   0.581239953E+04  -0.137699012E+02  -0.122777849E+02  -0.131916665E+02  -0.137042543E+02  -0.138711951E+02  -0.139046655E+02  -0.131856084E+02  -0.130038431E+02  -0.135786073E+02  -0.139999012E+02  -0.143390186E+02
   0.304805824E+06   0.572128345E+04  -0.137407518E+02  -0.122000570E+02  -0.131404334E+02  -0.136707228E+02  -0.138508676E+02  -0.138909834E+02  -0.131100860E+02  -0.129503755E+02  -0.135406070E+02  -0.139707807E+02  -0.143209255E+02
   0.315924956E+06   0.563206993E+04  -0.137111490E+02  -0.121149415E+02  -0.130853872E+02  -0.136388070E+02  -0.138305169E+02  -0.138798848E+02  -0.130272835E+02  -0.128907033E+02  -0.134994391E+02  -0.139434910E+02  -0.143052008E+02
   0.324639880E+06   0.557048959E+04  -0.136917789E+02  -0.120572533E+02  -0.130484547E+02  -0.136178403E+02  -0.138175331E+02  -0.138732874E+02  -0.129711919E+02  -0.128505776E+02  -0.134720861E+02  -0.139257174E+02  -0.142954103E+02
   0.333694151E+06   0.550605781E+04  -0.136726477E+02  -0.119980298E+02  -0.130109479E+02  -0.135970387E+02  -0.138050841E+02  -0.138675204E+02  -0.129136389E+02  -0.128097297E+02  -0.134446023E+02  -0.139082568E+02  -0.142863022E+02
   0.343104347E+06   0.544859774E+04  -0.136556117E+02  -0.119452395E+02  -0.129775244E+02  -0.135785128E+02  -0.137940070E+02  -0.138624024E+02  -0.128623383E+02  -0.127733267E+02  -0.134201175E+02  -0.138927105E+02  -0.142782047E+02
   0.352921611E+06   0.538133861E+04  -0.136357554E+02  -0.118835316E+02  -0.129384861E+02  -0.135569127E+02  -0.137811260E+02  -0.138564967E+02  -0.128023742E+02  -0.127308008E+02  -0.133915421E+02  -0.138745980E+02  -0.142688113E+02
   0.363203359E+06   0.531626061E+04  -0.136145559E+02  -0.118192136E+02  -0.128977371E+02  -0.135334194E+02  -0.137662606E+02  -0.138485335E+02  -0.127397818E+02  -0.126866006E+02  -0.133611465E+02  -0.138545559E+02  -0.142573971E+02
   0.373904813E+06   0.525606562E+04  -0.135967992E+02  -0.117562730E+02  -0.128598987E+02  -0.135123158E+02  -0.137535243E+02  -0.138424912E+02  -0.126785147E+02  -0.126454152E+02  -0.133333489E+02  -0.138367992E+02  -0.142480078E+02
   0.385047354E+06   0.519753271E+04  -0.135799759E+02  -0.116955133E+02  -0.128235481E+02  -0.134922379E+02  -0.137415828E+02  -0.138370587E+02  -0.126193823E+02  -0.126058101E+02  -0.133067620E+02  -0.138199759E+02  -0.142393208E+02
   0.396653642E+06   0.513775141E+04  -0.135638750E+02  -0.116345391E+02  -0.127875035E+02  -0.134728131E+02  -0.137304679E+02  -0.138325917E+02  -0.125600701E+02  -0.125664416E+02  -0.132806892E+02  -0.138038750E+02  -0.142315298E+02
   0.408747690E+06   0.508169456E+04  -0.135488308E+02  -0.115774172E+02  -0.127537581E+02  -0.134546520E+02  -0.137200990E+02  -0.138284566E+02  -0.125045066E+02  -0.125295793E+02  -0.132562945E+02  -0.137888308E+02  -0.142242778E+02
   0.417093871E+06   0.504232968E+04  -0.135398370E+02  -0.115388751E+02  -0.127316317E+02  -0.134434695E+02  -0.137143883E+02  -0.138271234E+02  -0.124670589E+02  -0.125052642E+02  -0.132407344E+02  -0.137798370E+02  -0.142207559E+02
   0.425676026E+06   0.500625480E+04  -0.135313902E+02  -0.115033496E+02  -0.127111500E+02  -0.134330169E+02  -0.137089503E+02  -0.138256970E+02  -0.124325363E+02  -0.124827766E+02  -0.132262701E+02  -0.137713902E+02  -0.142173237E+02
   0.434502382E+06   0.500000000E+04  -0.135251014E+02  -0.114923658E+02  -0.127027745E+02  -0.134263803E+02  -0.137031832E+02  -0.138206255E+02  -0.124217264E+02  -0.124740534E+02  -0.132189380E+02  -0.137651014E+02  -0.142119043E+02
   0.443628663E+06   0.500000000E+04  -0.135119501E+02  -0.114792144E+02  -0.126896231E+02  -0.134132289E+02  -0.136900318E+02  -0.138074741E+02  -0.124085750E+02  -0.124609020E+02  -0.132057866E+02  -0.137519501E+02  -0.141987529E+02
   0.443628663E+06   0.500000000E+04  -0.135162138E+02  -0.114834782E+02  -0.126938869E+02  -0.134174927E+02  -0.136942955E+02  -0.138117379E+02  -0.124128388E+02  -0.124651657E+02  -0.132100503E+02  -0.137562138E+02  -0.142030167E+02
   0.453357106E+06   0.500000000E+04  -0.135045488E+02  -0.114718132E+02  -0.126822218E+02  -0.134058276E+02  -0.136826305E+02  -0.138000728E+02  -0.124011737E+02  -0.124535007E+02  -0.131983853E+02  -0.137445488E+02  -0.141913517E+02
   0.464095486E+06   0.500000000E+04  -0.134974260E+02  -0.114646904E+02  -0.126750990E+02  -0.133987048E+02  -0.136755077E+02  -0.137929500E+02  -0.123940509E+02  -0.124463779E+02  -0.131912625E+02  -0.137374260E+02  -0.141842289E+02
   0.475948649E+06   0.500000000E+04  -0.134923281E+02  -0.114595925E+02  -0.126700012E+02  -0.133936069E+02  -0.136704098E+02  -0.137878521E+02  -0.123889531E+02  -0.124412800E+02  -0.131861646E+02  -0.137323281E+02  -0.141791310E+02
   0.485639275E+06   0.500000000E+04  -0.134895487E+02  -0.114568131E+02  -0.126672218E+02  -0.133908275E+02  -0.136676304E+02  -0.137850727E+02  -0.123861737E+02  -0.124385006E+02  -0.131833852E+02  -0.137295487E+02  -0.141763516E+02
   0.496075020E+06   0.500000000E+04  -0.134893904E+02  -0.114566548E+02  -0.126670634E+02  -0.133906692E+02  -0.136674721E+02  -0.137849144E+02  -0.123860153E+02  -0.124383423E+02  -0.131832269E+02  -0.137293904E+02  -0.141761933E+02
   0.507313175E+06   0.500000000E+04  -0.134898235E+02  -0.114570879E+02  -0.126674966E+02  -0.133911024E+02  -0.136679052E+02  -0.137853476E+02  -0.123864485E+02  -0.124387754E+02  -0.131836600E+02  -0.137298235E+02  -0.141766264E+02
   0.519415438E+06   0.500000000E+04  -0.134914287E+02  -0.114586931E+02  -0.126691018E+02  -0.133927076E+02  -0.136695104E+02  -0.137869528E+02  -0.123880537E+02  -0.124403806E+02  -0.131852652E+02  -0.137314287E+02  -0.141782316E+02
   0.527996280E+06   0.500000000E+04  -0.134800916E+02  -0.114473560E+02  -0.126577647E+02  -0.133813705E+02  -0.136581734E+02  -0.137756157E+02  -0.123767166E+02  -0.124290435E+02  -0.131739282E+02  -0.137200916E+02  -0.141668945E+02
   0.537068567E+06   0.500000000E+04  -0.134813143E+02  -0.114485787E+02  -0.126589873E+02  -0.133825931E+02  -0.136593960E+02  -0.137768383E+02  -0.123779392E+02  -0.124302662E+02  -0.131751508E+02  -0.137213143E+02  -0.141681172E+02
   0.547022745E+06   0.500000000E+04  -0.134811431E+02  -0.114484075E+02  -0.126588162E+02  -0.133824220E+02  -0.136592249E+02  -0.137766672E+02  -0.123777681E+02  -0.124300950E+02  -0.131749797E+02  -0.137211431E+02  -0.141679460E+02
   0.558010296E+06   0.500000000E+04  -0.134840036E+02  -0.114512680E+02  -0.126616766E+02  -0.133852824E+02  -0.136620853E+02  -0.137795276E+02  -0.123806285E+02  -0.124329555E+02  -0.131778401E+02  -0.137240036E+02  -0.141708065E+02
   0.566993236E+06   0.500000000E+04  -0.134872183E+02  -0.114544827E+02  -0.126648913E+02  -0.133884971E+02  -0.136653000E+02  -0.137827423E+02  -0.123838432E+02  -0.124361702E+02  -0.131810548E+02  -0.137272183E+02  -0.141740212E+02
   0.576666879E+06   0.500000000E+04  -0.134914703E+02  -0.114587347E+02  -0.126691434E+02  -0.133927492E+02  -0.136695521E+02  -0.137869944E+02  -0.123880953E+02  -0.124404222E+02  -0.131853068E+02  -0.137314703E+02  -0.141782732E+02
   0.587084334E+06   0.500000000E+04  -0.134984090E+02  -0.114656734E+02  -0.126760821E+02  -0.133996879E+02  -0.136764908E+02  -0.137939331E+02  -0.123950340E+02  -0.124473610E+02  -0.131922456E+02  -0.137384090E+02  -0.141852119E+02
   0.598302795E+06   0.500000000E+04  -0.135071744E+02  -0.114744388E+02  -0.126848475E+02  -0.134084533E+02  -0.136852561E+02  -0.138026985E+02  -0.124037994E+02  -0.124561263E+02  -0.132010109E+02  -0.137471744E+02  -0.141939773E+02
   0.610383849E+06   0.500000000E+04  -0.135174505E+02  -0.114847149E+02  -0.126951235E+02  -0.134187293E+02  -0.136955322E+02  -0.138129745E+02  -0.124140754E+02  -0.124664024E+02  -0.132112870E+02  -0.137574505E+02  -0.142042534E+02
   0.618949653E+06   0.500000000E+04  -0.135099597E+02  -0.114772241E+02  -0.126876328E+02  -0.134112386E+02  -0.136880414E+02  -0.138054838E+02  -0.124065847E+02  -0.124589116E+02  -0.132037962E+02  -0.137499597E+02  -0.141967626E+02
   0.627949100E+06   0.500000000E+04  -0.135172083E+02  -0.114844727E+02  -0.126948814E+02  -0.134184872E+02  -0.136952901E+02  -0.138127324E+02  -0.124138333E+02  -0.124661602E+02  -0.132110449E+02  -0.137572083E+02  -0.142040112E+02
   0.637404144E+06   0.500000000E+04  -0.135254586E+02  -0.114927230E+02  -0.127031317E+02  -0.134267375E+02  -0.137035404E+02  -0.138209827E+02  -0.124220836E+02  -0.124744105E+02  -0.132192951E+02  -0.137654586E+02  -0.142122615E+02
   0.647337849E+06   0.500000000E+04  -0.135348939E+02  -0.115021583E+02  -0.127125670E+02  -0.134361728E+02  -0.137129757E+02  -0.138304180E+02  -0.124315189E+02  -0.124838458E+02  -0.132287304E+02  -0.137748939E+02  -0.142216968E+02
   0.657774449E+06   0.500000000E+04  -0.135466643E+02  -0.115139287E+02  -0.127243374E+02  -0.134479431E+02  -0.137247460E+02  -0.138421884E+02  -0.124432893E+02  -0.124956162E+02  -0.132405008E+02  -0.137866643E+02  -0.142334672E+02
   0.668739401E+06   0.500000000E+04  -0.135602559E+02  -0.115275202E+02  -0.127379289E+02  -0.134615347E+02  -0.137383376E+02  -0.138557799E+02  -0.124568808E+02  -0.125092078E+02  -0.132540924E+02  -0.138002559E+02  -0.142470587E+02
   0.680259454E+06   0.500000000E+04  -0.135755217E+02  -0.115427860E+02  -0.127531947E+02  -0.134768005E+02  -0.137536034E+02  -0.138710457E+02  -0.124721466E+02  -0.125244736E+02  -0.132693582E+02  -0.138155217E+02  -0.142623245E+02
   0.692362710E+06   0.500000000E+04  -0.135926907E+02  -0.115599550E+02  -0.127703637E+02  -0.134939695E+02  -0.137707724E+02  -0.138882147E+02  -0.124893156E+02  -0.125416426E+02  -0.132865272E+02  -0.138326907E+02  -0.142794935E+02
   0.705078693E+06   0.500000000E+04  -0.135924232E+02  -0.115596876E+02  -0.127700963E+02  -0.134937021E+02  -0.137705050E+02  -0.138879473E+02  -0.124890482E+02  -0.125413751E+02  -0.132862598E+02  -0.138324232E+02  -0.142792261E+02
   0.718438422E+06   0.500000000E+04  -0.136128223E+02  -0.115800867E+02  -0.127904954E+02  -0.135141012E+02  -0.137909041E+02  -0.139083464E+02  -0.125094473E+02  -0.125617742E+02  -0.133066589E+02  -0.138528223E+02  -0.142996252E+02
   0.725369813E+06   0.500000000E+04  -0.136239773E+02  -0.115912417E+02  -0.128016504E+02  -0.135252562E+02  -0.138020591E+02  -0.139195014E+02  -0.125206023E+02  -0.125729292E+02  -0.133178139E+02  -0.138639773E+02  -0.143107802E+02
   0.732474488E+06   0.500000000E+04  -0.136357396E+02  -0.116030040E+02  -0.128134127E+02  -0.135370185E+02  -0.138138214E+02  -0.139312637E+02  -0.125323646E+02  -0.125846915E+02  -0.133295762E+02  -0.138757396E+02  -0.143225425E+02
   0.739756781E+06   0.500000000E+04  -0.136484303E+02  -0.116156947E+02  -0.128261034E+02  -0.135497092E+02  -0.138265121E+02  -0.139439544E+02  -0.125450553E+02  -0.125973823E+02  -0.133422669E+02  -0.138884303E+02  -0.143352332E+02
   0.747221130E+06   0.500000000E+04  -0.136619791E+02  -0.116292434E+02  -0.128396521E+02  -0.135632579E+02  -0.138400608E+02  -0.139575031E+02  -0.125586040E+02  -0.126109310E+02  -0.133558156E+02  -0.139019791E+02  -0.143487820E+02
   0.754872089E+06   0.500000000E+04  -0.136761821E+02  -0.116434465E+02  -0.128538552E+02  -0.135774610E+02  -0.138542639E+02  -0.139717062E+02  -0.125728071E+02  -0.126251341E+02  -0.133700187E+02  -0.139161821E+02  -0.143629850E+02
   0.762714321E+06   0.500000000E+04  -0.136911634E+02  -0.116584278E+02  -0.128688365E+02  -0.135924423E+02  -0.138692452E+02  -0.139866875E+02  -0.125877884E+02  -0.126401153E+02  -0.133850000E+02  -0.139311634E+02  -0.143779663E+02
   0.770752609E+06   0.500000000E+04  -0.137068975E+02  -0.116741619E+02  -0.128845705E+02  -0.136081763E+02  -0.138849792E+02  -0.140024215E+02  -0.126035224E+02  -0.126558494E+02  -0.134007340E+02  -0.139468975E+02  -0.143937004E+02
   0.778991854E+06   0.500000000E+04  -0.137234192E+02  -0.116906836E+02  -0.129010923E+02  -0.136246981E+02  -0.139015009E+02  -0.140189433E+02  -0.126200442E+02  -0.126723711E+02  -0.134172557E+02  -0.139634192E+02  -0.144102221E+02
   0.787437081E+06   0.500000000E+04  -0.137407260E+02  -0.117079904E+02  -0.129183990E+02  -0.136420048E+02  -0.139188077E+02  -0.140362500E+02  -0.126373509E+02  -0.126896779E+02  -0.134345625E+02  -0.139807260E+02  -0.144275289E+02
   0.796093438E+06   0.500000000E+04  -0.137341534E+02  -0.117014178E+02  -0.129118264E+02  -0.136354322E+02  -0.139122351E+02  -0.140296774E+02  -0.126307783E+02  -0.126831053E+02  -0.134279899E+02  -0.139741534E+02  -0.144209563E+02
   0.796093438E+06   0.500000000E+04  -0.137260793E+02  -0.116933437E+02  -0.129037524E+02  -0.136273582E+02  -0.139041611E+02  -0.140216034E+02  -0.126227043E+02  -0.126750312E+02  -0.134199159E+02  -0.139660793E+02  -0.144128822E+02
   0.805077113E+06   0.500000000E+04  -0.137451160E+02  -0.117123804E+02  -0.129227891E+02  -0.136463949E+02  -0.139231978E+02  -0.140406401E+02  -0.126417410E+02  -0.126940679E+02  -0.134389526E+02  -0.139851160E+02  -0.144319189E+02
   0.814575306E+06   0.500000000E+04  -0.137597483E+02  -0.117270127E+02  -0.129374214E+02  -0.136610272E+02  -0.139378301E+02  -0.140552724E+02  -0.126563733E+02  -0.127087002E+02  -0.134535849E+02  -0.139997483E+02  -0.144465512E+02
   0.824996792E+06   0.500000000E+04  -0.137810741E+02  -0.117483385E+02  -0.129587471E+02  -0.136823529E+02  -0.139591558E+02  -0.140765981E+02  -0.126776990E+02  -0.127300260E+02  -0.134749106E+02  -0.140210741E+02  -0.144678770E+02
   0.836500162E+06   0.500000000E+04  -0.138048037E+02  -0.117720681E+02  -0.129824768E+02  -0.137060825E+02  -0.139828854E+02  -0.141003277E+02  -0.127014287E+02  -0.127537556E+02  -0.134986402E+02  -0.140448037E+02  -0.144916066E+02
   0.845904813E+06   0.500000000E+04  -0.138244144E+02  -0.117916788E+02  -0.130020874E+02  -0.137256932E+02  -0.140024961E+02  -0.141199384E+02  -0.127210393E+02  -0.127733663E+02  -0.135182509E+02  -0.140644144E+02  -0.145112173E+02
   0.856032593E+06   0.500000000E+04  -0.138458834E+02  -0.118131478E+02  -0.130235565E+02  -0.137471622E+02  -0.140239651E+02  -0.141414075E+02  -0.127425084E+02  -0.127948353E+02  -0.135397199E+02  -0.140858834E+02  -0.145326863E+02
   0.866939104E+06   0.500000000E+04  -0.138691962E+02  -0.118364605E+02  -0.130468692E+02  -0.137704750E+02  -0.140472779E+02  -0.141647202E+02  -0.127658211E+02  -0.128181481E+02  -0.135630327E+02  -0.141091962E+02  -0.145559990E+02
   0.917858732E+06   0.500000000E+04  -0.139508745E+02  -0.119181389E+02  -0.131285475E+02  -0.138521533E+02  -0.141289562E+02  -0.142463985E+02  -0.128474994E+02  -0.128998264E+02  -0.136447110E+02  -0.141908745E+02  -0.146376774E+02
   0.971452078E+06   0.500000000E+04  -0.140448986E+02  -0.120121630E+02  -0.132225717E+02  -0.139461775E+02  -0.142229804E+02  -0.143404227E+02  -0.129415236E+02  -0.129938505E+02  -0.137387352E+02  -0.142848986E+02  -0.147317015E+02
   0.102269915E+07   0.500000000E+04  -0.141481544E+02  -0.121154188E+02  -0.133258275E+02  -0.140494333E+02  -0.143262362E+02  -0.144436785E+02  -0.130447794E+02  -0.130971063E+02  -0.138419910E+02  -0.143881544E+02  -0.148349573E+02
   0.107303652E+07   0.500000000E+04  -0.142182043E+02  -0.121854687E+02  -0.133958773E+02  -0.141194831E+02  -0.143962860E+02  -0.145137283E+02  -0.131148292E+02  -0.131671562E+02  -0.139120408E+02  -0.144582043E+02  -0.149050072E+02
   0.112396020E+07   0.500000000E+04  -0.143116458E+02  -0.122789102E+02  -0.134893188E+02  -0.142129246E+02  -0.144897275E+02  -0.146071698E+02  -0.132082707E+02  -0.132605977E+02  -0.140054823E+02  -0.145516458E+02  -0.149984487E+02
   0.117597720E+07   0.500000000E+04  -0.143797909E+02  -0.123470553E+02  -0.135574640E+02  -0.142810697E+02  -0.145578726E+02  -0.146753149E+02  -0.132764159E+02  -0.133287428E+02  -0.140736274E+02  -0.146197909E+02  -0.150665938E+02
   0.122622378E+07   0.500000000E+04  -0.144615968E+02  -0.124288612E+02  -0.136392699E+02  -0.143628757E+02  -0.146396786E+02  -0.147571209E+02  -0.133582218E+02  -0.134105487E+02  -0.141554334E+02  -0.147015968E+02  -0.151483997E+02
   0.127987669E+07   0.500000000E+04  -0.145311567E+02  -0.124984210E+02  -0.137088297E+02  -0.144324355E+02  -0.147092384E+02  -0.148266807E+02  -0.134277816E+02  -0.134801086E+02  -0.142249932E+02  -0.147711567E+02  -0.152179596E+02
   0.133601262E+07   0.500000000E+04  -0.145967696E+02  -0.125640340E+02  -0.137744427E+02  -0.144980485E+02  -0.147748514E+02  -0.148922937E+02  -0.134933946E+02  -0.135457216E+02  -0.142906062E+02  -0.148367696E+02  -0.152835725E+02
   0.138710156E+07   0.500000000E+04  -0.146609196E+02  -0.126281840E+02  -0.138385926E+02  -0.145621984E+02  -0.148390013E+02  -0.149564436E+02  -0.135575445E+02  -0.136098715E+02  -0.143547561E+02  -0.149009196E+02  -0.153477225E+02
   0.143886428E+07   0.500000000E+04  -0.147156304E+02  -0.126828948E+02  -0.138933035E+02  -0.146169093E+02  -0.148937122E+02  -0.150111545E+02  -0.136122554E+02  -0.136645823E+02  -0.144094670E+02  -0.149556304E+02  -0.154024333E+02
   0.149053268E+07   0.500000000E+04  -0.147750754E+02  -0.127423397E+02  -0.139527484E+02  -0.146763542E+02  -0.149531571E+02  -0.150705994E+02  -0.136717003E+02  -0.137240273E+02  -0.144689119E+02  -0.150150754E+02  -0.154618782E+02
   0.154491987E+07   0.500000000E+04  -0.148199325E+02  -0.127871969E+02  -0.139976056E+02  -0.147212114E+02  -0.149980143E+02  -0.151154566E+02  -0.137165575E+02  -0.137688844E+02  -0.145137691E+02  -0.150599325E+02  -0.155067354E+02
   0.159963552E+07   0.500000000E+04  -0.148695621E+02  -0.128368265E+02  -0.140472351E+02  -0.147708409E+02  -0.150476438E+02  -0.151650861E+02  -0.137661870E+02  -0.138185140E+02  -0.145633986E+02  -0.151095621E+02  -0.155563650E+02
   0.165184992E+07   0.500000000E+04  -0.149047752E+02  -0.128720396E+02  -0.140824483E+02  -0.148060541E+02  -0.150828570E+02  -0.152002993E+02  -0.138014002E+02  -0.138537271E+02  -0.145986117E+02  -0.151447752E+02  -0.155915781E+02
   0.169851998E+07   0.500000000E+04  -0.149300032E+02  -0.128972676E+02  -0.141076762E+02  -0.148312820E+02  -0.151080849E+02  -0.152255272E+02  -0.138266281E+02  -0.138789551E+02  -0.146238397E+02  -0.151700032E+02  -0.156168061E+02
   0.175003499E+07   0.500000000E+04  -0.149623952E+02  -0.129296596E+02  -0.141400683E+02  -0.148636741E+02  -0.151404769E+02  -0.152579193E+02  -0.138590202E+02  -0.139113471E+02  -0.146562317E+02  -0.152023952E+02  -0.156491981E+02
   0.185338657E+07   0.500000000E+04  -0.150092004E+02  -0.129764648E+02  -0.141868735E+02  -0.149104793E+02  -0.151872822E+02  -0.153047245E+02  -0.139058254E+02  -0.139581523E+02  -0.147030370E+02  -0.152492004E+02  -0.156960033E+02
   0.196104841E+07   0.500000000E+04  -0.150373602E+02  -0.130046245E+02  -0.142150332E+02  -0.149386390E+02  -0.152154419E+02  -0.153328842E+02  -0.139339851E+02  -0.139863121E+02  -0.147311967E+02  -0.152773602E+02  -0.157241630E+02
   0.207776777E+07   0.500000000E+04  -0.150581692E+02  -0.130254336E+02  -0.142358423E+02  -0.149594481E+02  -0.152362510E+02  -0.153536933E+02  -0.139547942E+02  -0.140071212E+02  -0.147520058E+02  -0.152981692E+02  -0.157449721E+02
   0.217842187E+07   0.500000000E+04  -0.150634292E+02  -0.130306936E+02  -0.142411023E+02  -0.149647081E+02  -0.152415110E+02  -0.153589533E+02  -0.139600542E+02  -0.140123811E+02  -0.147572657E+02  -0.153034292E+02  -0.157502321E+02
   0.217842187E+07   0.500000000E+04  -0.150636798E+02  -0.130309442E+02  -0.142413529E+02  -0.149649586E+02  -0.152417615E+02  -0.153592039E+02  -0.139603048E+02  -0.140126317E+02  -0.147575163E+02  -0.153036798E+02  -0.157504827E+02
   0.227736933E+07   0.500000000E+04  -0.150591645E+02  -0.130264289E+02  -0.142368375E+02  -0.149604433E+02  -0.152372462E+02  -0.153546885E+02  -0.139557894E+02  -0.140081164E+02  -0.147530010E+02  -0.152991645E+02  -0.157459674E+02
   0.239388413E+07   0.500000000E+04  -0.150478806E+02  -0.130151450E+02  -0.142255537E+02  -0.149491595E+02  -0.152259624E+02  -0.153434047E+02  -0.139445056E+02  -0.139968325E+02  -0.147417172E+02  -0.152878806E+02  -0.157346835E+02
   0.250344685E+07   0.500000000E+04  -0.150368728E+02  -0.130041372E+02  -0.142145459E+02  -0.149381517E+02  -0.152149546E+02  -0.153323969E+02  -0.139334978E+02  -0.139858247E+02  -0.147307094E+02  -0.152768728E+02  -0.157236757E+02
   0.260981570E+07   0.500000000E+04  -0.150205450E+02  -0.129878093E+02  -0.141982180E+02  -0.149218238E+02  -0.151986267E+02  -0.153160690E+02  -0.139171699E+02  -0.139694969E+02  -0.147143815E+02  -0.152605450E+02  -0.157073478E+02
   0.272110722E+07   0.500000000E+04  -0.150007123E+02  -0.129679767E+02  -0.141783853E+02  -0.149019911E+02  -0.151787940E+02  -0.152962363E+02  -0.138973372E+02  -0.139496642E+02  -0.146945488E+02  -0.152407123E+02  -0.156875152E+02
   0.282648662E+07   0.500000000E+04  -0.149805397E+02  -0.129478041E+02  -0.141582128E+02  -0.148818186E+02  -0.151586215E+02  -0.152760638E+02  -0.138771647E+02  -0.139294916E+02  -0.146743763E+02  -0.152205397E+02  -0.156673426E+02
   0.292775499E+07   0.500000000E+04  -0.149622066E+02  -0.129294710E+02  -0.141398797E+02  -0.148634855E+02  -0.151402883E+02  -0.152577307E+02  -0.138588316E+02  -0.139111585E+02  -0.146560431E+02  -0.152022066E+02  -0.156490095E+02
   0.303349822E+07   0.500000000E+04  -0.149429252E+02  -0.129101896E+02  -0.141205983E+02  -0.148442041E+02  -0.151210070E+02  -0.152384493E+02  -0.138395502E+02  -0.138918771E+02  -0.146367618E+02  -0.151829252E+02  -0.156297281E+02
   0.314939343E+07   0.500000000E+04  -0.149151306E+02  -0.128823950E+02  -0.140928036E+02  -0.148164094E+02  -0.150932123E+02  -0.152106546E+02  -0.138117555E+02  -0.138640825E+02  -0.146089671E+02  -0.151551306E+02  -0.156019335E+02
   0.325264223E+07   0.500000000E+04  -0.148921164E+02  -0.128593808E+02  -0.140697895E+02  -0.147933952E+02  -0.150701981E+02  -0.151876404E+02  -0.137887414E+02  -0.138410683E+02  -0.145859529E+02  -0.151321164E+02  -0.155789193E+02
   0.335117115E+07   0.500000000E+04  -0.148640123E+02  -0.128312767E+02  -0.140416854E+02  -0.147652911E+02  -0.150420940E+02  -0.151595363E+02  -0.137606373E+02  -0.138129642E+02  -0.145578488E+02  -0.151040123E+02  -0.155508152E+02
   0.346528224E+07   0.500000000E+04  -0.148436307E+02  -0.128108951E+02  -0.140213038E+02  -0.147449096E+02  -0.150217125E+02  -0.151391548E+02  -0.137402557E+02  -0.137925826E+02  -0.145374673E+02  -0.150836307E+02  -0.155304336E+02
   0.357815258E+07   0.500000000E+04  -0.148092343E+02  -0.127764987E+02  -0.139869074E+02  -0.147105131E+02  -0.149873160E+02  -0.151047583E+02  -0.137058593E+02  -0.137581862E+02  -0.145030708E+02  -0.150492343E+02  -0.154960372E+02
   0.367870659E+07   0.500000000E+04  -0.147765267E+02  -0.127437911E+02  -0.139541997E+02  -0.146778055E+02  -0.149546084E+02  -0.150720507E+02  -0.136731516E+02  -0.137254786E+02  -0.144703632E+02  -0.150165267E+02  -0.154633296E+02
   0.377466391E+07   0.500000000E+04  -0.147421111E+02  -0.127093755E+02  -0.139197842E+02  -0.146433899E+02  -0.149201928E+02  -0.150376351E+02  -0.136387361E+02  -0.136910630E+02  -0.144359476E+02  -0.149821111E+02  -0.154289140E+02
   0.388323080E+07   0.500000000E+04  -0.147028096E+02  -0.126700740E+02  -0.138804827E+02  -0.146040885E+02  -0.148808914E+02  -0.149983337E+02  -0.135994346E+02  -0.136517615E+02  -0.143966462E+02  -0.149428096E+02  -0.153896125E+02
   0.398026962E+07   0.500000000E+04  -0.146640190E+02  -0.126312834E+02  -0.138416921E+02  -0.145652979E+02  -0.148421008E+02  -0.149595431E+02  -0.135606440E+02  -0.136129709E+02  -0.143578555E+02  -0.149040190E+02  -0.153508219E+02
   0.408738232E+07   0.500000000E+04  -0.146150635E+02  -0.125823279E+02  -0.137927366E+02  -0.145163424E+02  -0.147931453E+02  -0.149105876E+02  -0.135116885E+02  -0.135640154E+02  -0.143089000E+02  -0.148550635E+02  -0.153018664E+02
   0.420561470E+07   0.500000000E+04  -0.145563904E+02  -0.125236548E+02  -0.137340635E+02  -0.144576693E+02  -0.147344721E+02  -0.148519145E+02  -0.134530154E+02  -0.135053423E+02  -0.142502269E+02  -0.147963904E+02  -0.152431933E+02
   0.430227630E+07   0.500000000E+04  -0.144997560E+02  -0.124670204E+02  -0.136774291E+02  -0.144010349E+02  -0.146778378E+02  -0.147952801E+02  -0.133963810E+02  -0.134487079E+02  -0.141935926E+02  -0.147397560E+02  -0.151865589E+02
   0.440637028E+07   0.500000000E+04  -0.144386671E+02  -0.124059315E+02  -0.136163402E+02  -0.143399460E+02  -0.146167488E+02  -0.147341912E+02  -0.133352921E+02  -0.133876190E+02  -0.141325036E+02  -0.146786671E+02  -0.151254700E+02
   0.451846810E+07   0.500000000E+04  -0.143616040E+02  -0.123288684E+02  -0.135392770E+02  -0.142628828E+02  -0.145396857E+02  -0.146571280E+02  -0.132582290E+02  -0.133105559E+02  -0.140554405E+02  -0.146016040E+02  -0.150484069E+02
   0.463918520E+07   0.500000000E+04  -0.142720852E+02  -0.122393496E+02  -0.134497583E+02  -0.141733641E+02  -0.144501670E+02  -0.145676093E+02  -0.131687102E+02  -0.132210371E+02  -0.139659218E+02  -0.145120852E+02  -0.149588881E+02
   0.472477698E+07   0.500000000E+04  -0.141930855E+02  -0.121603499E+02  -0.133707586E+02  -0.140943644E+02  -0.143711673E+02  -0.144886096E+02  -0.130897105E+02  -0.131420374E+02  -0.138869220E+02  -0.144330855E+02  -0.148798884E+02
   0.481470183E+07   0.500000000E+04  -0.141083366E+02  -0.120756010E+02  -0.132860097E+02  -0.140096154E+02  -0.142864183E+02  -0.144038606E+02  -0.130049616E+02  -0.130572885E+02  -0.138021731E+02  -0.143483366E+02  -0.147951395E+02
   0.490917914E+07   0.500000000E+04  -0.140025148E+02  -0.119697791E+02  -0.131801878E+02  -0.139037936E+02  -0.141805965E+02  -0.142980388E+02  -0.128991397E+02  -0.129514667E+02  -0.136963513E+02  -0.142425148E+02  -0.146893176E+02
