 0007   0.101598E+00   0.296137E+09   0.291478E+10   0.130046E+10   0.911565E+14
 0008   0.136639E+00   0.359986E+09   0.182216E+10   0.125551E+10   0.682832E+14
 0009   0.174909E+00   0.429731E+09   0.182242E+10   0.121417E+10   0.524898E+14
 0010   0.218437E+00   0.505397E+09   0.173833E+10   0.116750E+10   0.412389E+14
 0011   0.266145E+00   0.584204E+09   0.165188E+10   0.112761E+10   0.329506E+14
 0012   0.316363E+00   0.665170E+09   0.161230E+10   0.109462E+10   0.266579E+14
 0013   0.366884E+00   0.746995E+09   0.161962E+10   0.107286E+10   0.217627E+14
 0014   0.425473E+00   0.834595E+09   0.149516E+10   0.104398E+10   0.178731E+14
 0015   0.493418E+00   0.927568E+09   0.136835E+10   0.101354E+10   0.147314E+14
 0016   0.556557E+00   0.101826E+10   0.143647E+10   0.100039E+10   0.121600E+14
 0017   0.637087E+00   0.111930E+10   0.125461E+10   0.973519E+09   0.100295E+14
 0018   0.721446E+00   0.122334E+10   0.123333E+10   0.952470E+09   0.824753E+13
 0019   0.794658E+00   0.132345E+10   0.136732E+10   0.950225E+09   0.674570E+13
 0020   0.886651E+00   0.143608E+10   0.122441E+10   0.936272E+09   0.547162E+13
 0021   0.984803E+00   0.155489E+10   0.121045E+10   0.923869E+09   0.438523E+13
 0022   0.109059E+01   0.168062E+10   0.118854E+10   0.914422E+09   0.345583E+13
 0023   0.120452E+01   0.181447E+10   0.117481E+10   0.908068E+09   0.265890E+13
 0024   0.132664E+01   0.195772E+10   0.117309E+10   0.907824E+09   0.197477E+13
 0025   0.148028E+01   0.212431E+10   0.108429E+10   0.896124E+09   0.138730E+13
 0026   0.162145E+01   0.229320E+10   0.119633E+10   0.906732E+09   0.102973E+13
 0027   0.179969E+01   0.249466E+10   0.113027E+10   0.920400E+09   0.844548E+12
 0028   0.199632E+01   0.273218E+10   0.120793E+10   0.953647E+09   0.680975E+12
 0029   0.225413E+01   0.304937E+10   0.123034E+10   0.101509E+10   0.540519E+12
 0030   0.263501E+01   0.354034E+10   0.128907E+10   0.102785E+10   0.425470E+12
 0031   0.305834E+01   0.414187E+10   0.142093E+10   0.106288E+10   0.335938E+12
 0032   0.376495E+01   0.502469E+10   0.124937E+10   0.100131E+10   0.269466E+12
 0033   0.442625E+01   0.586201E+10   0.126617E+10   0.969374E+09   0.220027E+12
 0034   0.521712E+01   0.674518E+10   0.111670E+10   0.937308E+09   0.182033E+12
 0035   0.603227E+01   0.763292E+10   0.108905E+10   0.914730E+09   0.152082E+12
 0036   0.693820E+01   0.856277E+10   0.102641E+10   0.892123E+09   0.127968E+12
 0037   0.791087E+01   0.953150E+10   0.995948E+09   0.871410E+09   0.108212E+12
 0038   0.884332E+01   0.104892E+11   0.102713E+10   0.861459E+09   0.917860E+11
 0039   0.997242E+01   0.115428E+11   0.933056E+09   0.842045E+09   0.779742E+11
 0040   0.110303E+02   0.125768E+11   0.977530E+09   0.836198E+09   0.662799E+11
 0041   0.123098E+02   0.137241E+11   0.896648E+09   0.819069E+09   0.562962E+11
 0042   0.134920E+02   0.148444E+11   0.947543E+09   0.816093E+09   0.477029E+11
 0043   0.149150E+02   0.160887E+11   0.874533E+09   0.806300E+09   0.402682E+11
 0044   0.164198E+02   0.174031E+11   0.873419E+09   0.799425E+09   0.338122E+11
 0045   0.180244E+02   0.188019E+11   0.871723E+09   0.795551E+09   0.281992E+11
 0046   0.197392E+02   0.203034E+11   0.875602E+09   0.793930E+09   0.233195E+11
 0047   0.215884E+02   0.219262E+11   0.877576E+09   0.794786E+09   0.190778E+11
 0048   0.235768E+02   0.236913E+11   0.887722E+09   0.800538E+09   0.153620E+11
 0049   0.260124E+02   0.257527E+11   0.846329E+09   0.800828E+09   0.122203E+11
 0050   0.284016E+02   0.279561E+11   0.922278E+09   0.814646E+09   0.948993E+10
 0051   0.316898E+02   0.307371E+11   0.845745E+09   0.805337E+09   0.716363E+10
 0052   0.346361E+02   0.333464E+11   0.885616E+09   0.811727E+09   0.543903E+10
 0053   0.374893E+02   0.359092E+11   0.898241E+09   0.827150E+09   0.414547E+10
 0054   0.409444E+02   0.387091E+11   0.810342E+09   0.834100E+09   0.316672E+10
 0055   0.439118E+02   0.413889E+11   0.903078E+09   0.855363E+09   0.242129E+10
 0056   0.472539E+02   0.442938E+11   0.869181E+09   0.871506E+09   0.184994E+10
 0057   0.506103E+02   0.473080E+11   0.898065E+09   0.893566E+09   0.140988E+10
 0058   0.539818E+02   0.504819E+11   0.941377E+09   0.926162E+09   0.107005E+10
 0059   0.578350E+02   0.541151E+11   0.942920E+09   0.960346E+09   0.808917E+09
 0060   0.618933E+02   0.582265E+11   0.101309E+10   0.996677E+09   0.610528E+09
 0061   0.662984E+02   0.629046E+11   0.106197E+10   0.102972E+10   0.460995E+09
 0062   0.710749E+02   0.681321E+11   0.109441E+10   0.105221E+10   0.349043E+09
 0063   0.762949E+02   0.737996E+11   0.108573E+10   0.106383E+10   0.265732E+09
 0064   0.813496E+02   0.794830E+11   0.112439E+10   0.108371E+10   0.203554E+09
 0065   0.866380E+02   0.853925E+11   0.111745E+10   0.110354E+10   0.156750E+09
 0066   0.919684E+02   0.914573E+11   0.113777E+10   0.112740E+10   0.121237E+09
 0067   0.972573E+02   0.976895E+11   0.117835E+10   0.115722E+10   0.940894E+08
 0068   0.103174E+03   0.104493E+12   0.114990E+10   0.117751E+10   0.732116E+08
 0069   0.109145E+03   0.111593E+12   0.118910E+10   0.119696E+10   0.570698E+08
 0070   0.114611E+03   0.118632E+12   0.128771E+10   0.123396E+10   0.445044E+08
 0071   0.120233E+03   0.126079E+12   0.132469E+10   0.127029E+10   0.346792E+08
 0072   0.126682E+03   0.134297E+12   0.127429E+10   0.130307E+10   0.269807E+08
 0073   0.133339E+03   0.143134E+12   0.132742E+10   0.133540E+10   0.209472E+08
 0074   0.139476E+03   0.152120E+12   0.146426E+10   0.139410E+10   0.162228E+08
 0075   0.146675E+03   0.162524E+12   0.144509E+10   0.144342E+10   0.125292E+08
 0076   0.154200E+03   0.174007E+12   0.152596E+10   0.150292E+10   0.964183E+07
 0077   0.163098E+03   0.187553E+12   0.152242E+10   0.155828E+10   0.738680E+07
 0078   0.171635E+03   0.202357E+12   0.173419E+10   0.162472E+10   0.563784E+07
 0079   0.182078E+03   0.219974E+12   0.168689E+10   0.166184E+10   0.428244E+07
 0080   0.192564E+03   0.238739E+12   0.178963E+10   0.170710E+10   0.323028E+07
 0081   0.204130E+03   0.259368E+12   0.178366E+10   0.172642E+10   0.242963E+07
 0082   0.215220E+03   0.279882E+12   0.184961E+10   0.176627E+10   0.183320E+07
 0083   0.228276E+03   0.302522E+12   0.173411E+10   0.176525E+10   0.139086E+07
 0084   0.239969E+03   0.323874E+12   0.182600E+10   0.180483E+10   0.106248E+07
 0085   0.251606E+03   0.345836E+12   0.188734E+10   0.184420E+10   0.816611E+06
 0086   0.263002E+03   0.368130E+12   0.195619E+10   0.191213E+10   0.629915E+06
 0087   0.275722E+03   0.393075E+12   0.196108E+10   0.196146E+10   0.487619E+06
 0088   0.288689E+03   0.419576E+12   0.204378E+10   0.202028E+10   0.379514E+06
 0089   0.302276E+03   0.448350E+12   0.211788E+10   0.208581E+10   0.297738E+06
 0090   0.316563E+03   0.479844E+12   0.220428E+10   0.215982E+10   0.236136E+06
 0091   0.331757E+03   0.514813E+12   0.230156E+10   0.225350E+10   0.189917E+06
 0092   0.348057E+03   0.554752E+12   0.245025E+10   0.236982E+10   0.155078E+06
 0093   0.367775E+03   0.603803E+12   0.248758E+10   0.247259E+10   0.128577E+06
 0094   0.389930E+03   0.662013E+12   0.262739E+10   0.253528E+10   0.107391E+06
 0095   0.412287E+03   0.724509E+12   0.279534E+10   0.260495E+10   0.884451E+05
 0096   0.436636E+03   0.792582E+12   0.279578E+10   0.270205E+10   0.698778E+05
 0097   0.464840E+03   0.871375E+12   0.279366E+10   0.283353E+10   0.501470E+05
 0098   0.493801E+03   0.963435E+12   0.317870E+10   0.306819E+10   0.268477E+05
 0099   0.529298E+03   0.108949E+13   0.355130E+10   0.362668E+10   0.918351E+04
