  0.0000000000E+000  0.0000000000E+000
  2.2283806906E+001  1.0825644336E+038
  1.0063440713E+004  3.6754956550E+042
  2.0143300602E+004  2.0695037259E+042
  3.0258982433E+004  1.4103769314E+042
  4.0479568058E+004  1.0058955366E+042
  5.0749985916E+004  7.6930365917E+041
  6.1068867870E+004  6.2324920690E+041
  7.1091140276E+004  5.2868232993E+041
  8.1303973363E+004  4.5692721889E+041
  9.1658252471E+004  4.0128651402E+041
  1.0219626800E+005  3.5281237375E+041
  1.1239440880E+005  3.0817880275E+041
  1.2320206428E+005  2.7230400980E+041
  1.3370028495E+005  2.4450216718E+041
  1.4447705341E+005  2.2313702966E+041
  1.5541252884E+005  2.0566622636E+041
  1.6635829242E+005  1.8789635240E+041
  1.7719942312E+005  1.7450099107E+041
  1.8779982624E+005  1.6213182252E+041
  1.9780970446E+005  1.5214707236E+041
  2.0857580817E+005  1.4275699952E+041
  2.1846242771E+005  1.3449762001E+041
  2.2901171295E+005  1.2689438608E+041
  2.4028090783E+005  1.1982738215E+041
  2.5026716539E+005  1.1449155245E+041
  2.6083708906E+005  1.0928356387E+041
  2.7221106707E+005  1.0413274124E+041
  2.8181312677E+005  1.0112258689E+041
  2.9188789028E+005  9.8367581793E+040
  3.0246538992E+005  9.5596394400E+040
  3.1357801120E+005  9.3605417806E+040
  3.2526066834E+005  9.1843291061E+040
  3.3441928104E+005  9.0456493629E+040
  3.4393660597E+005  8.9062191885E+040
  3.5386853534E+005  8.7447358069E+040
  3.6427773943E+005  8.6527930695E+040
  3.7511164796E+005  8.5322239757E+040
  3.8639199893E+005  8.4899513332E+040
  3.9814176996E+005  8.3893608391E+040
  4.1038527368E+005  8.3766397535E+040
  4.1883455617E+005  8.3230185272E+040
  4.2752268529E+005  8.2728092262E+040
  4.3645797490E+005  8.2227740631E+040
  4.4569808429E+005  8.1430973345E+040
  4.5526090477E+005  8.0507597253E+040
  4.6510354624E+005  8.0864708818E+040
  4.7523603857E+005  8.0435316214E+040
  4.8566881043E+005  8.0088665248E+040
  4.9641270951E+005  8.1048974323E+040
  5.0747902590E+005  8.1016072894E+040
  5.1887951799E+005  8.1011374147E+040
  5.3062089666E+005  8.2449710445E+040
  5.4284272300E+005  8.0348334372E+040
  5.5545194925E+005  8.1522292060E+040
  5.6843343775E+005  8.1701232037E+040
  5.8179483596E+005  8.2002289126E+040
  5.8862211773E+005  8.3617384295E+040
  5.9554937971E+005  8.3923118594E+040
  6.0257835612E+005  8.4259380837E+040
  6.0971081426E+005  8.4621023097E+040
  6.1694855523E+005  8.5015401508E+040
  6.2429341462E+005  8.6915589393E+040
  6.3182189549E+005  8.4441497434E+040
  6.3949988929E+005  8.4622359526E+040
  6.4729368634E+005  8.5056433915E+040
  6.5520531562E+005  8.6964806335E+040
  6.6323685149E+005  8.7530617322E+040
  6.7139041007E+005  8.8148202122E+040
  6.7966814780E+005  8.8809425760E+040
  6.8807226102E+005  8.9534137745E+040
  6.9660498616E+005  9.0313550359E+040
  7.0526860008E+005  9.2836099447E+040
  7.1406542077E+005  9.3804103410E+040
  7.2308216198E+005  9.1123145184E+040
  7.3228136633E+005  9.3762195777E+040
  7.4162443168E+005  9.4854790399E+040
  7.5111388913E+005  9.6046378038E+040
  7.6075234240E+005  9.7301563522E+040
  7.7054245514E+005  9.8652598773E+040
  7.8048694749E+005  1.0009093772E+041
  7.9058859599E+005  1.0355401341E+041
  8.0085023458E+005  1.0522069510E+041
  8.1136841412E+005  1.0354345285E+041
  8.2205666840E+005  1.0536792892E+041
  8.3291661947E+005  1.0721813781E+041
  8.4395139431E+005  1.1108810471E+041
  8.5516420291E+005  1.1312523966E+041
  8.6655832456E+005  1.1524087882E+041
  8.7813710841E+005  1.1746141508E+041
  9.2674001864E+005  1.2506547740E+041
  9.7879772137E+005  1.3846055393E+041
  1.0349454919E+006  1.4899794054E+041
  1.0796005779E+006  1.5951407294E+041
  1.1269172546E+006  1.6903994021E+041
  1.1766873119E+006  1.8134321715E+041
  1.2295237219E+006  1.9198850183E+041
  1.2852810855E+006  2.0498388449E+041
  1.3442174824E+006  2.2276602775E+041
  1.4064814921E+006  2.3433099542E+041
  1.4498922498E+006  2.4790366202E+041
  1.4949715652E+006  2.5394711195E+041
  1.5417891895E+006  2.6794184875E+041
  1.5903606746E+006  2.7499324433E+041
  1.6407560996E+006  2.8828253710E+041
  1.6930747620E+006  2.9380876093E+041
  1.7473950853E+006  3.0602529089E+041
  1.8037305950E+006  3.1125652497E+041
  1.9213243424E+006  3.2480464405E+041
  2.0119018826E+006  3.3147996553E+041
  2.1039218312E+006  3.3753769582E+041
  2.1974079984E+006  3.4130169987E+041
  2.2923303778E+006  3.3893602826E+041
  2.3886449607E+006  3.3957079252E+041
  2.4864756141E+006  3.4013825912E+041
  2.5858571313E+006  3.3514322196E+041
  2.6868309819E+006  3.3488525845E+041
  2.7895457963E+006  3.2944674167E+041
  2.8940762571E+006  3.2886918596E+041
  3.0005199133E+006  3.2843346510E+041
  3.1089328145E+006  3.2175052673E+041
  3.2194403661E+006  3.2140981726E+041
  3.3321426631E+006  3.1982572851E+041
  3.4472095032E+006  3.1219082441E+041
  3.5648876470E+006  3.1122366827E+041
  3.6852936897E+006  3.0983248731E+041
  3.7671549613E+006  3.0267566720E+041
  3.8504592356E+006  3.0357231004E+041
  3.9349520233E+006  3.0459963980E+041
  4.0210362545E+006  2.9624748366E+041
  4.1086059234E+006  2.9603273585E+041
  4.1978966011E+006  2.9618197708E+041
  4.2890168680E+006  2.8632734512E+041
  4.3820135040E+006  2.8552410814E+041
  4.4769254171E+006  2.8433321504E+041
  4.5737999037E+006  2.8221943324E+041
  4.6726773605E+006  2.6918674222E+041
  4.7735920569E+006  2.6537541119E+041
  4.8766149958E+006  2.6236463757E+041
  4.9817726725E+006  2.5911454776E+041
  5.0000000000E+006  2.5911454776E+041
