  0.0000000000E+000  0.0000000000E+000
  2.2230449146E+001  1.2300745868E+038
  1.0033180863E+004  4.0243400326E+042
  2.0056194200E+004  2.1919449455E+042
  3.0094904234E+004  1.4466203309E+042
  4.0207319149E+004  1.0388154056E+042
  5.0321566894E+004  8.0002688372E+041
  6.0521092978E+004  6.4733818289E+041
  7.0667161424E+004  5.4558353071E+041
  8.0903931288E+004  4.7014875954E+041
  9.1041498348E+004  4.1136317772E+041
  1.0129835069E+005  3.6318527982E+041
  1.1165234826E+005  3.1835488153E+041
  1.2182394197E+005  2.8260588906E+041
  1.3188111138E+005  2.5656500772E+041
  1.4251447917E+005  2.3266810770E+041
  1.5314043679E+005  2.1313984403E+041
  1.6357939791E+005  1.9650837156E+041
  1.7432049463E+005  1.8104895202E+041
  1.8460799940E+005  1.6866388381E+041
  1.9491874487E+005  1.5752892040E+041
  2.0514569172E+005  1.4754321650E+041
  2.1517154950E+005  1.3890601803E+041
  2.2587326371E+005  1.3059647862E+041
  2.3623646007E+005  1.2368186481E+041
  2.4612014304E+005  1.1781520047E+041
  2.5657041446E+005  1.1262502579E+041
  2.6641584196E+005  1.0755568534E+041
  2.7680855650E+005  1.0376000486E+041
  2.8775690893E+005  1.0013551095E+041
  2.9782245910E+005  9.7291182873E+040
  3.0837017682E+005  9.4722302373E+040
  3.1942966791E+005  9.2435383888E+040
  3.2934063135E+005  9.0754673654E+040
  3.3967240978E+005  8.9298859391E+040
  3.5047346358E+005  8.7581495927E+040
  3.5987683131E+005  8.6144748273E+040
  3.6962518443E+005  8.5244088117E+040
  3.7973457557E+005  8.4469265414E+040
  3.9022194303E+005  8.3820579853E+040
  4.0110516359E+005  8.3291561143E+040
  4.1240251986E+005  8.2884844602E+040
  4.2174598548E+005  8.2286203202E+040
  4.3137018246E+005  8.2229992706E+040
  4.4135297833E+005  8.1016605713E+040
  4.5166519882E+005  8.0783224290E+040
  4.6229676799E+005  8.0220649503E+040
  4.7325989437E+005  8.0330296712E+040
  4.8456729857E+005  8.0598869347E+040
  4.9328173545E+005  8.0461909401E+040
  5.0220306642E+005  8.0988727301E+040
  5.1133726947E+005  8.0978207212E+040
  5.2069051397E+005  8.1672232319E+040
  5.3034677537E+005  8.0695405227E+040
  5.4023876225E+005  8.0587866527E+040
  5.5037341915E+005  8.1264032967E+040
  5.6075789932E+005  8.1377343140E+040
  5.7139959765E+005  8.2287515185E+040
  5.8230615899E+005  8.2594355687E+040
  5.9348548641E+005  8.3746666545E+040
  6.0494574998E+005  8.4238232169E+040
  6.1676142542E+005  8.3288988268E+040
  6.2891234864E+005  8.4445458753E+040
  6.3718592599E+005  8.4782105308E+040
  6.4560114666E+005  8.5923177095E+040
  6.5416088436E+005  8.6401636771E+040
  6.6286807631E+005  8.6929498130E+040
  6.7172572581E+005  8.8314624113E+040
  6.8073690379E+005  8.8992551558E+040
  6.8990474988E+005  9.0544019389E+040
  6.9923247330E+005  9.1380964457E+040
  7.0879438584E+005  9.0372972575E+040
  7.1852528891E+005  9.1190992960E+040
  7.2842877609E+005  9.2901547633E+040
  7.3850842831E+005  9.3926381242E+040
  7.4876789405E+005  9.5044707793E+040
  7.5921089676E+005  9.7132441530E+040
  7.6984123790E+005  9.8483562677E+040
  7.8066280032E+005  9.9947813318E+040
  7.9171021607E+005  9.9763904701E+040
  8.0298919291E+005  1.0224704312E+041
  8.1447407652E+005  1.0396424248E+041
  8.2616919283E+005  1.0579713852E+041
  8.3807896652E+005  1.0868618489E+041
  8.5020793414E+005  1.1077977255E+041
  8.6256074413E+005  1.1300040237E+041
  8.7513929695E+005  1.1634781966E+041
  9.2808367847E+005  1.2547403989E+041
  9.7774205269E+005  1.3382903642E+041
  1.0308810397E+006  1.4619126789E+041
  1.0793623043E+006  1.5603324122E+041
  1.1307430540E+006  1.6865005616E+041
  1.1852366241E+006  1.8011828644E+041
  1.2331202046E+006  1.9228386060E+041
  1.2834459947E+006  2.0186133154E+041
  1.3362168949E+006  2.1522381001E+041
  1.3916672657E+006  2.2725682807E+041
  1.4379562055E+006  2.3593856998E+041
  1.4861084852E+006  2.4776809831E+041
  1.5361289868E+006  2.5668805368E+041
  1.5881617173E+006  2.6856936089E+041
  1.6422511790E+006  2.7734138560E+041
  1.6984836723E+006  2.8859616867E+041
  1.7569687628E+006  2.9813318938E+041
  1.8649809341E+006  3.1251441892E+041
  1.9635833487E+006  3.2075657300E+041
  2.0680589940E+006  3.2840981658E+041
  2.1787852960E+006  3.3375137613E+041
  2.2761012216E+006  3.3676001067E+041
  2.3782231183E+006  3.3623755221E+041
  2.4835882598E+006  3.3458475480E+041
  2.5919481511E+006  3.3191099633E+041
  2.7033988399E+006  3.2904492957E+041
  2.7948206137E+006  3.2878832704E+041
  2.8882599901E+006  3.2572131518E+041
  2.9837462862E+006  3.2271611356E+041
  3.0813288786E+006  3.1931598937E+041
  3.1810647070E+006  3.1868324154E+041
  3.2830052613E+006  3.1501927037E+041
  3.3871999059E+006  3.1095489281E+041
  3.4937149796E+006  3.1004242775E+041
  3.6026148761E+006  3.0590899366E+041
  3.7139726193E+006  3.0454857224E+041
  3.8278551266E+006  2.9934348699E+041
  3.9149898013E+006  2.9567193595E+041
  4.0034701977E+006  2.9620015508E+041
  4.0933601371E+006  2.9247121149E+041
  4.1847279740E+006  2.8853581697E+041
  4.2776461045E+006  2.8850807511E+041
  4.3721832868E+006  2.8332670354E+041
  4.4681456925E+006  2.7834083004E+041
  4.5649278980E+006  2.7776739323E+041
  4.6623034180E+006  2.7223004524E+041
  4.7602762073E+006  2.7134890824E+041
  4.8588456261E+006  2.6514756961E+041
  4.9580239644E+006  2.6373817088E+041
  5.0000000000E+006  2.6373817088E+041
