  0.0000000000E+000  0.0000000000E+000
  2.2035898775E+001  2.2799810109E+038
  1.0025849977E+004  3.8134539979E+042
  2.0031900976E+004  2.1485313935E+042
  3.0035843002E+004  1.4204593382E+042
  4.0060289520E+004  1.0229498086E+042
  5.0088590425E+004  7.8814720293E+041
  6.0104917579E+004  6.4016449172E+041
  7.0109646884E+004  5.4106041216E+041
  8.0180251551E+004  4.6560075040E+041
  9.0230629052E+004  4.0543530100E+041
  1.0032030280E+005  3.5686217275E+041
  1.1043035727E+005  3.1653326654E+041
  1.2050566356E+005  2.8222378211E+041
  1.3052031179E+005  2.5579114286E+041
  1.4060523123E+005  2.3367644195E+041
  1.5072772370E+005  2.1478836901E+041
  1.6091286365E+005  1.9841199777E+041
  1.7102346965E+005  1.8426385264E+041
  1.8110208700E+005  1.7148593194E+041
  1.9117750231E+005  1.6042452099E+041
  2.0134735541E+005  1.5046104783E+041
  2.1154561913E+005  1.4151031693E+041
  2.2169412424E+005  1.3339167421E+041
  2.3170958066E+005  1.2558448822E+041
  2.4178209077E+005  1.1901372532E+041
  2.5215795011E+005  1.1326160309E+041
  2.6252541245E+005  1.0785242270E+041
  2.7283533990E+005  1.0358612621E+041
  2.8300693291E+005  9.9964089586E+040
  2.9333443452E+005  9.6817181323E+040
  3.0341449518E+005  9.4149125950E+040
  3.1356855443E+005  9.1845362109E+040
  3.2376792944E+005  8.9874113917E+040
  3.3398389927E+005  8.8210489343E+040
  3.4418564136E+005  8.6832047838E+040
  3.5436003918E+005  8.4911204043E+040
  3.6445826386E+005  8.3801188444E+040
  3.7443781234E+005  8.2908625585E+040
  3.8478604111E+005  8.2216832459E+040
  3.9497385368E+005  8.1535943295E+040
  4.0496048848E+005  8.1087400625E+040
  4.1528705586E+005  8.0747554873E+040
  4.2536500606E+005  8.0455686838E+040
  4.3577887925E+005  7.9453951389E+040
  4.4590945504E+005  7.9300867421E+040
  4.5635236388E+005  7.9145288841E+040
  4.6643534244E+005  7.9130052069E+040
  4.7681187875E+005  7.9216659622E+040
  4.8677068953E+005  7.9413515292E+040
  4.9700308653E+005  7.9700352683E+040
  5.0751816966E+005  8.0078525189E+040
  5.1754352349E+005  8.0412076561E+040
  5.2784949199E+005  7.9862092362E+040
  5.3760507460E+005  8.0139762381E+040
  5.4759602181E+005  8.0630014699E+040
  5.5782802152E+005  8.1072398342E+040
  5.6830801277E+005  8.1594416927E+040
  5.7813864370E+005  8.2304531493E+040
  5.8818936800E+005  8.3020670827E+040
  5.9846606078E+005  8.3870656948E+040
  6.0898123830E+005  8.3539635773E+040
  6.1876357784E+005  8.4303687221E+040
  6.2874899342E+005  8.5154009209E+040
  6.3894249270E+005  8.6092761677E+040
  6.4934921889E+005  8.7106286279E+040
  6.5997394374E+005  8.8197349671E+040
  6.6972578654E+005  8.9283046962E+040
  6.7966039681E+005  9.0437987684E+040
  6.8978174108E+005  9.1492342309E+040
  7.0010595379E+005  9.1456507558E+040
  7.1063211935E+005  9.2643816837E+040
  7.2015686035E+005  9.3655386386E+040
  7.2984310447E+005  9.4920266912E+040
  7.3968970207E+005  9.6270091578E+040
  7.4967346080E+005  9.7713493781E+040
  7.5979199246E+005  9.9072159288E+040
  7.7004716290E+005  1.0070568189E+041
  7.8044084004E+005  1.0244047615E+041
  7.9099288764E+005  1.0259610386E+041
  8.0168773946E+005  1.0417576010E+041
  8.1116438196E+005  1.0584881646E+041
  8.2075314060E+005  1.0744325764E+041
  8.3045534670E+005  1.0930906093E+041
  8.4027234657E+005  1.1108932491E+041
  8.5020550211E+005  1.1315037118E+041
  8.6025619081E+005  1.1512317079E+041
  8.7043064924E+005  1.1580411016E+041
  9.2165193209E+005  1.2688041690E+041
  9.7264141093E+005  1.3756393409E+041
  1.0247834373E+006  1.5022687172E+041
  1.0761366986E+006  1.6131504599E+041
  1.1281840840E+006  1.7408640520E+041
  1.1788217437E+006  1.8445165959E+041
  1.2296660915E+006  1.9502938018E+041
  1.2805772576E+006  2.0665196075E+041
  1.3313625832E+006  2.1635692082E+041
  1.3818422233E+006  2.2748959140E+041
  1.4318375160E+006  2.3652445736E+041
  1.4836515791E+006  2.4573719783E+041
  1.5347678051E+006  2.5597249070E+041
  1.5849689292E+006  2.6421137092E+041
  1.6368302712E+006  2.7390576766E+041
  1.6875431800E+006  2.8130638204E+041
  1.7368901138E+006  2.8944492266E+041
  1.8400054094E+006  3.0160830067E+041
  1.9427033975E+006  3.1282066123E+041
  2.0442362839E+006  3.2089394949E+041
  2.1474699326E+006  3.2672790669E+041
  2.2482978866E+006  3.3065023116E+041
  2.3498907060E+006  3.3229592047E+041
  2.4519308354E+006  3.3170261909E+041
  2.5540843397E+006  3.3087124382E+041
  2.6559940443E+006  3.3057237256E+041
  2.7572807338E+006  3.3123681679E+041
  2.8575693335E+006  3.3181126541E+041
  2.9615106499E+006  3.2577612113E+041
  3.0640246488E+006  3.2439514133E+041
  3.1647061165E+006  3.2380067313E+041
  3.2687030466E+006  3.2352320773E+041
  3.3703841135E+006  3.1673737315E+041
  3.4693279440E+006  3.1517968615E+041
  3.5711844806E+006  3.1392702399E+041
  3.6697862496E+006  3.1268019854E+041
  3.7711176776E+006  3.0598278369E+041
  3.8752564255E+006  3.0378336769E+041
  3.9755043606E+006  3.0227060562E+041
  4.0783521878E+006  3.0105615084E+041
  4.1767496402E+006  2.9443802368E+041
  4.2775288838E+006  2.9220612858E+041
  4.3807469116E+006  2.9026788537E+041
  4.4788269899E+006  2.8308354053E+041
  4.5791102817E+006  2.8109738252E+041
  4.6816467459E+006  2.7848807330E+041
  4.7864863573E+006  2.7711919130E+041
  4.8853499096E+006  2.6890306709E+041
  4.9862628067E+006  2.6585993686E+041
  5.0000000000E+006  2.6585993686E+041
