  0.0000000000E+000  0.0000000000E+000
  2.2316719414E+001  1.0660365091E+038
  1.0072383902E+004  3.5024511746E+042
  2.0165576819E+004  1.9873479380E+042
  3.0236935294E+004  1.3361416366E+042
  4.0367461227E+004  9.4838736443E+041
  5.0573320415E+004  7.2914734514E+041
  6.0830304659E+004  5.9382536505E+041
  7.1122420645E+004  5.0173425458E+041
  8.1257928139E+004  4.3552082209E+041
  9.1999182939E+004  3.7979745009E+041
  1.0239832579E+005  3.3426158274E+041
  1.1305178015E+005  2.9273547258E+041
  1.2367670626E+005  2.6047240935E+041
  1.3387661502E+005  2.3297553226E+041
  1.4415705742E+005  2.1274577374E+041
  1.5436633233E+005  1.9734893259E+041
  1.6433915202E+005  1.8118178458E+041
  1.7515782861E+005  1.6774365668E+041
  1.8568470318E+005  1.5625190828E+041
  1.9558072900E+005  1.4637492077E+041
  2.0618514033E+005  1.3707007936E+041
  2.1589571606E+005  1.2919450763E+041
  2.2623632652E+005  1.2170673267E+041
  2.3726716661E+005  1.1471196111E+041
  2.4703485959E+005  1.0919607932E+041
  2.5737081763E+005  1.0418675719E+041
  2.6841683697E+005  9.9339081670E+040
  2.7779604081E+005  9.6064986032E+040
  2.8764101548E+005  9.3121327706E+040
  2.9798143479E+005  9.0465686147E+040
  3.0884874325E+005  8.7938401344E+040
  3.2027642412E+005  8.5728028070E+040
  3.2923636985E+005  8.4367206573E+040
  3.3854765854E+005  8.3009329636E+040
  3.4822723054E+005  8.1853533909E+040
  3.5839680920E+005  8.0317750568E+040
  3.6897981831E+005  7.9065321790E+040
  3.7999714661E+005  7.8022796353E+040
  3.9147096035E+005  7.7083307444E+040
  4.0342474710E+005  7.6182115268E+040
  4.1167281601E+005  7.5629366929E+040
  4.2015296417E+005  7.5156367297E+040
  4.2887322454E+005  7.4718168390E+040
  4.3784194403E+005  7.4297007314E+040
  4.4716556766E+005  7.3412124607E+040
  4.5676082579E+005  7.2781789224E+040
  4.6663747081E+005  7.2359372065E+040
  4.7680563322E+005  7.2058678273E+040
  4.8727583934E+005  7.1823294383E+040
  4.9805903331E+005  7.1807172023E+040
  5.0916549518E+005  7.1840303502E+040
  5.2059246274E+005  7.1905291434E+040
  5.3240969988E+005  7.1224074136E+040
  5.4468353846E+005  7.1174864356E+040
  5.5731701304E+005  7.1396267198E+040
  5.7032193832E+005  7.1715694640E+040
  5.8371117417E+005  7.2141518903E+040
  5.9055406166E+005  7.2467240861E+040
  5.9749807423E+005  7.2825873085E+040
  6.0454496190E+005  7.3205484549E+040
  6.1169650834E+005  7.3615171851E+040
  6.1895453159E+005  7.4052217729E+040
  6.2639400542E+005  7.3576753041E+040
  6.3395073142E+005  7.3806814912E+040
  6.4162173330E+005  7.4284823664E+040
  6.4940902460E+005  7.4755737562E+040
  6.5731465812E+005  7.5303792769E+040
  6.6534072598E+005  7.5952729678E+040
  6.7348935978E+005  7.6641949635E+040
  6.8176273094E+005  7.7389755283E+040
  6.9016305103E+005  7.8190963981E+040
  6.9869257225E+005  7.9054883544E+040
  7.0735358795E+005  8.0001887296E+040
  7.1623112905E+005  7.9278343006E+040
  7.2528828590E+005  8.0249002031E+040
  7.3448746775E+005  8.1299488521E+040
  7.4383115856E+005  8.2456099168E+040
  7.5332191321E+005  8.3706472089E+040
  7.6296234631E+005  8.5041508974E+040
  7.7275512873E+005  8.6465196063E+040
  7.8270298715E+005  8.7987720163E+040
  7.9280870487E+005  8.9603878509E+040
  8.0307512302E+005  9.1333363688E+040
  8.1359820162E+005  9.0909869702E+040
  8.2433389708E+005  9.2752883709E+040
  8.3524308160E+005  9.4660273998E+040
  8.4632890031E+005  9.6614006481E+040
  8.5759459111E+005  9.8713827086E+040
  8.6904347072E+005  1.0088040693E+041
  8.8067893062E+005  1.0316897201E+041
  9.2951504714E+005  1.1094001895E+041
  9.8182673196E+005  1.2239766818E+041
  1.0382390577E+006  1.3297845954E+041
  1.0831103420E+006  1.4361728480E+041
  1.1306438217E+006  1.5278264678E+041
  1.1806511809E+006  1.6510627515E+041
  1.2337268090E+006  1.7534345009E+041
  1.2897282471E+006  1.8735349076E+041
  1.3489166958E+006  2.0223585710E+041
  1.3902067586E+006  2.1073295581E+041
  1.4330494387E+006  2.2123514197E+041
  1.4774056003E+006  2.3170186251E+041
  1.5235933400E+006  2.4001795475E+041
  1.5714239837E+006  2.5039436041E+041
  1.6211295857E+006  2.5886384543E+041
  1.6726137849E+006  2.6823018775E+041
  1.7261760302E+006  2.7559561172E+041
  1.7816659380E+006  2.8353569790E+041
  1.8981632897E+006  2.9503668537E+041
  1.9884320874E+006  3.0048972737E+041
  2.0801086195E+006  3.0454256303E+041
  2.1732739113E+006  3.0607789563E+041
  2.2679609875E+006  3.0493397978E+041
  2.3641887106E+006  3.0223059172E+041
  2.4618913545E+006  3.0027853456E+041
  2.5612669932E+006  2.9617211708E+041
  2.6624212110E+006  2.9193307855E+041
  2.7652712399E+006  2.8654385948E+041
  2.8698951524E+006  2.8205477231E+041
  2.9763195419E+006  2.7709307692E+041
  3.0847071592E+006  2.7164595605E+041
  3.1951344443E+006  2.6593439330E+041
  3.3077350005E+006  2.5923880449E+041
  3.4226252667E+006  2.5344575589E+041
  3.5400372354E+006  2.4604034683E+041
  3.6601563527E+006  2.3781387081E+041
  3.7419083307E+006  2.3125454385E+041
  3.8247146240E+006  2.2564179341E+041
  3.9090218026E+006  2.2012994962E+041
  3.9948511415E+006  2.1293827309E+041
  4.0820214226E+006  2.0550176217E+041
  4.1707988477E+006  1.9773338250E+041
  4.2613857373E+006  1.8946927267E+041
  4.3538228106E+006  1.8089404606E+041
  4.4480922414E+006  1.7188094098E+041
  4.5443023756E+006  1.6210319439E+041
  4.6425377372E+006  1.5208663528E+041
  4.7427904646E+006  1.4107478152E+041
  4.8451346983E+006  1.2982555051E+041
  4.9495614068E+006  1.1766955163E+041
  5.0000000000E+006  1.1766955163E+041
