   0.000000000E+00   0.171849944E+05  -0.480624731E+01  -0.537145843E+01  -0.518131768E+01  -0.487624731E+01  -0.461871212E+01  -0.435364175E+01  -0.617392325E+01  -0.513131768E+01  -0.503378250E+01  -0.501624731E+01  -0.497871212E+01
   0.220696322E+02   0.171853773E+05  -0.480629198E+01  -0.537152261E+01  -0.518136886E+01  -0.487629198E+01  -0.461875354E+01  -0.435367667E+01  -0.617398417E+01  -0.513136886E+01  -0.503383042E+01  -0.501629198E+01  -0.497875354E+01
   0.100449279E+05   0.387361041E+05  -0.138985258E+02  -0.149265139E+02  -0.145025199E+02  -0.140085258E+02  -0.136485258E+02  -0.133145317E+02  -0.157065139E+02  -0.144825199E+02  -0.142185258E+02  -0.141085258E+02  -0.139845317E+02
   0.200892125E+05   0.263582541E+05  -0.143746703E+02  -0.152401421E+02  -0.148924062E+02  -0.144735382E+02  -0.141446703E+02  -0.138358023E+02  -0.160301421E+02  -0.148624062E+02  -0.146635382E+02  -0.145846703E+02  -0.144858023E+02
   0.301158413E+05   0.210086707E+05  -0.145485084E+02  -0.152700638E+02  -0.150011306E+02  -0.146348195E+02  -0.143385084E+02  -0.140521973E+02  -0.160700638E+02  -0.149674417E+02  -0.148048195E+02  -0.147585084E+02  -0.146921973E+02
   0.401954374E+05   0.174617040E+05  -0.146417882E+02  -0.152210955E+02  -0.150215573E+02  -0.147117882E+02  -0.144519036E+02  -0.141821345E+02  -0.160212110E+02  -0.149715573E+02  -0.148716727E+02  -0.148517882E+02  -0.148119036E+02
   0.503421983E+05   0.153447275E+05  -0.146533020E+02  -0.151125827E+02  -0.149872795E+02  -0.147233020E+02  -0.144819762E+02  -0.142406504E+02  -0.159225827E+02  -0.149286053E+02  -0.148646278E+02  -0.148719762E+02  -0.148506504E+02
   0.605334090E+05   0.139690468E+05  -0.146439151E+02  -0.149945402E+02  -0.149253040E+02  -0.147039151E+02  -0.144860678E+02  -0.142503733E+02  -0.158066930E+02  -0.148553040E+02  -0.148296095E+02  -0.148539151E+02  -0.148582206E+02
   0.707542569E+05   0.129837318E+05  -0.146156951E+02  -0.148718876E+02  -0.148551140E+02  -0.146730499E+02  -0.144709857E+02  -0.142536310E+02  -0.156945329E+02  -0.147824687E+02  -0.147804046E+02  -0.148283404E+02  -0.148509857E+02
   0.808153000E+05   0.122156372E+05  -0.145840156E+02  -0.147604324E+02  -0.147872240E+02  -0.146326573E+02  -0.144553739E+02  -0.142467322E+02  -0.155904324E+02  -0.147058657E+02  -0.147312990E+02  -0.148026573E+02  -0.148353739E+02
   0.914647620E+05   0.115413471E+05  -0.145489859E+02  -0.146442509E+02  -0.147116184E+02  -0.145895124E+02  -0.144284594E+02  -0.142279329E+02  -0.154742509E+02  -0.146221449E+02  -0.146800389E+02  -0.147595124E+02  -0.148084594E+02
   0.101779286E+06   0.109428242E+05  -0.145107641E+02  -0.145220116E+02  -0.146278082E+02  -0.145436048E+02  -0.143979235E+02  -0.142122421E+02  -0.153520116E+02  -0.145378082E+02  -0.146264455E+02  -0.147207641E+02  -0.147850828E+02
   0.112342082E+06   0.103430657E+05  -0.144614482E+02  -0.143836652E+02  -0.145404362E+02  -0.144914482E+02  -0.143619542E+02  -0.141924602E+02  -0.152189182E+02  -0.144451832E+02  -0.145609422E+02  -0.146767012E+02  -0.147572072E+02
   0.122872722E+06   0.979415332E+04  -0.144204763E+02  -0.142507729E+02  -0.144621516E+02  -0.144474222E+02  -0.143365845E+02  -0.141826927E+02  -0.150907729E+02  -0.143590975E+02  -0.145013140E+02  -0.146404763E+02  -0.147396386E+02
   0.132987700E+06   0.929906425E+04  -0.143800383E+02  -0.141136097E+02  -0.143770383E+02  -0.143996097E+02  -0.143108954E+02  -0.141717526E+02  -0.149544669E+02  -0.142666097E+02  -0.144387526E+02  -0.146000383E+02  -0.147208954E+02
   0.143182955E+06   0.887685053E+04  -0.143485929E+02  -0.139813973E+02  -0.142985683E+02  -0.143614465E+02  -0.142928856E+02  -0.141671784E+02  -0.148356900E+02  -0.141814219E+02  -0.143871538E+02  -0.145685929E+02  -0.147028856E+02
   0.153305671E+06   0.851747701E+04  -0.143232029E+02  -0.138671377E+02  -0.142317058E+02  -0.143301319E+02  -0.142793449E+02  -0.141654870E+02  -0.147271377E+02  -0.141086348E+02  -0.143439899E+02  -0.145432029E+02  -0.146924160E+02
   0.163191772E+06   0.816772437E+04  -0.142841002E+02  -0.137385384E+02  -0.141508380E+02  -0.142850628E+02  -0.142521751E+02  -0.141502501E+02  -0.145985384E+02  -0.140218006E+02  -0.142869879E+02  -0.145041002E+02  -0.146712126E+02
   0.173896594E+06   0.784869893E+04  -0.142475191E+02  -0.136058616E+02  -0.140642887E+02  -0.142427158E+02  -0.142271259E+02  -0.141367327E+02  -0.144706650E+02  -0.139342887E+02  -0.142283056E+02  -0.144675191E+02  -0.146519293E+02
   0.184324837E+06   0.757127396E+04  -0.142110635E+02  -0.134831388E+02  -0.139821622E+02  -0.142011856E+02  -0.142008194E+02  -0.141205752E+02  -0.143530167E+02  -0.138521622E+02  -0.141715518E+02  -0.144310635E+02  -0.146306973E+02
   0.194125286E+06   0.733292940E+04  -0.141684095E+02  -0.133566114E+02  -0.139020548E+02  -0.141538652E+02  -0.141674982E+02  -0.141056756E+02  -0.142311557E+02  -0.137629661E+02  -0.141147765E+02  -0.143884095E+02  -0.146065869E+02
   0.204624087E+06   0.710362690E+04  -0.141240869E+02  -0.132313267E+02  -0.138217490E+02  -0.141050446E+02  -0.141321713E+02  -0.140883403E+02  -0.141103689E+02  -0.136736645E+02  -0.140569602E+02  -0.143440869E+02  -0.145802558E+02
   0.214235067E+06   0.690659240E+04  -0.140811713E+02  -0.131088337E+02  -0.137431194E+02  -0.140549376E+02  -0.141005220E+02  -0.140667557E+02  -0.139919506E+02  -0.135900025E+02  -0.139955869E+02  -0.143011713E+02  -0.145505220E+02
   0.224466665E+06   0.671443381E+04  -0.140365537E+02  -0.129833923E+02  -0.136621310E+02  -0.140022375E+02  -0.140680279E+02  -0.140423440E+02  -0.138705503E+02  -0.135049730E+02  -0.139307633E+02  -0.142565537E+02  -0.145180279E+02
   0.235378008E+06   0.652987888E+04  -0.139898423E+02  -0.128564359E+02  -0.135786964E+02  -0.139487278E+02  -0.140331861E+02  -0.140165299E+02  -0.137475505E+02  -0.134164672E+02  -0.138653840E+02  -0.142109569E+02  -0.144843007E+02
   0.245037276E+06   0.638209091E+04  -0.139463374E+02  -0.127429366E+02  -0.135018608E+02  -0.139018897E+02  -0.139996804E+02  -0.139930233E+02  -0.136373843E+02  -0.133329655E+02  -0.138085468E+02  -0.141707850E+02  -0.144541280E+02
   0.255255994E+06   0.623929300E+04  -0.139050126E+02  -0.126339809E+02  -0.134283309E+02  -0.138573445E+02  -0.139680172E+02  -0.139710217E+02  -0.135316491E+02  -0.132529945E+02  -0.137543399E+02  -0.141326808E+02  -0.144256853E+02
   0.266141483E+06   0.609844115E+04  -0.138611830E+02  -0.125212533E+02  -0.133521241E+02  -0.138093713E+02  -0.139348066E+02  -0.139475243E+02  -0.134221592E+02  -0.131712182E+02  -0.136975595E+02  -0.140911830E+02  -0.143957125E+02
   0.275408698E+06   0.599481035E+04  -0.138273017E+02  -0.124322359E+02  -0.132931809E+02  -0.137704775E+02  -0.139109500E+02  -0.139311863E+02  -0.133356479E+02  -0.131097688E+02  -0.136536534E+02  -0.140573017E+02  -0.143743621E+02
   0.285134511E+06   0.589959677E+04  -0.137958144E+02  -0.123500908E+02  -0.132386673E+02  -0.137343850E+02  -0.138886732E+02  -0.139158174E+02  -0.132558055E+02  -0.130529526E+02  -0.136129556E+02  -0.140258144E+02  -0.143543880E+02
   0.295348195E+06   0.580227634E+04  -0.137667548E+02  -0.122692525E+02  -0.131860719E+02  -0.137006182E+02  -0.138690279E+02  -0.139032328E+02  -0.131773208E+02  -0.129980036E+02  -0.135744816E+02  -0.139967548E+02  -0.143370962E+02
   0.306080727E+06   0.571059117E+04  -0.137376170E+02  -0.121902691E+02  -0.131342492E+02  -0.136673109E+02  -0.138488417E+02  -0.138900664E+02  -0.131005752E+02  -0.129436369E+02  -0.135360862E+02  -0.139679232E+02  -0.143194540E+02
   0.317365053E+06   0.562190486E+04  -0.137076784E+02  -0.121051457E+02  -0.130790176E+02  -0.136350728E+02  -0.138281005E+02  -0.138785226E+02  -0.130177513E+02  -0.128838065E+02  -0.134946507E+02  -0.139402839E+02  -0.143033115E+02
   0.326211493E+06   0.555887017E+04  -0.136886712E+02  -0.120469155E+02  -0.130420331E+02  -0.136144313E+02  -0.138156304E+02  -0.138725897E+02  -0.129611553E+02  -0.128435535E+02  -0.134674721E+02  -0.139229110E+02  -0.142941101E+02
   0.335403831E+06   0.549517667E+04  -0.136694029E+02  -0.119880142E+02  -0.130045997E+02  -0.135935117E+02  -0.138029676E+02  -0.138665324E+02  -0.129039054E+02  -0.128028174E+02  -0.134399469E+02  -0.139052941E+02  -0.142847500E+02
   0.344958702E+06   0.543601807E+04  -0.136526454E+02  -0.119344456E+02  -0.129709705E+02  -0.135752204E+02  -0.137923454E+02  -0.138620453E+02  -0.128518706E+02  -0.127661205E+02  -0.134155204E+02  -0.138900704E+02  -0.142771953E+02
   0.354962007E+06   0.536781588E+04  -0.136303124E+02  -0.118696741E+02  -0.129291865E+02  -0.135511191E+02  -0.137770854E+02  -0.138538585E+02  -0.127888673E+02  -0.127208000E+02  -0.133843461E+02  -0.138695056E+02  -0.142654720E+02
   0.365404949E+06   0.530273805E+04  -0.136105536E+02  -0.118050609E+02  -0.128892235E+02  -0.135286652E+02  -0.137633861E+02  -0.138471628E+02  -0.127260050E+02  -0.126773351E+02  -0.133548885E+02  -0.138505536E+02  -0.142552744E+02
   0.376275104E+06   0.524383760E+04  -0.135928673E+02  -0.117431624E+02  -0.128518873E+02  -0.135077039E+02  -0.137506122E+02  -0.138409389E+02  -0.126657440E+02  -0.126367240E+02  -0.133273773E+02  -0.138328673E+02  -0.142457756E+02
   0.387594213E+06   0.518353722E+04  -0.135763615E+02  -0.116813936E+02  -0.128152647E+02  -0.134878454E+02  -0.137391357E+02  -0.138361680E+02  -0.126056517E+02  -0.125967485E+02  -0.133008131E+02  -0.138163615E+02  -0.142376519E+02
   0.399385315E+06   0.512505594E+04  -0.135603416E+02  -0.116214761E+02  -0.127797347E+02  -0.134685737E+02  -0.137279933E+02  -0.138315289E+02  -0.125473600E+02  -0.125579669E+02  -0.132750381E+02  -0.138003416E+02  -0.142297611E+02
   0.407520262E+06   0.508794278E+04  -0.135503716E+02  -0.115836481E+02  -0.127573834E+02  -0.134565402E+02  -0.137211186E+02  -0.138287814E+02  -0.125105638E+02  -0.125335520E+02  -0.132588775E+02  -0.137903716E+02  -0.142249500E+02
   0.415883385E+06   0.504793597E+04  -0.135413354E+02  -0.115445818E+02  -0.127350005E+02  -0.134452796E+02  -0.137154192E+02  -0.138275308E+02  -0.124726097E+02  -0.125089446E+02  -0.132431679E+02  -0.137813354E+02  -0.142214750E+02
   0.424482566E+06   0.501129820E+04  -0.135329494E+02  -0.115086945E+02  -0.127143917E+02  -0.134348564E+02  -0.137100888E+02  -0.138262747E+02  -0.124377410E+02  -0.124862987E+02  -0.132286705E+02  -0.137729494E+02  -0.142181818E+02
   0.433325993E+06   0.500000000E+04  -0.135261839E+02  -0.114934483E+02  -0.127038570E+02  -0.134274628E+02  -0.137042657E+02  -0.138217080E+02  -0.124228089E+02  -0.124751358E+02  -0.132200205E+02  -0.137661839E+02  -0.142129868E+02
   0.442470397E+06   0.500000000E+04  -0.135131751E+02  -0.114804395E+02  -0.126908482E+02  -0.134144540E+02  -0.136912569E+02  -0.138086992E+02  -0.124098001E+02  -0.124621270E+02  -0.132070117E+02  -0.137531751E+02  -0.141999780E+02
   0.451928642E+06   0.500000000E+04  -0.135038125E+02  -0.114710769E+02  -0.126814855E+02  -0.134050913E+02  -0.136818942E+02  -0.137993365E+02  -0.124004374E+02  -0.124527644E+02  -0.131976490E+02  -0.137438125E+02  -0.141906154E+02
   0.461663351E+06   0.500000000E+04  -0.134974926E+02  -0.114647570E+02  -0.126751657E+02  -0.133987715E+02  -0.136755744E+02  -0.137930167E+02  -0.123941176E+02  -0.124464445E+02  -0.131913291E+02  -0.137374926E+02  -0.141842955E+02
   0.471684464E+06   0.500000000E+04  -0.134929714E+02  -0.114602358E+02  -0.126706444E+02  -0.133942502E+02  -0.136710531E+02  -0.137884954E+02  -0.123895963E+02  -0.124419233E+02  -0.131868079E+02  -0.137329714E+02  -0.141797743E+02
   0.482002307E+06   0.500000000E+04  -0.134894189E+02  -0.114566833E+02  -0.126670920E+02  -0.133906978E+02  -0.136675007E+02  -0.137849430E+02  -0.123860439E+02  -0.124383709E+02  -0.131832555E+02  -0.137294189E+02  -0.141762218E+02
   0.492627612E+06   0.500000000E+04  -0.134891752E+02  -0.114564396E+02  -0.126668483E+02  -0.133904540E+02  -0.136672569E+02  -0.137846992E+02  -0.123858002E+02  -0.124381271E+02  -0.131830117E+02  -0.137291752E+02  -0.141759781E+02
   0.503571541E+06   0.500000000E+04  -0.134896760E+02  -0.114569404E+02  -0.126673491E+02  -0.133909549E+02  -0.136677578E+02  -0.137852001E+02  -0.123863010E+02  -0.124386279E+02  -0.131835126E+02  -0.137296760E+02  -0.141764789E+02
   0.514838697E+06   0.500000000E+04  -0.134906578E+02  -0.114579222E+02  -0.126683308E+02  -0.133919366E+02  -0.136687395E+02  -0.137861818E+02  -0.123872827E+02  -0.124396097E+02  -0.131844943E+02  -0.137306578E+02  -0.141774607E+02
   0.526428135E+06   0.500000000E+04  -0.134803227E+02  -0.114475871E+02  -0.126579957E+02  -0.133816015E+02  -0.136584044E+02  -0.137758467E+02  -0.123769476E+02  -0.124292746E+02  -0.131741592E+02  -0.137203227E+02  -0.141671256E+02
   0.538502206E+06   0.500000000E+04  -0.134795723E+02  -0.114468367E+02  -0.126572453E+02  -0.133808511E+02  -0.136576540E+02  -0.137750963E+02  -0.123761972E+02  -0.124285242E+02  -0.131734088E+02  -0.137195723E+02  -0.141663752E+02
   0.550954630E+06   0.500000000E+04  -0.134829444E+02  -0.114502088E+02  -0.126606175E+02  -0.133842233E+02  -0.136610261E+02  -0.137784685E+02  -0.123795694E+02  -0.124318963E+02  -0.131767809E+02  -0.137229444E+02  -0.141697473E+02
   0.563772252E+06   0.500000000E+04  -0.134877912E+02  -0.114550556E+02  -0.126654642E+02  -0.133890700E+02  -0.136658729E+02  -0.137833152E+02  -0.123844161E+02  -0.124367431E+02  -0.131816277E+02  -0.137277912E+02  -0.141745941E+02
   0.576967695E+06   0.500000000E+04  -0.134942188E+02  -0.114614832E+02  -0.126718919E+02  -0.133954977E+02  -0.136723006E+02  -0.137897429E+02  -0.123908438E+02  -0.124431708E+02  -0.131880554E+02  -0.137342188E+02  -0.141810217E+02
   0.583711174E+06   0.500000000E+04  -0.134991100E+02  -0.114663743E+02  -0.126767830E+02  -0.134003888E+02  -0.136771917E+02  -0.137946340E+02  -0.123957349E+02  -0.124480619E+02  -0.131929465E+02  -0.137391100E+02  -0.141859129E+02
   0.590554062E+06   0.500000000E+04  -0.135044699E+02  -0.114717343E+02  -0.126821430E+02  -0.134057487E+02  -0.136825516E+02  -0.137999939E+02  -0.124010949E+02  -0.124534218E+02  -0.131983064E+02  -0.137444699E+02  -0.141912728E+02
   0.597498074E+06   0.500000000E+04  -0.135101147E+02  -0.114773791E+02  -0.126877878E+02  -0.134113935E+02  -0.136881964E+02  -0.138056387E+02  -0.124067397E+02  -0.124590666E+02  -0.132039512E+02  -0.137501147E+02  -0.141969176E+02
   0.604544962E+06   0.500000000E+04  -0.135161740E+02  -0.114834384E+02  -0.126938470E+02  -0.134174528E+02  -0.136942557E+02  -0.138116980E+02  -0.124127989E+02  -0.124651259E+02  -0.132100105E+02  -0.137561740E+02  -0.142029769E+02
   0.611696508E+06   0.500000000E+04  -0.135226008E+02  -0.114898652E+02  -0.127002739E+02  -0.134238797E+02  -0.137006826E+02  -0.138181249E+02  -0.124192258E+02  -0.124715527E+02  -0.132164373E+02  -0.137626008E+02  -0.142094037E+02
   0.618954532E+06   0.500000000E+04  -0.135156072E+02  -0.114828716E+02  -0.126932803E+02  -0.134168860E+02  -0.136936889E+02  -0.138111312E+02  -0.124122322E+02  -0.124645591E+02  -0.132094437E+02  -0.137556072E+02  -0.142024101E+02
   0.626394005E+06   0.500000000E+04  -0.135189968E+02  -0.114862612E+02  -0.126966699E+02  -0.134202756E+02  -0.136970785E+02  -0.138145209E+02  -0.124156218E+02  -0.124679487E+02  -0.132128333E+02  -0.137589968E+02  -0.142057997E+02
   0.633950731E+06   0.500000000E+04  -0.135260059E+02  -0.114932703E+02  -0.127036789E+02  -0.134272847E+02  -0.137040876E+02  -0.138215299E+02  -0.124226309E+02  -0.124749578E+02  -0.132198424E+02  -0.137660059E+02  -0.142128088E+02
   0.641621733E+06   0.500000000E+04  -0.135328670E+02  -0.115001314E+02  -0.127105400E+02  -0.134341458E+02  -0.137109487E+02  -0.138283910E+02  -0.124294919E+02  -0.124818189E+02  -0.132267035E+02  -0.137728670E+02  -0.142196699E+02
   0.649409025E+06   0.500000000E+04  -0.135407978E+02  -0.115080622E+02  -0.127184708E+02  -0.134420766E+02  -0.137188795E+02  -0.138363218E+02  -0.124374227E+02  -0.124897497E+02  -0.132346343E+02  -0.137807978E+02  -0.142276007E+02
   0.657314658E+06   0.500000000E+04  -0.135501141E+02  -0.115173785E+02  -0.127277872E+02  -0.134513930E+02  -0.137281958E+02  -0.138456382E+02  -0.124467391E+02  -0.124990660E+02  -0.132439506E+02  -0.137901141E+02  -0.142369170E+02
   0.665340726E+06   0.500000000E+04  -0.135599220E+02  -0.115271864E+02  -0.127375951E+02  -0.134612008E+02  -0.137380037E+02  -0.138554461E+02  -0.124565470E+02  -0.125088739E+02  -0.132537585E+02  -0.137999220E+02  -0.142467249E+02
   0.673489360E+06   0.500000000E+04  -0.135704643E+02  -0.115377287E+02  -0.127481374E+02  -0.134717432E+02  -0.137485461E+02  -0.138659884E+02  -0.124670893E+02  -0.125194162E+02  -0.132643009E+02  -0.138104643E+02  -0.142572672E+02
   0.681762731E+06   0.500000000E+04  -0.135816471E+02  -0.115489114E+02  -0.127593201E+02  -0.134829259E+02  -0.137597288E+02  -0.138771711E+02  -0.124782720E+02  -0.125305990E+02  -0.132754836E+02  -0.138216471E+02  -0.142684500E+02
   0.690163051E+06   0.500000000E+04  -0.135935774E+02  -0.115608418E+02  -0.127712505E+02  -0.134948562E+02  -0.137716591E+02  -0.138891014E+02  -0.124902024E+02  -0.125425293E+02  -0.132874139E+02  -0.138335774E+02  -0.142803803E+02
   0.698692572E+06   0.500000000E+04  -0.136065062E+02  -0.115737706E+02  -0.127841793E+02  -0.135077851E+02  -0.137845880E+02  -0.139020303E+02  -0.125031312E+02  -0.125554581E+02  -0.133003428E+02  -0.138465062E+02  -0.142933091E+02
   0.707353588E+06   0.500000000E+04  -0.135966421E+02  -0.115639064E+02  -0.127743151E+02  -0.134979209E+02  -0.137747238E+02  -0.138921661E+02  -0.124932670E+02  -0.125455940E+02  -0.132904786E+02  -0.138366421E+02  -0.142834449E+02
   0.716231129E+06   0.500000000E+04  -0.136098547E+02  -0.115771191E+02  -0.127875278E+02  -0.135111336E+02  -0.137879365E+02  -0.139053788E+02  -0.125064797E+02  -0.125588066E+02  -0.133036913E+02  -0.138498547E+02  -0.142966576E+02
   0.725288286E+06   0.500000000E+04  -0.136239752E+02  -0.115912396E+02  -0.128016482E+02  -0.135252540E+02  -0.138020569E+02  -0.139194992E+02  -0.125206001E+02  -0.125729271E+02  -0.133178117E+02  -0.138639752E+02  -0.143107781E+02
   0.734487468E+06   0.500000000E+04  -0.136393126E+02  -0.116065770E+02  -0.128169857E+02  -0.135405915E+02  -0.138173943E+02  -0.139348367E+02  -0.125359376E+02  -0.125882645E+02  -0.133331491E+02  -0.138793126E+02  -0.143261155E+02
   0.743831159E+06   0.500000000E+04  -0.136556532E+02  -0.116229176E+02  -0.128333263E+02  -0.135569321E+02  -0.138337350E+02  -0.139511773E+02  -0.125522782E+02  -0.126046051E+02  -0.133494898E+02  -0.138956532E+02  -0.143424561E+02
   0.753321913E+06   0.500000000E+04  -0.136728330E+02  -0.116400974E+02  -0.128505061E+02  -0.135741119E+02  -0.138509148E+02  -0.139683571E+02  -0.125694580E+02  -0.126217849E+02  -0.133666696E+02  -0.139128330E+02  -0.143596359E+02
   0.762962346E+06   0.500000000E+04  -0.136908590E+02  -0.116581234E+02  -0.128685320E+02  -0.135921378E+02  -0.138689407E+02  -0.139863830E+02  -0.125874839E+02  -0.126398109E+02  -0.133846955E+02  -0.139308590E+02  -0.143776619E+02
   0.772755129E+06   0.500000000E+04  -0.137098108E+02  -0.116770752E+02  -0.128874839E+02  -0.136110896E+02  -0.138878925E+02  -0.140053349E+02  -0.126064358E+02  -0.126587627E+02  -0.134036473E+02  -0.139498108E+02  -0.143966137E+02
   0.782702987E+06   0.500000000E+04  -0.137295727E+02  -0.116968371E+02  -0.129072457E+02  -0.136308515E+02  -0.139076544E+02  -0.140250967E+02  -0.126261976E+02  -0.126785246E+02  -0.134234092E+02  -0.139695727E+02  -0.144163756E+02
   0.792808705E+06   0.500000000E+04  -0.137503293E+02  -0.117175937E+02  -0.129280023E+02  -0.136516081E+02  -0.139284110E+02  -0.140458533E+02  -0.126469542E+02  -0.126992812E+02  -0.134441658E+02  -0.139903293E+02  -0.144371322E+02
   0.803075123E+06   0.500000000E+04  -0.137452832E+02  -0.117125476E+02  -0.129229563E+02  -0.136465621E+02  -0.139233650E+02  -0.140408073E+02  -0.126419082E+02  -0.126942351E+02  -0.134391198E+02  -0.139852832E+02  -0.144320861E+02
   0.813598202E+06   0.500000000E+04  -0.137670742E+02  -0.117343386E+02  -0.129447473E+02  -0.136683530E+02  -0.139451559E+02  -0.140625982E+02  -0.126636992E+02  -0.127160261E+02  -0.134609107E+02  -0.140070742E+02  -0.144538771E+02
   0.824333897E+06   0.500000000E+04  -0.137891750E+02  -0.117564394E+02  -0.129668481E+02  -0.136904539E+02  -0.139672568E+02  -0.140846991E+02  -0.126858000E+02  -0.127381269E+02  -0.134830116E+02  -0.140291750E+02  -0.144759779E+02
   0.835243082E+06   0.500000000E+04  -0.138113559E+02  -0.117786203E+02  -0.129890289E+02  -0.137126347E+02  -0.139894376E+02  -0.141068799E+02  -0.127079808E+02  -0.127603078E+02  -0.135051924E+02  -0.140513559E+02  -0.144981588E+02
   0.846328900E+06   0.500000000E+04  -0.138347006E+02  -0.118019650E+02  -0.130123737E+02  -0.137359795E+02  -0.140127824E+02  -0.141302247E+02  -0.127313256E+02  -0.127836525E+02  -0.135285371E+02  -0.140747006E+02  -0.145215035E+02
   0.857594591E+06   0.500000000E+04  -0.138582727E+02  -0.118255371E+02  -0.130359458E+02  -0.137595516E+02  -0.140363544E+02  -0.141537968E+02  -0.127548977E+02  -0.128072246E+02  -0.135521092E+02  -0.140982727E+02  -0.145450756E+02
   0.869043471E+06   0.500000000E+04  -0.138826284E+02  -0.118498928E+02  -0.130603015E+02  -0.137839072E+02  -0.140607101E+02  -0.141781524E+02  -0.127792534E+02  -0.128315803E+02  -0.135764649E+02  -0.141226284E+02  -0.145694313E+02
   0.916967984E+06   0.500000000E+04  -0.139614762E+02  -0.119287406E+02  -0.131391493E+02  -0.138627551E+02  -0.141395580E+02  -0.142570003E+02  -0.128581012E+02  -0.129104281E+02  -0.136553128E+02  -0.142014762E+02  -0.146482791E+02
   0.968422427E+06   0.500000000E+04  -0.140681885E+02  -0.120354529E+02  -0.132458616E+02  -0.139694673E+02  -0.142462702E+02  -0.143637126E+02  -0.129648135E+02  -0.130171404E+02  -0.137620250E+02  -0.143081885E+02  -0.147549914E+02
   0.102377607E+07   0.500000000E+04  -0.141582089E+02  -0.121254733E+02  -0.133358819E+02  -0.140594877E+02  -0.143362906E+02  -0.144537329E+02  -0.130548339E+02  -0.131071608E+02  -0.138520454E+02  -0.143982089E+02  -0.148450118E+02
   0.106790188E+07   0.500000000E+04  -0.142417724E+02  -0.122090368E+02  -0.134194455E+02  -0.141430513E+02  -0.144198542E+02  -0.145372965E+02  -0.131383974E+02  -0.131907243E+02  -0.139356090E+02  -0.144817724E+02  -0.149285753E+02
   0.111453087E+07   0.500000000E+04  -0.143089407E+02  -0.122762051E+02  -0.134866138E+02  -0.142102196E+02  -0.144870225E+02  -0.146044648E+02  -0.132055657E+02  -0.132578926E+02  -0.140027772E+02  -0.145489407E+02  -0.149957436E+02
   0.116369906E+07   0.500000000E+04  -0.143931646E+02  -0.123604290E+02  -0.135708377E+02  -0.142944434E+02  -0.145712463E+02  -0.146886886E+02  -0.132897896E+02  -0.133421165E+02  -0.140870011E+02  -0.146331646E+02  -0.150799675E+02
   0.121572441E+07   0.500000000E+04  -0.144584795E+02  -0.124257439E+02  -0.136361526E+02  -0.143597584E+02  -0.146365612E+02  -0.147540036E+02  -0.133551045E+02  -0.134074314E+02  -0.141523160E+02  -0.146984795E+02  -0.151452824E+02
   0.127066857E+07   0.500000000E+04  -0.145304101E+02  -0.124976745E+02  -0.137080832E+02  -0.144316890E+02  -0.147084919E+02  -0.148259342E+02  -0.134270351E+02  -0.134793620E+02  -0.142242466E+02  -0.147704101E+02  -0.152172130E+02
   0.132884620E+07   0.500000000E+04  -0.146134010E+02  -0.125806654E+02  -0.137910741E+02  -0.145146799E+02  -0.147914828E+02  -0.149089251E+02  -0.135100260E+02  -0.135623529E+02  -0.143072376E+02  -0.148534010E+02  -0.153002039E+02
   0.136933635E+07   0.500000000E+04  -0.146580868E+02  -0.126253512E+02  -0.138357599E+02  -0.145593656E+02  -0.148361685E+02  -0.149536108E+02  -0.135547118E+02  -0.136070387E+02  -0.143519233E+02  -0.148980868E+02  -0.153448897E+02
   0.141144224E+07   0.500000000E+04  -0.147108909E+02  -0.126781553E+02  -0.138885640E+02  -0.146121698E+02  -0.148889727E+02  -0.150064150E+02  -0.136075159E+02  -0.136598428E+02  -0.144047275E+02  -0.149508909E+02  -0.153976938E+02
   0.145503497E+07   0.500000000E+04  -0.147610795E+02  -0.127283438E+02  -0.139387525E+02  -0.146623583E+02  -0.149391612E+02  -0.150566035E+02  -0.136577044E+02  -0.137100314E+02  -0.144549160E+02  -0.150010795E+02  -0.154478823E+02
   0.150029780E+07   0.500000000E+04  -0.147993650E+02  -0.127666294E+02  -0.139770380E+02  -0.147006438E+02  -0.149774467E+02  -0.150948890E+02  -0.136959899E+02  -0.137483169E+02  -0.144932015E+02  -0.150393650E+02  -0.154861679E+02
   0.154729959E+07   0.500000000E+04  -0.148453170E+02  -0.128125814E+02  -0.140229901E+02  -0.147465958E+02  -0.150233987E+02  -0.151408410E+02  -0.137419420E+02  -0.137942689E+02  -0.145391535E+02  -0.150853170E+02  -0.155321199E+02
   0.159605843E+07   0.500000000E+04  -0.148814341E+02  -0.128486985E+02  -0.140591072E+02  -0.147827130E+02  -0.150595159E+02  -0.151769582E+02  -0.137780591E+02  -0.138303860E+02  -0.145752707E+02  -0.151214341E+02  -0.155682370E+02
   0.164664538E+07   0.500000000E+04  -0.149200248E+02  -0.128872892E+02  -0.140976978E+02  -0.148213036E+02  -0.150981065E+02  -0.152155488E+02  -0.138166497E+02  -0.138689767E+02  -0.146138613E+02  -0.151600248E+02  -0.156068277E+02
   0.169915836E+07   0.500000000E+04  -0.149494364E+02  -0.129167008E+02  -0.141271094E+02  -0.148507152E+02  -0.151275181E+02  -0.152449604E+02  -0.138460614E+02  -0.138983883E+02  -0.146432729E+02  -0.151894364E+02  -0.156362393E+02
   0.175367573E+07   0.500000000E+04  -0.149802750E+02  -0.129475394E+02  -0.141579481E+02  -0.148815539E+02  -0.151583567E+02  -0.152757991E+02  -0.138769000E+02  -0.139292269E+02  -0.146741115E+02  -0.152202750E+02  -0.156670779E+02
   0.186869520E+07   0.500000000E+04  -0.150234457E+02  -0.129907101E+02  -0.142011188E+02  -0.149247245E+02  -0.152015274E+02  -0.153189697E+02  -0.139200707E+02  -0.139723976E+02  -0.147172822E+02  -0.152634457E+02  -0.157102486E+02
   0.195850076E+07   0.500000000E+04  -0.150433297E+02  -0.130105941E+02  -0.142210028E+02  -0.149446086E+02  -0.152214115E+02  -0.153388538E+02  -0.139399547E+02  -0.139922816E+02  -0.147371662E+02  -0.152833297E+02  -0.157301326E+02
   0.204967468E+07   0.500000000E+04  -0.150578756E+02  -0.130251400E+02  -0.142355487E+02  -0.149591545E+02  -0.152359574E+02  -0.153533997E+02  -0.139545006E+02  -0.140068275E+02  -0.147517122E+02  -0.152978756E+02  -0.157446785E+02
   0.214233987E+07   0.500000000E+04  -0.150633356E+02  -0.130305999E+02  -0.142410086E+02  -0.149646144E+02  -0.152414173E+02  -0.153588596E+02  -0.139599605E+02  -0.140122875E+02  -0.147571721E+02  -0.153033356E+02  -0.157501385E+02
   0.223648996E+07   0.500000000E+04  -0.150592702E+02  -0.130265346E+02  -0.142369433E+02  -0.149605490E+02  -0.152373519E+02  -0.153547942E+02  -0.139558952E+02  -0.140082221E+02  -0.147531067E+02  -0.152992702E+02  -0.157460731E+02
   0.233223945E+07   0.500000000E+04  -0.150496017E+02  -0.130168661E+02  -0.142272748E+02  -0.149508805E+02  -0.152276834E+02  -0.153451257E+02  -0.139462267E+02  -0.139985536E+02  -0.147434382E+02  -0.152896017E+02  -0.157364046E+02
   0.242940828E+07   0.500000000E+04  -0.150425664E+02  -0.130098308E+02  -0.142202394E+02  -0.149438452E+02  -0.152206481E+02  -0.153380904E+02  -0.139391913E+02  -0.139915183E+02  -0.147364029E+02  -0.152825664E+02  -0.157293693E+02
   0.252816883E+07   0.500000000E+04  -0.150276161E+02  -0.129948805E+02  -0.142052891E+02  -0.149288949E+02  -0.152056978E+02  -0.153231401E+02  -0.139242410E+02  -0.139765680E+02  -0.147214526E+02  -0.152676161E+02  -0.157144190E+02
   0.262877130E+07   0.500000000E+04  -0.150119639E+02  -0.129792283E+02  -0.141896370E+02  -0.149132428E+02  -0.151900456E+02  -0.153074880E+02  -0.139085889E+02  -0.139609158E+02  -0.147058004E+02  -0.152519639E+02  -0.156987668E+02
   0.273102149E+07   0.500000000E+04  -0.149917334E+02  -0.129589978E+02  -0.141694065E+02  -0.148930123E+02  -0.151698151E+02  -0.152872575E+02  -0.138883584E+02  -0.139406853E+02  -0.146855699E+02  -0.152317334E+02  -0.156785363E+02
   0.283506782E+07   0.500000000E+04  -0.149745893E+02  -0.129418537E+02  -0.141522623E+02  -0.148758681E+02  -0.151526710E+02  -0.152701133E+02  -0.138712142E+02  -0.139235412E+02  -0.146684258E+02  -0.152145893E+02  -0.156613922E+02
   0.294084174E+07   0.500000000E+04  -0.149553198E+02  -0.129225842E+02  -0.141329929E+02  -0.148565987E+02  -0.151334016E+02  -0.152508439E+02  -0.138519448E+02  -0.139042717E+02  -0.146491564E+02  -0.151953198E+02  -0.156421227E+02
   0.304856779E+07   0.500000000E+04  -0.149337638E+02  -0.129010281E+02  -0.141114368E+02  -0.148350426E+02  -0.151118455E+02  -0.152292878E+02  -0.138303887E+02  -0.138827157E+02  -0.146276003E+02  -0.151737638E+02  -0.156205666E+02
   0.315827957E+07   0.500000000E+04  -0.149106919E+02  -0.128779563E+02  -0.140883650E+02  -0.148119708E+02  -0.150887736E+02  -0.152062160E+02  -0.138073169E+02  -0.138596438E+02  -0.146045284E+02  -0.151506919E+02  -0.155974948E+02
   0.327014312E+07   0.500000000E+04  -0.148830057E+02  -0.128502701E+02  -0.140606787E+02  -0.147842845E+02  -0.150610874E+02  -0.151785297E+02  -0.137796306E+02  -0.138319576E+02  -0.145768422E+02  -0.151230057E+02  -0.155698086E+02
   0.338422366E+07   0.500000000E+04  -0.148584682E+02  -0.128257326E+02  -0.140361413E+02  -0.147597470E+02  -0.150365499E+02  -0.151539922E+02  -0.137550932E+02  -0.138074201E+02  -0.145523047E+02  -0.150984682E+02  -0.155452711E+02
   0.350074441E+07   0.500000000E+04  -0.148262715E+02  -0.127935359E+02  -0.140039445E+02  -0.147275503E+02  -0.150043532E+02  -0.151217955E+02  -0.137228964E+02  -0.137752234E+02  -0.145201080E+02  -0.150662715E+02  -0.155130744E+02
   0.361995451E+07   0.500000000E+04  -0.147893486E+02  -0.127566130E+02  -0.139670217E+02  -0.146906274E+02  -0.149674303E+02  -0.150848726E+02  -0.136859736E+02  -0.137383005E+02  -0.144831851E+02  -0.150293486E+02  -0.154761515E+02
   0.370080680E+07   0.500000000E+04  -0.147589813E+02  -0.127262457E+02  -0.139366544E+02  -0.146602602E+02  -0.149370631E+02  -0.150545054E+02  -0.136556063E+02  -0.137079332E+02  -0.144528179E+02  -0.149989813E+02  -0.154457842E+02
   0.378308390E+07   0.500000000E+04  -0.147323045E+02  -0.126995689E+02  -0.139099776E+02  -0.146335833E+02  -0.149103862E+02  -0.150278285E+02  -0.136289295E+02  -0.136812564E+02  -0.144261410E+02  -0.149723045E+02  -0.154191074E+02
   0.386680312E+07   0.500000000E+04  -0.147054535E+02  -0.126727179E+02  -0.138831265E+02  -0.146067323E+02  -0.148835352E+02  -0.150009775E+02  -0.136020784E+02  -0.136544054E+02  -0.143992900E+02  -0.149454535E+02  -0.153922564E+02
   0.395170365E+07   0.500000000E+04  -0.146693900E+02  -0.126366543E+02  -0.138470630E+02  -0.145706688E+02  -0.148474717E+02  -0.149649140E+02  -0.135660149E+02  -0.136183419E+02  -0.143632265E+02  -0.149093900E+02  -0.153561929E+02
   0.403819990E+07   0.500000000E+04  -0.146307945E+02  -0.125980589E+02  -0.138084676E+02  -0.145320734E+02  -0.148088763E+02  -0.149263186E+02  -0.135274195E+02  -0.135797464E+02  -0.143246310E+02  -0.148707945E+02  -0.153175974E+02
   0.412617063E+07   0.500000000E+04  -0.145889556E+02  -0.125562200E+02  -0.137666287E+02  -0.144902345E+02  -0.147670374E+02  -0.148844797E+02  -0.134855806E+02  -0.135379075E+02  -0.142827922E+02  -0.148289556E+02  -0.152757585E+02
   0.421584838E+07   0.500000000E+04  -0.145426026E+02  -0.125098670E+02  -0.137202757E+02  -0.144438815E+02  -0.147206843E+02  -0.148381267E+02  -0.134392276E+02  -0.134915545E+02  -0.142364391E+02  -0.147826026E+02  -0.152294055E+02
   0.430735574E+07   0.500000000E+04  -0.144923163E+02  -0.124595807E+02  -0.136699894E+02  -0.143935952E+02  -0.146703981E+02  -0.147878404E+02  -0.133889413E+02  -0.134412682E+02  -0.141861529E+02  -0.147323163E+02  -0.151791192E+02
   0.440070458E+07   0.500000000E+04  -0.144368250E+02  -0.124040893E+02  -0.136144980E+02  -0.143381038E+02  -0.146149067E+02  -0.147323490E+02  -0.133334499E+02  -0.133857769E+02  -0.141306615E+02  -0.146768250E+02  -0.151236278E+02
   0.449593952E+07   0.500000000E+04  -0.143732346E+02  -0.123404990E+02  -0.135509076E+02  -0.142745134E+02  -0.145513163E+02  -0.146687586E+02  -0.132698595E+02  -0.133221865E+02  -0.140670711E+02  -0.146132346E+02  -0.150600375E+02
   0.459315708E+07   0.500000000E+04  -0.143039833E+02  -0.122712477E+02  -0.134816563E+02  -0.142052621E+02  -0.144820650E+02  -0.145995073E+02  -0.132006082E+02  -0.132529352E+02  -0.139978198E+02  -0.145439833E+02  -0.149907862E+02
   0.469239607E+07   0.500000000E+04  -0.142223791E+02  -0.121896435E+02  -0.134000522E+02  -0.141236580E+02  -0.144004608E+02  -0.145179032E+02  -0.131190041E+02  -0.131713310E+02  -0.139162156E+02  -0.144623791E+02  -0.149091820E+02
   0.479368920E+07   0.500000000E+04  -0.141321561E+02  -0.120994205E+02  -0.133098291E+02  -0.140334349E+02  -0.143102378E+02  -0.144276801E+02  -0.130287810E+02  -0.130811080E+02  -0.138259926E+02  -0.143721561E+02  -0.148189590E+02
   0.489706947E+07   0.500000000E+04  -0.140254159E+02  -0.119926803E+02  -0.132030890E+02  -0.139266947E+02  -0.142034976E+02  -0.143209399E+02  -0.129220409E+02  -0.129743678E+02  -0.137192524E+02  -0.142654159E+02  -0.147122188E+02
