  0.0000000000E+000  0.0000000000E+000
  2.2316719414E+001  1.3096526236E+012
  1.0072383902E+004  4.6724255064E+013
  2.0165576819E+004  7.6013703787E+013
  3.0236935294E+004  9.8110914039E+013
  4.0367461227E+004  1.1964866391E+014
  5.0573320415E+004  1.3585558883E+014
  6.0830304659E+004  1.4793946628E+014
  7.1122420645E+004  1.5740771858E+014
  8.1257928139E+004  1.6567631762E+014
  9.1999182939E+004  1.7332102135E+014
  1.0239832579E+005  1.8087252874E+014
  1.1305178015E+005  1.8946427499E+014
  1.2367670626E+005  1.9931284452E+014
  1.3387661502E+005  2.0910522266E+014
  1.4415705742E+005  2.1928093582E+014
  1.5436633233E+005  2.2939485403E+014
  1.6433915202E+005  2.3902500720E+014
  1.7515782861E+005  2.4906685280E+014
  1.8568470318E+005  2.5832293328E+014
  1.9558072900E+005  2.6654255070E+014
  2.0618514033E+005  2.7485223050E+014
  2.1589571606E+005  2.8228161478E+014
  2.2623632652E+005  2.8988565733E+014
  2.3726716661E+005  2.9756532428E+014
  2.4703485959E+005  3.0392454141E+014
  2.5737081763E+005  3.1061592542E+014
  2.6841683697E+005  3.1747579262E+014
  2.7779604081E+005  3.2308729909E+014
  2.8764101548E+005  3.2844914940E+014
  2.9798143479E+005  3.3468276105E+014
  3.0884874325E+005  3.4065546813E+014
  3.2027642412E+005  3.4704249238E+014
  3.2923636985E+005  3.5212916158E+014
  3.3854765854E+005  3.5742782124E+014
  3.4822723054E+005  3.6269799356E+014
  3.5839680920E+005  3.6846714339E+014
  3.6897981831E+005  3.7461131698E+014
  3.7999714661E+005  3.8054017159E+014
  3.9147096035E+005  3.8709356096E+014
  4.0342474710E+005  3.9365657823E+014
  4.1167281601E+005  3.9796879054E+014
  4.2015296417E+005  4.0303562401E+014
  4.2887322454E+005  4.0775644587E+014
  4.3784194403E+005  4.1217343037E+014
  4.4716556766E+005  4.1782951941E+014
  4.5676082579E+005  4.2215928171E+014
  4.6663747081E+005  4.2793365833E+014
  4.7680563322E+005  4.3334154267E+014
  4.8727583934E+005  4.3804095871E+014
  4.9805903331E+005  4.4435608889E+014
  5.0916549518E+005  4.5024306869E+014
  5.2059246274E+005  4.5532064364E+014
  5.3240969988E+005  4.6229482821E+014
  5.4468353846E+005  4.6748104920E+014
  5.5731701304E+005  4.7432139174E+014
  5.7032193832E+005  4.8074479534E+014
  5.8371117417E+005  4.8651833703E+014
  5.9055406166E+005  4.9032257821E+014
  5.9749807423E+005  4.9400675746E+014
  6.0454496190E+005  4.9754005207E+014
  6.1169650834E+005  5.0090497453E+014
  6.1895453159E+005  5.0407651395E+014
  6.2639400542E+005  5.0795655043E+014
  6.3395073142E+005  5.1157607160E+014
  6.4162173330E+005  5.1499615905E+014
  6.4940902460E+005  5.1822610813E+014
  6.5731465812E+005  5.2164910119E+014
  6.6534072598E+005  5.2584402924E+014
  6.7348935978E+005  5.2991338562E+014
  6.8176273094E+005  5.3384398484E+014
  6.9016305103E+005  5.3761315848E+014
  6.9869257225E+005  5.4118958350E+014
  7.0735358795E+005  5.4499662595E+014
  7.1623112905E+005  5.4987165069E+014
  7.2528828590E+005  5.5369709840E+014
  7.3448746775E+005  5.5732720838E+014
  7.4383115856E+005  5.6166081915E+014
  7.5332191321E+005  5.6643459033E+014
  7.6296234631E+005  5.7111444573E+014
  7.7275512873E+005  5.7568434249E+014
  7.8270298715E+005  5.8012321339E+014
  7.9280870487E+005  5.8439923558E+014
  8.0307512302E+005  5.8891274001E+014
  8.1359820162E+005  5.9454584759E+014
  8.2433389708E+005  5.9916553042E+014
  8.3524308160E+005  6.0364647316E+014
  8.4632890031E+005  6.0848838729E+014
  8.5759459111E+005  6.1408608683E+014
  8.6904347072E+005  6.1961595500E+014
  8.8067893062E+005  6.2505608348E+014
  9.2951504714E+005  6.4669963284E+014
  9.8182673196E+005  6.6918834149E+014
  1.0382390577E+006  6.9287500090E+014
  1.0831103420E+006  7.1243716291E+014
  1.1306438217E+006  7.3086009512E+014
  1.1806511809E+006  7.5013190151E+014
  1.2337268090E+006  7.6942276192E+014
  1.2897282471E+006  7.8881035085E+014
  1.3489166958E+006  8.0816521894E+014
  1.3902067586E+006  8.2161708563E+014
  1.4330494387E+006  8.3415885246E+014
  1.4774056003E+006  8.4781971964E+014
  1.5235933400E+006  8.5994699220E+014
  1.5714239837E+006  8.7333833681E+014
  1.6211295857E+006  8.8520234540E+014
  1.6726137849E+006  8.9823138374E+014
  1.7261760302E+006  9.0979287111E+014
  1.7816659380E+006  9.2212342459E+014
  1.8981632897E+006  9.4400778023E+014
  1.9884320874E+006  9.5795832095E+014
  2.0801086195E+006  9.6880064683E+014
  2.1732739113E+006  9.7841858429E+014
  2.2679609875E+006  9.8678480446E+014
  2.3641887106E+006  9.9370053673E+014
  2.4618913545E+006  1.0013702623E+015
  2.5612669932E+006  1.0120350671E+015
  2.6624212110E+006  1.0224200169E+015
  2.7652712399E+006  1.0382118713E+015
  2.8698951524E+006  1.0550669710E+015
  2.9763195419E+006  1.0731514773E+015
  3.0847071592E+006  1.0945678386E+015
  3.1951344443E+006  1.1157660923E+015
  3.3077350005E+006  1.1370457759E+015
  3.4226252667E+006  1.1589030612E+015
  3.5400372354E+006  1.1795992567E+015
  3.6601563527E+006  1.1991104507E+015
  3.7419083307E+006  1.2118520610E+015
  3.8247146240E+006  1.2237035575E+015
  3.9090218026E+006  1.2344099281E+015
  3.9948511415E+006  1.2451671774E+015
  4.0820214226E+006  1.2542651440E+015
  4.1707988477E+006  1.2626136701E+015
  4.2613857373E+006  1.2696755047E+015
  4.3538228106E+006  1.2752962326E+015
  4.4480922414E+006  1.2794383157E+015
  4.5443023756E+006  1.2827043396E+015
  4.6425377372E+006  1.2848739094E+015
  4.7427904646E+006  1.2856604014E+015
  4.8451346983E+006  1.2867189583E+015
  4.9495614068E+006  1.2887291418E+015
  5.0000000000E+006  1.2887291418E+015
