  0.0000000000E+000  0.0000000000E+000
  2.2316719414E+001 -4.1207846016E+003
  1.0072383902E+004  4.8912965998E+009
  2.0165576819E+004  3.8633282365E+009
  3.0236935294E+004  3.2948486440E+009
  4.0367461227E+004  2.9964773957E+009
  5.0573320415E+004  2.7087138173E+009
  6.0830304659E+004  2.4476449568E+009
  7.1122420645E+004  2.2242701422E+009
  8.1257928139E+004  2.0469435572E+009
  9.1999182939E+004  1.8897968273E+009
  1.0239832579E+005  1.7708166865E+009
  1.1305178015E+005  1.6794326222E+009
  1.2367670626E+005  1.6145195018E+009
  1.3387661502E+005  1.5644853764E+009
  1.4415705742E+005  1.5233742617E+009
  1.5436633233E+005  1.4880344594E+009
  1.6433915202E+005  1.4562369967E+009
  1.7515782861E+005  1.4235261307E+009
  1.8568470318E+005  1.3925848888E+009
  1.9558072900E+005  1.3640733421E+009
  2.0618514033E+005  1.3341442772E+009
  2.1589571606E+005  1.3084886348E+009
  2.2623632652E+005  1.2822342746E+009
  2.3726716661E+005  1.2549316009E+009
  2.4703485959E+005  1.2310061475E+009
  2.5737081763E+005  1.2075228256E+009
  2.6841683697E+005  1.1833417121E+009
  2.7779604081E+005  1.1635544427E+009
  2.8764101548E+005  1.1423362108E+009
  2.9798143479E+005  1.1235913077E+009
  3.0884874325E+005  1.1033724332E+009
  3.2027642412E+005  1.0839294585E+009
  3.2923636985E+005  1.0698711183E+009
  3.3854765854E+005  1.0560887776E+009
  3.4822723054E+005  1.0418592847E+009
  3.5839680920E+005  1.0283865590E+009
  3.6897981831E+005  1.0155356818E+009
  3.7999714661E+005  1.0016873359E+009
  3.9147096035E+005  9.8906215408E+008
  4.0342474710E+005  9.7601671569E+008
  4.1167281601E+005  9.6693164986E+008
  4.2015296417E+005  9.5947082954E+008
  4.2887322454E+005  9.5096463747E+008
  4.3784194403E+005  9.4156795946E+008
  4.4716556766E+005  9.3458052771E+008
  4.5676082579E+005  9.2442122644E+008
  4.6663747081E+005  9.1722594778E+008
  4.7680563322E+005  9.0900315284E+008
  4.8727583934E+005  8.9911032619E+008
  4.9805903331E+005  8.9232050163E+008
  5.0916549518E+005  8.8441460602E+008
  5.2059246274E+005  8.7475077927E+008
  5.3240969988E+005  8.6843167442E+008
  5.4468353846E+005  8.5837970638E+008
  5.5731701304E+005  8.5119239532E+008
  5.7032193832E+005  8.4304232973E+008
  5.8371117417E+005  8.3359186720E+008
  5.9055406166E+005  8.3037347464E+008
  5.9749807423E+005  8.2688775724E+008
  6.0454496190E+005  8.2309229112E+008
  6.1169650834E+005  8.1896871304E+008
  6.1895453159E+005  8.1448767626E+008
  6.2639400542E+005  8.1100742734E+008
  6.3395073142E+005  8.0704833411E+008
  6.4162173330E+005  8.0272850730E+008
  6.4940902460E+005  7.9807486188E+008
  6.5731465812E+005  7.9368245233E+008
  6.6534072598E+005  7.9041223679E+008
  6.7348935978E+005  7.8689019115E+008
  6.8176273094E+005  7.8310540792E+008
  6.9016305103E+005  7.7903404006E+008
  6.9869257225E+005  7.7464130572E+008
  7.0735358795E+005  7.7053748461E+008
  7.1623112905E+005  7.6779294702E+008
  7.2528828590E+005  7.6347841415E+008
  7.3448746775E+005  7.5885747021E+008
  7.4383115856E+005  7.5515040038E+008
  7.5332191321E+005  7.5197308216E+008
  7.6296234631E+005  7.4860478800E+008
  7.7275512873E+005  7.4503128525E+008
  7.8270298715E+005  7.4123286191E+008
  7.9280870487E+005  7.3717748072E+008
  8.0307512302E+005  7.3337328294E+008
  8.1359820162E+005  7.3081155759E+008
  8.2433389708E+005  7.2689758660E+008
  8.3524308160E+005  7.2276793545E+008
  8.4632890031E+005  7.1902141179E+008
  8.5759459111E+005  7.1610324701E+008
  8.6904347072E+005  7.1303235459E+008
  8.8067893062E+005  7.0978899642E+008
  9.2951504714E+005  6.9578220197E+008
  9.8182673196E+005  6.8161682976E+008
  1.0382390577E+006  6.6739757362E+008
  1.0831103420E+006  6.5781161152E+008
  1.1306438217E+006  6.4645330827E+008
  1.1806511809E+006  6.3539848924E+008
  1.2337268090E+006  6.2370377363E+008
  1.2897282471E+006  6.1165933731E+008
  1.3489166958E+006  5.9917514832E+008
  1.3902067586E+006  5.9106044478E+008
  1.4330494387E+006  5.8214722629E+008
  1.4774056003E+006  5.7392214820E+008
  1.5235933400E+006  5.6449050758E+008
  1.5714239837E+006  5.5583829290E+008
  1.6211295857E+006  5.4612290866E+008
  1.6726137849E+006  5.3711221889E+008
  1.7261760302E+006  5.2715464706E+008
  1.7816659380E+006  5.1766928382E+008
  1.8981632897E+006  4.9745532656E+008
  1.9884320874E+006  4.8191379419E+008
  2.0801086195E+006  4.6591617341E+008
  2.1732739113E+006  4.5040313551E+008
  2.2679609875E+006  4.3532781982E+008
  2.3641887106E+006  4.2057885002E+008
  2.4618913545E+006  4.0705195477E+008
  2.5612669932E+006  3.9547175918E+008
  2.6624212110E+006  3.8439755927E+008
  2.7652712399E+006  3.7585568756E+008
  2.8698951524E+006  3.6806706135E+008
  2.9763195419E+006  3.6101815980E+008
  3.0847071592E+006  3.5530291540E+008
  3.1951344443E+006  3.4968248080E+008
  3.3077350005E+006  3.4423387848E+008
  3.4226252667E+006  3.3908475349E+008
  3.5400372354E+006  3.3370498092E+008
  3.6601563527E+006  3.2810436753E+008
  3.7419083307E+006  3.2435424070E+008
  3.8247146240E+006  3.2044256572E+008
  3.9090218026E+006  3.1628185716E+008
  3.9948511415E+006  3.1218944218E+008
  4.0820214226E+006  3.0776153169E+008
  4.1707988477E+006  3.0322229342E+008
  4.2613857373E+006  2.9844474968E+008
  4.3538228106E+006  2.9341183078E+008
  4.4480922414E+006  2.8813937024E+008
  4.5443023756E+006  2.8277748683E+008
  4.6425377372E+006  2.7728734761E+008
  4.7427904646E+006  2.7162487450E+008
  4.8451346983E+006  2.6613786940E+008
  4.9495614068E+006  2.6093733860E+008
  5.0000000000E+006  2.6093733860E+008
