 0007   0.101598E+00   0.296137E+09   0.291478E+10   0.130046E+10   0.911565E+14
 0008   0.136639E+00   0.359986E+09   0.182216E+10   0.125550E+10   0.682832E+14
 0009   0.174909E+00   0.429731E+09   0.182242E+10   0.121417E+10   0.524898E+14
 0010   0.218437E+00   0.505398E+09   0.173833E+10   0.116750E+10   0.412389E+14
 0011   0.266145E+00   0.584205E+09   0.165188E+10   0.112761E+10   0.329506E+14
 0012   0.316363E+00   0.665171E+09   0.161230E+10   0.109462E+10   0.266579E+14
 0013   0.366884E+00   0.746996E+09   0.161962E+10   0.107286E+10   0.217627E+14
 0014   0.425473E+00   0.834596E+09   0.149516E+10   0.104398E+10   0.178731E+14
 0015   0.493418E+00   0.927569E+09   0.136835E+10   0.101353E+10   0.147314E+14
 0016   0.556557E+00   0.101827E+10   0.143647E+10   0.100038E+10   0.121600E+14
 0017   0.637085E+00   0.111930E+10   0.125462E+10   0.973517E+09   0.100295E+14
 0018   0.721444E+00   0.122334E+10   0.123334E+10   0.952468E+09   0.824753E+13
 0019   0.794655E+00   0.132345E+10   0.136733E+10   0.950224E+09   0.674570E+13
 0020   0.886648E+00   0.143608E+10   0.122442E+10   0.936272E+09   0.547162E+13
 0021   0.984798E+00   0.155489E+10   0.121046E+10   0.923869E+09   0.438523E+13
 0022   0.109058E+01   0.168062E+10   0.118855E+10   0.914422E+09   0.345583E+13
 0023   0.120451E+01   0.181447E+10   0.117482E+10   0.908068E+09   0.265890E+13
 0024   0.132663E+01   0.195772E+10   0.117310E+10   0.907824E+09   0.197477E+13
 0025   0.148027E+01   0.212431E+10   0.108429E+10   0.896125E+09   0.138730E+13
 0026   0.162144E+01   0.229320E+10   0.119634E+10   0.906733E+09   0.102973E+13
 0027   0.179968E+01   0.249466E+10   0.113028E+10   0.920402E+09   0.844548E+12
 0028   0.199631E+01   0.273218E+10   0.120794E+10   0.953648E+09   0.680975E+12
 0029   0.225412E+01   0.304937E+10   0.123035E+10   0.101509E+10   0.540519E+12
 0030   0.263498E+01   0.354034E+10   0.128908E+10   0.102785E+10   0.425470E+12
 0031   0.305831E+01   0.414186E+10   0.142095E+10   0.106288E+10   0.335938E+12
 0032   0.376491E+01   0.502468E+10   0.124939E+10   0.100131E+10   0.269466E+12
 0033   0.442620E+01   0.586200E+10   0.126619E+10   0.969377E+09   0.220027E+12
 0034   0.521705E+01   0.674516E+10   0.111672E+10   0.937312E+09   0.182033E+12
 0035   0.603218E+01   0.763290E+10   0.108907E+10   0.914734E+09   0.152082E+12
 0036   0.693810E+01   0.856275E+10   0.102642E+10   0.892128E+09   0.127968E+12
 0037   0.791075E+01   0.953147E+10   0.995962E+09   0.871416E+09   0.108212E+12
 0038   0.884318E+01   0.104892E+11   0.102715E+10   0.861464E+09   0.917860E+11
 0039   0.997227E+01   0.115427E+11   0.933067E+09   0.842051E+09   0.779742E+11
 0040   0.110301E+02   0.125768E+11   0.977545E+09   0.836203E+09   0.662799E+11
 0041   0.123096E+02   0.137241E+11   0.896660E+09   0.819075E+09   0.562962E+11
 0042   0.134918E+02   0.148443E+11   0.947557E+09   0.816099E+09   0.477029E+11
 0043   0.149147E+02   0.160887E+11   0.874543E+09   0.806306E+09   0.402682E+11
 0044   0.164196E+02   0.174031E+11   0.873430E+09   0.799432E+09   0.338122E+11
 0045   0.180241E+02   0.188018E+11   0.871736E+09   0.795558E+09   0.281992E+11
 0046   0.197389E+02   0.203033E+11   0.875615E+09   0.793936E+09   0.233195E+11
 0047   0.215881E+02   0.219261E+11   0.877588E+09   0.794792E+09   0.190778E+11
 0048   0.235764E+02   0.236912E+11   0.887735E+09   0.800544E+09   0.153620E+11
 0049   0.260120E+02   0.257526E+11   0.846341E+09   0.800834E+09   0.122203E+11
 0050   0.284011E+02   0.279560E+11   0.922295E+09   0.814652E+09   0.948993E+10
 0051   0.316893E+02   0.307370E+11   0.845755E+09   0.805344E+09   0.716363E+10
 0052   0.346355E+02   0.333463E+11   0.885633E+09   0.811735E+09   0.543903E+10
 0053   0.374886E+02   0.359091E+11   0.898261E+09   0.827159E+09   0.414547E+10
 0054   0.409437E+02   0.387089E+11   0.810345E+09   0.834109E+09   0.316672E+10
 0055   0.439111E+02   0.413888E+11   0.903086E+09   0.855371E+09   0.242129E+10
 0056   0.472531E+02   0.442936E+11   0.869189E+09   0.871514E+09   0.184994E+10
 0057   0.506095E+02   0.473079E+11   0.898074E+09   0.893575E+09   0.140988E+10
 0058   0.539809E+02   0.504817E+11   0.941387E+09   0.926171E+09   0.107005E+10
 0059   0.578341E+02   0.541149E+11   0.942927E+09   0.960354E+09   0.808917E+09
 0060   0.618923E+02   0.582263E+11   0.101310E+10   0.996686E+09   0.610528E+09
 0061   0.662973E+02   0.629044E+11   0.106198E+10   0.102973E+10   0.460995E+09
 0062   0.710738E+02   0.681318E+11   0.109443E+10   0.105222E+10   0.349043E+09
 0063   0.762936E+02   0.737993E+11   0.108574E+10   0.106384E+10   0.265732E+09
 0064   0.813482E+02   0.794827E+11   0.112440E+10   0.108372E+10   0.203554E+09
 0065   0.866365E+02   0.853922E+11   0.111746E+10   0.110356E+10   0.156750E+09
 0066   0.919669E+02   0.914569E+11   0.113778E+10   0.112742E+10   0.121237E+09
 0067   0.972558E+02   0.976891E+11   0.117836E+10   0.115723E+10   0.940894E+08
 0068   0.103172E+03   0.104493E+12   0.114991E+10   0.117753E+10   0.732116E+08
 0069   0.109143E+03   0.111593E+12   0.118911E+10   0.119697E+10   0.570698E+08
 0070   0.114609E+03   0.118632E+12   0.128773E+10   0.123398E+10   0.445044E+08
 0071   0.120231E+03   0.126079E+12   0.132471E+10   0.127031E+10   0.346792E+08
 0072   0.126680E+03   0.134297E+12   0.127430E+10   0.130308E+10   0.269807E+08
 0073   0.133337E+03   0.143134E+12   0.132743E+10   0.133541E+10   0.209472E+08
 0074   0.139474E+03   0.152119E+12   0.146427E+10   0.139411E+10   0.162228E+08
 0075   0.146673E+03   0.162523E+12   0.144510E+10   0.144344E+10   0.125292E+08
 0076   0.154198E+03   0.174006E+12   0.152598E+10   0.150294E+10   0.964183E+07
 0077   0.163096E+03   0.187552E+12   0.152244E+10   0.155830E+10   0.738680E+07
 0078   0.171632E+03   0.202357E+12   0.173422E+10   0.162473E+10   0.563784E+07
 0079   0.182075E+03   0.219973E+12   0.168692E+10   0.166185E+10   0.428244E+07
 0080   0.192561E+03   0.238738E+12   0.178966E+10   0.170712E+10   0.323028E+07
 0081   0.204126E+03   0.259367E+12   0.178368E+10   0.172644E+10   0.242963E+07
 0082   0.215217E+03   0.279881E+12   0.184964E+10   0.176629E+10   0.183320E+07
 0083   0.228272E+03   0.302520E+12   0.173412E+10   0.176527E+10   0.139086E+07
 0084   0.239965E+03   0.323872E+12   0.182601E+10   0.180485E+10   0.106248E+07
 0085   0.251602E+03   0.345835E+12   0.188735E+10   0.184422E+10   0.816611E+06
 0086   0.262999E+03   0.368129E+12   0.195620E+10   0.191215E+10   0.629915E+06
 0087   0.275718E+03   0.393074E+12   0.196110E+10   0.196148E+10   0.487619E+06
 0088   0.288685E+03   0.419574E+12   0.204380E+10   0.202030E+10   0.379514E+06
 0089   0.302271E+03   0.448349E+12   0.211791E+10   0.208583E+10   0.297738E+06
 0090   0.316558E+03   0.479842E+12   0.220431E+10   0.215984E+10   0.236136E+06
 0091   0.331752E+03   0.514811E+12   0.230159E+10   0.225352E+10   0.189917E+06
 0092   0.348051E+03   0.554750E+12   0.245029E+10   0.236984E+10   0.155078E+06
 0093   0.367769E+03   0.603800E+12   0.248761E+10   0.247261E+10   0.128577E+06
 0094   0.389924E+03   0.662010E+12   0.262744E+10   0.253531E+10   0.107391E+06
 0095   0.412280E+03   0.724506E+12   0.279540E+10   0.260498E+10   0.884451E+05
 0096   0.436628E+03   0.792579E+12   0.279584E+10   0.270208E+10   0.698778E+05
 0097   0.464832E+03   0.871371E+12   0.279370E+10   0.283356E+10   0.501470E+05
 0098   0.493793E+03   0.963430E+12   0.317873E+10   0.306821E+10   0.268477E+05
 0099   0.529289E+03   0.108949E+13   0.355131E+10   0.362670E+10   0.918351E+04
