  0.0000000000E+000  0.0000000000E+000
  2.2281189037E+001  1.0825225720E+038
  1.0057539216E+004  3.6298767100E+042
  2.0107177517E+004  2.0457487654E+042
  3.0200849191E+004  1.3764277407E+042
  4.0266805747E+004  9.7768213450E+041
  5.0630375944E+004  7.4731207755E+041
  6.0870550472E+004  6.0804728355E+041
  7.1140476335E+004  5.1391673619E+041
  8.1247553614E+004  4.4593555012E+041
  9.1950884834E+004  3.9150203492E+041
  1.0230546878E+005  3.4507065435E+041
  1.1290726190E+005  2.9976460168E+041
  1.2347715293E+005  2.6674848952E+041
  1.3450255575E+005  2.3769507156E+041
  1.4479776472E+005  2.1728865144E+041
  1.5502060377E+005  2.0175896645E+041
  1.6500630231E+005  1.8527784631E+041
  1.7585495080E+005  1.7076004411E+041
  1.8639111961E+005  1.5990473362E+041
  1.9629410252E+005  1.5006245675E+041
  2.0690050332E+005  1.4082565924E+041
  2.1660430898E+005  1.3279520016E+041
  2.2692500957E+005  1.2544282202E+041
  2.3791662793E+005  1.1864596951E+041
  2.4763175478E+005  1.1337749211E+041
  2.5789219007E+005  1.0828853335E+041
  2.6886939835E+005  1.0324232917E+041
  2.7814592637E+005  1.0029115555E+041
  2.8786660935E+005  9.7709568014E+040
  2.9806007417E+005  9.4977545084E+040
  3.0875714159E+005  9.2871277103E+040
  3.1999096334E+005  9.0640708321E+040
  3.2878991578E+005  8.9800652133E+040
  3.3792679708E+005  8.8421642832E+040
  3.4741851213E+005  8.7876402961E+040
  3.5739443301E+005  8.5528632843E+040
  3.6777050562E+005  8.4864577556E+040
  3.7856721445E+005  8.3832596500E+040
  3.8980621904E+005  8.3581859404E+040
  4.0151042761E+005  8.2656743332E+040
  4.1370408018E+005  8.2657344356E+040
  4.2211770469E+005  8.2175782889E+040
  4.3076820280E+005  8.1725668929E+040
  4.3971192264E+005  8.0958869321E+040
  4.4896801333E+005  8.0116169372E+040
  4.5849266662E+005  8.0447313365E+040
  4.6829537787E+005  8.0055914784E+040
  4.7838600228E+005  7.9766319306E+040
  4.8877477755E+005  8.0640472080E+040
  4.9947234784E+005  8.0609596613E+040
  5.1048978903E+005  8.0619936105E+040
  5.2183863485E+005  8.1927109718E+040
  5.3365167081E+005  7.9944870423E+040
  5.4583288619E+005  8.1049900081E+040
  5.5839092284E+005  8.1249752208E+040
  5.7133980739E+005  8.1575144388E+040
  5.8469413753E+005  8.3376113493E+040
  5.9152806876E+005  8.3718833773E+040
  5.9846910701E+005  8.4082621650E+040
  6.0551924881E+005  8.4475223879E+040
  6.1268053115E+005  8.4893915800E+040
  6.2001195598E+005  8.4230936226E+040
  6.2746037529E+005  8.4416869349E+040
  6.3502815965E+005  8.4872323132E+040
  6.4271759979E+005  8.5296970006E+040
  6.5053102671E+005  8.5790161012E+040
  6.5846805630E+005  8.7832946574E+040
  6.6652660454E+005  8.8477805226E+040
  6.7470881801E+005  8.9176042721E+040
  6.8301688333E+005  8.9924009958E+040
  6.9145302743E+005  9.0732079239E+040
  7.0001951795E+005  9.1599894489E+040
  7.0880017073E+005  9.1022432678E+040
  7.1772817263E+005  9.1948524409E+040
  7.2679613283E+005  9.2939397168E+040
  7.3600653763E+005  9.4027177849E+040
  7.4536192472E+005  9.6908617098E+040
  7.5486488388E+005  9.8199251465E+040
  7.6451805795E+005  9.9569938849E+040
  7.7432414411E+005  1.0103693654E+041
  7.8428589531E+005  1.0259956119E+041
  7.9440612167E+005  1.0426063179E+041
  8.0477935368E+005  1.0378460635E+041
  8.1534558168E+005  1.0564830009E+041
  8.2608252732E+005  1.0748249636E+041
  8.3699327506E+005  1.0936682312E+041
  8.4808100178E+005  1.1137831123E+041
  8.5934896133E+005  1.1549341538E+041
  8.7080048095E+005  1.1770187438E+041
  8.8243895995E+005  1.1999379804E+041
  9.3142684087E+005  1.2792552358E+041
  9.8388431035E+005  1.3775488243E+041
  1.0402734635E+006  1.5069731269E+041
  1.0852315671E+006  1.5842531694E+041
  1.1328618124E+006  1.7242279764E+041
  1.1831048198E+006  1.8258827385E+041
  1.2362728088E+006  1.9609462447E+041
  1.2924636729E+006  2.0901987179E+041
  1.3517457093E+006  2.2698779887E+041
  1.3931886791E+006  2.3337258731E+041
  1.4360940775E+006  2.4393754013E+041
  1.4806358441E+006  2.5307468047E+041
  1.5268816123E+006  2.6696126422E+041
  1.5748536800E+006  2.7395883645E+041
  1.6246212083E+006  2.8754526527E+041
  1.6762772714E+006  2.9309165121E+041
  1.7298982403E+006  3.0531027939E+041
  1.7855060399E+006  3.1036487015E+041
  1.9024928899E+006  3.2346408210E+041
  1.9935556896E+006  3.3075957164E+041
  2.0861649287E+006  3.3645804575E+041
  2.1802536841E+006  3.3642341177E+041
  2.2757972709E+006  3.3766284101E+041
  2.3727469021E+006  3.3775593677E+041
  2.4711403102E+006  3.3454000956E+041
  2.5711495853E+006  3.3438248693E+041
  2.6728261713E+006  3.3381106801E+041
  2.7761119813E+006  3.2772270420E+041
  2.8810543985E+006  3.2661759394E+041
  2.9877850887E+006  3.2626406687E+041
  3.0964824305E+006  3.2053496320E+041
  3.2072085915E+006  3.1981702904E+041
  3.3201644567E+006  3.1891694146E+041
  3.4355047385E+006  3.1014962452E+041
  3.5533514470E+006  3.0904194653E+041
  3.6738947116E+006  3.0724669084E+041
  3.7559240974E+006  3.0055206317E+041
  3.8390050039E+006  3.0187516718E+041
  3.9235894549E+006  3.0293586255E+041
  4.0096984406E+006  2.9551319945E+041
  4.0971399791E+006  2.9518768926E+041
  4.1861947538E+006  2.9542091221E+041
  4.2769837467E+006  2.8573756058E+041
  4.3696237719E+006  2.8599972159E+041
  4.4641226158E+006  2.8368541041E+041
  4.5605856622E+006  2.8227255801E+041
  4.6590180776E+006  2.6903208716E+041
  4.7595009132E+006  2.6827500887E+041
  4.8621031024E+006  2.6335717399E+041
  4.9668118779E+006  2.6105038173E+041
  5.0000000000E+006  2.6105038173E+041
