  0.0000000000E+000  0.0000000000E+000
  2.2281189037E+001  9.8525756334E+033
  1.0057539216E+004  9.8519218589E+033
  2.0107177517E+004  9.8503761974E+033
  3.0200849191E+004  9.8480713668E+033
  4.0266805747E+004  9.8440363632E+033
  5.0630375944E+004  9.8391246065E+033
  6.0870550472E+004  9.8316491017E+033
  7.1140476335E+004  9.8246056957E+033
  8.1247553614E+004  9.8152863554E+033
  9.1950884834E+004  9.8046221161E+033
  1.0230546878E+005  9.7890900326E+033
  1.1290726190E+005  9.7795578737E+033
  1.2347715293E+005  9.7560449415E+033
  1.3450255575E+005  9.7416136236E+033
  1.4479776472E+005  9.7250421514E+033
  1.5502060377E+005  9.7060127776E+033
  1.6500630231E+005  9.6841605298E+033
  1.7585495080E+005  9.6398082120E+033
  1.8639111961E+005  9.6085466330E+033
  1.9629410252E+005  9.5727023783E+033
  2.0690050332E+005  9.5316023386E+033
  2.1660430898E+005  9.5316023386E+033
  2.2692500957E+005  9.4844743536E+033
  2.3791662793E+005  9.4304326107E+033
  2.4763175478E+005  9.3684608878E+033
  2.5789219007E+005  9.2973933214E+033
  2.6886939835E+005  9.2510927808E+033
  2.7814592637E+005  9.1640748199E+033
  2.8786660935E+005  9.1640748199E+033
  2.9806007417E+005  9.0644481760E+033
  3.0875714159E+005  8.9606512606E+033
  3.1999096334E+005  8.9606512606E+033
  3.2878991578E+005  8.8521279075E+033
  3.3792679708E+005  8.8521279075E+033
  3.4741851213E+005  8.7382477567E+033
  3.5739443301E+005  8.6707856164E+033
  3.6777050562E+005  8.5450323721E+033
  3.7856721445E+005  8.5450323721E+033
  3.8980621904E+005  8.4141109091E+033
  4.0151042761E+005  8.2831894461E+033
  4.1370408018E+005  8.2831894461E+033
  4.2211770469E+005  8.1522679831E+033
  4.3076820280E+005  8.1522679831E+033
  4.3971192264E+005  8.0748251612E+033
  4.4896801333E+005  7.9425667321E+033
  4.5849266662E+005  7.9425667321E+033
  4.6829537787E+005  7.8103083031E+033
  4.7838600228E+005  7.8103083031E+033
  4.8877477755E+005  7.6780498741E+033
  4.9947234784E+005  7.5457914451E+033
  5.1048978903E+005  7.5457914451E+033
  5.2183863485E+005  7.4135330160E+033
  5.3365167081E+005  7.3263377926E+033
  5.4583288619E+005  7.3263377926E+033
  5.5839092284E+005  7.1927539752E+033
  5.7133980739E+005  7.1927539752E+033
  5.8469413753E+005  7.0591701578E+033
  5.9152806876E+005  7.0591701578E+033
  5.9846910701E+005  7.0591701578E+033
  6.0551924881E+005  6.9255863403E+033
  6.1268053115E+005  6.9255863403E+033
  6.2001195598E+005  6.9571575379E+033
  6.2746037529E+005  6.8225552948E+033
  6.3502815965E+005  6.8225552948E+033
  6.4271759979E+005  6.8225552948E+033
  6.5053102671E+005  6.8225552948E+033
  6.5846805630E+005  6.6879530516E+033
  6.6652660454E+005  6.6879530516E+033
  6.7470881801E+005  6.6879530516E+033
  6.8301688333E+005  6.5533508085E+033
  6.9145302743E+005  6.5533508085E+033
  7.0001951795E+005  6.5533508085E+033
  7.0880017073E+005  6.4481342500E+033
  7.1772817263E+005  6.4481342500E+033
  7.2679613283E+005  6.4481342500E+033
  7.3600653763E+005  6.4481342500E+033
  7.4536192472E+005  6.3124436481E+033
  7.5486488388E+005  6.3124436481E+033
  7.6451805795E+005  6.3124436481E+033
  7.7432414411E+005  6.3124436481E+033
  7.8428589531E+005  6.1767530463E+033
  7.9440612167E+005  6.1767530463E+033
  8.0477935368E+005  6.2077372545E+033
  8.1534558168E+005  6.0708072843E+033
  8.2608252732E+005  6.0708072843E+033
  8.3699327506E+005  6.0708072843E+033
  8.4808100178E+005  6.0708072843E+033
  8.5934896133E+005  5.9338773141E+033
  8.7080048095E+005  5.9338773141E+033
  8.8243895995E+005  5.9338773141E+033
  9.3142684087E+005  5.8227097502E+033
  9.8388431035E+005  5.5639321654E+033
  1.0402734635E+006  5.4249599571E+033
  1.0852315671E+006  5.3070151207E+033
  1.1328618124E+006  5.0267343295E+033
  1.1831048198E+006  4.9010765378E+033
  1.2362728088E+006  4.6188647327E+033
  1.2924636729E+006  4.3443909122E+033
  1.3517457093E+006  4.0607722009E+033
  1.3931886791E+006  3.9231974339E+033
  1.4360940775E+006  3.7808587547E+033
  1.4806358441E+006  3.4994673794E+033
  1.5268816123E+006  3.3564715036E+033
  1.5748536800E+006  3.0713064399E+033
  1.6246212083E+006  2.7844880000E+033
  1.6762772714E+006  2.7844880000E+033
  1.7298982403E+006  2.7844880000E+033
  1.7855060399E+006  2.7844880000E+033
  1.9024928899E+006  2.7844880000E+033
  1.9935556896E+006  2.7844880000E+033
  2.0861649287E+006  2.7844880000E+033
  2.1802536841E+006  2.7844880000E+033
  2.2757972709E+006  2.7844880000E+033
  2.3727469021E+006  2.7844880000E+033
  2.4711403102E+006  2.7844880000E+033
  2.5711495853E+006  2.7844880000E+033
  2.6728261713E+006  2.7844880000E+033
  2.7761119813E+006  2.7844880000E+033
  2.8810543985E+006  2.7844880000E+033
  2.9877850887E+006  2.7844880000E+033
  3.0964824305E+006  2.7844880000E+033
  3.2072085915E+006  2.7844880000E+033
  3.3201644567E+006  2.7844880000E+033
  3.4355047385E+006  2.7844880000E+033
  3.5533514470E+006  2.7844880000E+033
  3.6738947116E+006  2.7844880000E+033
  3.7559240974E+006  2.7844880000E+033
  3.8390050039E+006  2.7844880000E+033
  3.9235894549E+006  2.7844880000E+033
  4.0096984406E+006  2.7844880000E+033
  4.0971399791E+006  2.7844880000E+033
  4.1861947538E+006  2.7844880000E+033
  4.2769837467E+006  2.7844880000E+033
  4.3696237719E+006  2.7844880000E+033
  4.4641226158E+006  2.7844880000E+033
  4.5605856622E+006  2.7844880000E+033
  4.6590180776E+006  2.7844880000E+033
  4.7595009132E+006  2.7844880000E+033
  4.8621031024E+006  2.7844880000E+033
  4.9668118779E+006  2.7844880000E+033
  5.0000000000E+006  2.7844880000E+033
