  0.0000000000E+000  0.0000000000E+000
  2.2281189037E+001  1.3488964265E+042
  1.0057539216E+004  1.3488964265E+042
  2.0107177517E+004  1.3488964265E+042
  3.0200849191E+004  1.3488964265E+042
  4.0266805747E+004  1.3488964265E+042
  5.0630375944E+004  1.3488964265E+042
  6.0870550472E+004  1.3488964265E+042
  7.1140476335E+004  1.3488964265E+042
  8.1247553614E+004  1.3488964265E+042
  9.1950884834E+004  2.1683640416E+042
  1.0230546878E+005  2.1683640416E+042
  1.1290726190E+005  2.1683640416E+042
  1.2347715293E+005  2.1683640416E+042
  1.3450255575E+005  2.1683640416E+042
  1.4479776472E+005  2.1683640416E+042
  1.5502060377E+005  2.1683640416E+042
  1.6500630231E+005  2.1683640416E+042
  1.7585495080E+005  1.9799338732E+042
  1.8639111961E+005  1.9799338732E+042
  1.9629410252E+005  1.9799338732E+042
  2.0690050332E+005  1.9799338732E+042
  2.1660430898E+005  1.9799338732E+042
  2.2692500957E+005  1.9799338732E+042
  2.3791662793E+005  1.9799338732E+042
  2.4763175478E+005  1.9799338732E+042
  2.5789219007E+005  1.9799338732E+042
  2.6886939835E+005  1.8030619471E+042
  2.7814592637E+005  1.8030619471E+042
  2.8786660935E+005  1.8030619471E+042
  2.9806007417E+005  1.8030619471E+042
  3.0875714159E+005  1.8030619471E+042
  3.1999096334E+005  1.8030619471E+042
  3.2878991578E+005  1.8030619471E+042
  3.3792679708E+005  1.8030619471E+042
  3.4741851213E+005  1.8030620119E+042
  3.5739443301E+005  1.6639611678E+042
  3.6777050562E+005  1.6639611678E+042
  3.7856721445E+005  1.6639611678E+042
  3.8980621904E+005  1.6639611678E+042
  4.0151042761E+005  1.6639611678E+042
  4.1370408018E+005  1.6639611678E+042
  4.2211770469E+005  1.6639611678E+042
  4.3076820280E+005  1.6639611678E+042
  4.3971192264E+005  1.5006009542E+042
  4.4896801333E+005  1.5006009542E+042
  4.5849266662E+005  1.5006009542E+042
  4.6829537787E+005  1.5006009542E+042
  4.7838600228E+005  1.5006009542E+042
  4.8877477755E+005  1.5006009542E+042
  4.9947234784E+005  1.5006009542E+042
  5.1048978903E+005  1.5006009542E+042
  5.2183863485E+005  1.5006010115E+042
  5.3365167081E+005  1.3963826534E+042
  5.4583288619E+005  1.3963826534E+042
  5.5839092284E+005  1.3963826534E+042
  5.7133980739E+005  1.3963826534E+042
  5.8469413753E+005  1.3963826534E+042
  5.9152806876E+005  1.3963826534E+042
  5.9846910701E+005  1.3963826534E+042
  6.0551924881E+005  1.3963826534E+042
  6.1268053115E+005  1.3963827107E+042
  6.2001195598E+005  1.2812885360E+042
  6.2746037529E+005  1.2812885360E+042
  6.3502815965E+005  1.2812885360E+042
  6.4271759979E+005  1.2812885360E+042
  6.5053102671E+005  1.2812885360E+042
  6.5846805630E+005  1.2812885360E+042
  6.6652660454E+005  1.2812885360E+042
  6.7470881801E+005  1.2812885360E+042
  6.8301688333E+005  1.2812885360E+042
  6.9145302743E+005  1.2812885360E+042
  7.0001951795E+005  1.2812885961E+042
  7.0880017073E+005  1.1812189391E+042
  7.1772817263E+005  1.1812189391E+042
  7.2679613283E+005  1.1812189391E+042
  7.3600653763E+005  1.1812189391E+042
  7.4536192472E+005  1.1812189391E+042
  7.5486488388E+005  1.1812189391E+042
  7.6451805795E+005  1.1812189391E+042
  7.7432414411E+005  1.1812189391E+042
  7.8428589531E+005  1.1812189391E+042
  7.9440612167E+005  1.1812190052E+042
  8.0477935368E+005  1.0896598073E+042
  8.1534558168E+005  1.0896598073E+042
  8.2608252732E+005  1.0896598073E+042
  8.3699327506E+005  1.0896598073E+042
  8.4808100178E+005  1.0896598073E+042
  8.5934896133E+005  1.0896598073E+042
  8.7080048095E+005  1.0896598073E+042
  8.8243895995E+005  1.0896598807E+042
  9.3142684087E+005  1.0046672892E+042
  9.8388431035E+005  9.4767272540E+041
  1.0402734635E+006  9.4767272540E+041
  1.0852315671E+006  8.7028151284E+041
  1.1328618124E+006  8.7028151284E+041
  1.1831048198E+006  8.0659428700E+041
  1.2362728088E+006  8.0659428700E+041
  1.2924636729E+006  7.6035175596E+041
  1.3517457093E+006  7.6035187120E+041
  1.3931886791E+006  7.0710567116E+041
  1.4360940775E+006  7.0710567116E+041
  1.4806358441E+006  6.6325550055E+041
  1.5268816123E+006  6.6325550055E+041
  1.5748536800E+006  6.2207938888E+041
  1.6246212083E+006  6.2207938888E+041
  1.6762772714E+006  5.8986914814E+041
  1.7298982403E+006  5.8986914814E+041
  1.7855060399E+006  5.5154245819E+041
  1.9024928899E+006  5.2245358333E+041
  1.9935556896E+006  5.0349602013E+041
  2.0861649287E+006  4.8228259672E+041
  2.1802536841E+006  4.6234174960E+041
  2.2757972709E+006  4.4561825401E+041
  2.3727469021E+006  4.3316027359E+041
  2.4711403102E+006  4.1659522625E+041
  2.5711495853E+006  4.0485601755E+041
  2.6728261713E+006  3.8968521033E+041
  2.7761119813E+006  3.8258612649E+041
  2.8810543985E+006  3.6829206550E+041
  2.9877850887E+006  3.5800175267E+041
  3.0964824305E+006  3.4944338015E+041
  3.2072085915E+006  3.3940445723E+041
  3.3201644567E+006  3.3045708615E+041
  3.4355047385E+006  3.2181042143E+041
  3.5533514470E+006  3.1701139261E+041
  3.6738947116E+006  3.0754838312E+041
  3.7559240974E+006  3.0755005692E+041
  3.8390050039E+006  3.0243887719E+041
  3.9235894549E+006  2.9729358229E+041
  4.0096984406E+006  2.9729566552E+041
  4.0971399791E+006  2.8905599480E+041
  4.1861947538E+006  2.8546484052E+041
  4.2769837467E+006  2.8243591329E+041
  4.3696237719E+006  2.7930823589E+041
  4.4641226158E+006  2.7404690597E+041
  4.5605856622E+006  2.6988473529E+041
  4.6590180776E+006  2.6547682546E+041
  4.7595009132E+006  2.6421579072E+041
  4.8621031024E+006  2.5737157765E+041
  4.9668118779E+006  2.5604129310E+041
  5.0000000000E+006  2.5200456249E+041
