  0.0000000000E+000  0.0000000000E+000
  2.2316957968E+001  1.0660365102E+038
  1.0072333423E+004  3.5024278777E+042
  2.0165263676E+004  1.9873509491E+042
  3.0236511728E+004  1.3361515234E+042
  4.0366873199E+004  9.4839578680E+041
  5.0572497031E+004  7.2915441932E+041
  6.0829198174E+004  5.9383288249E+041
  7.1121010426E+004  5.0174401820E+041
  8.1256218403E+004  4.3552817395E+041
  9.1997113410E+004  3.7982050342E+041
  1.0239669367E+005  3.3428106173E+041
  1.1305611464E+005  2.9272963902E+041
  1.2369785620E+005  2.6045626687E+041
  1.3388736280E+005  2.3295670521E+041
  1.4414730643E+005  2.1276310377E+041
  1.5432723373E+005  1.9737048630E+041
  1.6426247649E+005  1.8129972317E+041
  1.7503021755E+005  1.6782996672E+041
  1.8549597234E+005  1.5648158607E+041
  1.9532538089E+005  1.4661109977E+041
  2.0584764203E+005  1.3727848909E+041
  2.1547221155E+005  1.2946528328E+041
  2.2570885449E+005  1.2200675580E+041
  2.3661369687E+005  1.1505539529E+041
  2.4625616609E+005  1.0955166596E+041
  2.5644522529E+005  1.0458387202E+041
  2.6731877969E+005  9.9809584688E+040
  2.7653848112E+005  9.6484972954E+040
  2.8620429879E+005  9.3576460226E+040
  2.9634512933E+005  9.0892325107E+040
  3.0699196772E+005  8.8300395138E+040
  3.1817807761E+005  8.6129842474E+040
  3.2993918012E+005  8.4281707025E+040
  3.3916033200E+005  8.2944926460E+040
  3.4874370483E+005  8.1806799987E+040
  3.5881536490E+005  8.0290982656E+040
  3.6929514953E+005  7.9055847294E+040
  3.8020382644E+005  7.8018775287E+040
  3.9156333801E+005  7.7089075815E+040
  4.0339688365E+005  7.6194707391E+040
  4.1572901670E+005  7.5404360895E+040
  4.2424020949E+005  7.4954647576E+040
  4.3299260189E+005  7.4518269905E+040
  4.4204284847E+005  7.3937822586E+040
  4.5140619752E+005  7.3106910149E+040
  4.6104255803E+005  7.2546775468E+040
  4.7096169705E+005  7.2190086051E+040
  4.8117375941E+005  7.1926738984E+040
  4.9168928752E+005  7.1794106195E+040
  5.0251924480E+005  7.1804811380E+040
  5.1367504154E+005  7.1849970138E+040
  5.2516856212E+005  7.2002257202E+040
  5.3713126396E+005  7.1353003017E+040
  5.4946713245E+005  7.1276557610E+040
  5.6218403248E+005  7.1481856088E+040
  5.7527721709E+005  7.1803035397E+040
  5.8875668199E+005  7.2310630725E+040
  5.9564543844E+005  7.2649814373E+040
  6.0263583135E+005  7.3009432693E+040
  6.0972961691E+005  7.3398724990E+040
  6.1692858488E+005  7.3814853561E+040
  6.2430752705E+005  7.3336235684E+040
  6.3180314995E+005  7.3550544006E+040
  6.3941162637E+005  7.4023563380E+040
  6.4713491112E+005  7.4488219037E+040
  6.5497499928E+005  7.5010519286E+040
  6.6293392560E+005  7.5660092181E+040
  6.7101376427E+005  7.6344147420E+040
  6.7921662898E+005  7.7088462684E+040
  6.8754467309E+005  7.7882893009E+040
  6.9600008989E+005  7.8739371745E+040
  7.0458511301E+005  7.9661285263E+040
  7.1338476171E+005  7.8924734852E+040
  7.2236282011E+005  7.9867602561E+040
  7.3148084947E+005  8.0881359360E+040
  7.4074132128E+005  8.1992214633E+040
  7.5014675930E+005  8.3211969649E+040
  7.5969973870E+005  8.4511007639E+040
  7.6940288670E+005  8.5899155133E+040
  7.7925888369E+005  8.7379456070E+040
  7.8927046474E+005  8.8954723836E+040
  7.9944042107E+005  9.0629304517E+040
  8.0986462630E+005  9.0219498445E+040
  8.2049909752E+005  9.2036128368E+040
  8.3130451946E+005  9.3905100002E+040
  8.4228397738E+005  9.5793405614E+040
  8.5344064819E+005  9.7853463891E+040
  8.6477778504E+005  9.9957771920E+040
  8.7629871412E+005  1.0219358710E+041
  9.1879940291E+005  1.0860071347E+041
  9.7628033020E+005  1.2096831580E+041
  1.0274889782E+006  1.3028654026E+041
  1.0868753103E+006  1.4184000345E+041
  1.1435468727E+006  1.5549205757E+041
  1.1942008194E+006  1.6532652149E+041
  1.2501132986E+006  1.7922871110E+041
  1.2958248877E+006  1.8856744883E+041
  1.3450512694E+006  2.0095315700E+041
  1.3980626984E+006  2.1233929684E+041
  1.4551502092E+006  2.2430531118E+041
  1.5166272145E+006  2.3860713936E+041
  1.5602161180E+006  2.4653385159E+041
  1.6060117098E+006  2.5612214550E+041
  1.6541257035E+006  2.6363693871E+041
  1.7046754680E+006  2.7250173210E+041
  1.7577843144E+006  2.7860531432E+041
  1.8716612793E+006  2.9164103711E+041
  1.9609279816E+006  2.9859351164E+041
  2.0516511018E+006  3.0310061358E+041
  2.1439702895E+006  3.0571632807E+041
  2.2379992386E+006  3.0571064859E+041
  2.3334746679E+006  3.0358370826E+041
  2.4303984546E+006  3.0152241759E+041
  2.5289329697E+006  2.9839567320E+041
  2.6291244997E+006  2.9447462757E+041
  2.7310318159E+006  2.8853917534E+041
  2.8348202166E+006  2.8396640404E+041
  2.9403655096E+006  2.7889825897E+041
  3.0478958467E+006  2.7401845175E+041
  3.1575103764E+006  2.6854809552E+041
  3.2692918741E+006  2.6267583808E+041
  3.3833718706E+006  2.5543676297E+041
  3.4998762733E+006  2.4865733541E+041
  3.6189925192E+006  2.4041691135E+041
  3.7408422196E+006  2.3262035213E+041
  3.8237965840E+006  2.2591473087E+041
  3.9078890289E+006  2.1968297526E+041
  3.9935924351E+006  2.1338592612E+041
  4.0807476419E+006  2.0517383766E+041
  4.1695326565E+006  1.9811743675E+041
  4.2600922591E+006  1.9001643058E+041
  4.3524916718E+006  1.8071117663E+041
  4.4467791858E+006  1.7164540941E+041
  4.5430102000E+006  1.6260338744E+041
  4.6412678759E+006  1.5182851661E+041
  4.7415828648E+006  1.4099022728E+041
  4.8439829182E+006  1.2932933215E+041
  4.9484978576E+006  1.1652459280E+041
  5.0000000000E+006  1.1652459280E+041
