  0.0000000000E+000  0.0000000000E+000
  2.2316957968E+001  9.8525756334E+033
  1.0072333423E+004  9.8519218589E+033
  2.0165263676E+004  9.8503761974E+033
  3.0236511728E+004  9.8480713668E+033
  4.0366873199E+004  9.8440363632E+033
  5.0572497031E+004  9.8391246065E+033
  6.0829198174E+004  9.8316491017E+033
  7.1121010426E+004  9.8246056957E+033
  8.1256218403E+004  9.8152863554E+033
  9.1997113410E+004  9.8046225866E+033
  1.0239669367E+005  9.7890907241E+033
  1.1305611464E+005  9.7795587083E+033
  1.2369785620E+005  9.7560461482E+033
  1.3388736280E+005  9.7416150697E+033
  1.4414730643E+005  9.7250438808E+033
  1.5432723373E+005  9.7060148421E+033
  1.6426247649E+005  9.6841629901E+033
  1.7503021755E+005  9.6398516242E+033
  1.8549597234E+005  9.6085983541E+033
  1.9532538089E+005  9.5727639003E+033
  2.0584764203E+005  9.5727639003E+033
  2.1547221155E+005  9.5316754103E+033
  2.2570885449E+005  9.4845610238E+033
  2.3661369687E+005  9.4305352782E+033
  2.4625616609E+005  9.3685823596E+033
  2.5644522529E+005  9.2975368808E+033
  2.6731877969E+005  9.2513184883E+033
  2.7653848112E+005  9.2513184883E+033
  2.8620429879E+005  9.1643412982E+033
  2.9634512933E+005  9.0647624634E+033
  3.0699196772E+005  9.0647624634E+033
  3.1817807761E+005  8.9610056544E+033
  3.2993918012E+005  8.8525136840E+033
  3.3916033200E+005  8.7386550361E+033
  3.4874370483E+005  8.7386550361E+033
  3.5881536490E+005  8.6714831939E+033
  3.6929514953E+005  8.5457353062E+033
  3.8020382644E+005  8.5457353062E+033
  3.9156333801E+005  8.4147978674E+033
  4.0339688365E+005  8.2838604287E+033
  4.1572901670E+005  8.1529229899E+033
  4.2424020949E+005  8.1529229899E+033
  4.3299260189E+005  8.0219855511E+033
  4.4204284847E+005  7.9435893662E+033
  4.5140619752E+005  7.9435893662E+033
  4.6104255803E+005  7.8113047158E+033
  4.7096169705E+005  7.8113047158E+033
  4.8117375941E+005  7.6790200653E+033
  4.9168928752E+005  7.6790200653E+033
  5.0251924480E+005  7.5467354149E+033
  5.1367504154E+005  7.5467354149E+033
  5.2516856212E+005  7.4144507645E+033
  5.3713126396E+005  7.3275763446E+033
  5.4946713245E+005  7.3275763446E+033
  5.6218403248E+005  7.1939560992E+033
  5.7527721709E+005  7.1939560992E+033
  5.8875668199E+005  7.0603358538E+033
  5.9564543844E+005  7.0603358538E+033
  6.0263583135E+005  6.9267156083E+033
  6.0972961691E+005  6.9267156083E+033
  6.1692858488E+005  6.9267156083E+033
  6.2430752705E+005  6.8237430218E+033
  6.3180314995E+005  6.8237430218E+033
  6.3941162637E+005  6.8237430218E+033
  6.4713491112E+005  6.8237430218E+033
  6.5497499928E+005  6.6891011877E+033
  6.6293392560E+005  6.6891011877E+033
  6.7101376427E+005  6.6891011877E+033
  6.7921662898E+005  6.6891011877E+033
  6.8754467309E+005  6.5544593536E+033
  6.9600008989E+005  6.5544593536E+033
  7.0458511301E+005  6.5544593536E+033
  7.1338476171E+005  6.4583064723E+033
  7.2236282011E+005  6.4583064723E+033
  7.3148084947E+005  6.4583064723E+033
  7.4074132128E+005  6.3222391215E+033
  7.5014675930E+005  6.3222391215E+033
  7.5969973870E+005  6.3222391215E+033
  7.6940288670E+005  6.3222391215E+033
  7.7925888369E+005  6.1861717707E+033
  7.8927046474E+005  6.1861717707E+033
  7.9944042107E+005  6.1861717707E+033
  8.0986462630E+005  6.0829397039E+033
  8.2049909752E+005  6.0829397039E+033
  8.3130451946E+005  6.0829397039E+033
  8.4228397738E+005  6.0829397039E+033
  8.5344064819E+005  6.0829397039E+033
  8.6477778504E+005  5.9455042163E+033
  8.7629871412E+005  5.9455042163E+033
  9.1879940291E+005  5.8323574531E+033
  9.7628033020E+005  5.6938179325E+033
  1.0274889782E+006  5.4361541490E+033
  1.0868753103E+006  5.1736364823E+033
  1.1435468727E+006  5.0330983363E+033
  1.1942008194E+006  4.7654289371E+033
  1.2501132986E+006  4.6239331559E+033
  1.2958248877E+006  4.3484967041E+033
  1.3450512694E+006  4.2063140947E+033
  1.3980626984E+006  3.9260239844E+033
  1.4551502092E+006  3.6439929106E+033
  1.5166272145E+006  3.3574912737E+033
  1.5602161180E+006  3.2154202355E+033
  1.6060117098E+006  2.7844880000E+033
  1.6541257035E+006  2.7844880000E+033
  1.7046754680E+006  2.7844880000E+033
  1.7577843144E+006  2.7844880000E+033
  1.8716612793E+006  2.7844880000E+033
  1.9609279816E+006  2.7844880000E+033
  2.0516511018E+006  2.7844880000E+033
  2.1439702895E+006  2.7844880000E+033
  2.2379992386E+006  2.7844880000E+033
  2.3334746679E+006  2.7844880000E+033
  2.4303984546E+006  2.7844880000E+033
  2.5289329697E+006  2.7844880000E+033
  2.6291244997E+006  2.7844880000E+033
  2.7310318159E+006  2.7844880000E+033
  2.8348202166E+006  2.7844880000E+033
  2.9403655096E+006  2.7844880000E+033
  3.0478958467E+006  2.7844880000E+033
  3.1575103764E+006  2.7844880000E+033
  3.2692918741E+006  2.7844880000E+033
  3.3833718706E+006  2.7844880000E+033
  3.4998762733E+006  2.7844880000E+033
  3.6189925192E+006  2.7844880000E+033
  3.7408422196E+006  2.7844880000E+033
  3.8237965840E+006  2.7844880000E+033
  3.9078890289E+006  2.7844880000E+033
  3.9935924351E+006  2.7844880000E+033
  4.0807476419E+006  2.7844880000E+033
  4.1695326565E+006  2.7844880000E+033
  4.2600922591E+006  2.7844880000E+033
  4.3524916718E+006  2.7844880000E+033
  4.4467791858E+006  2.7844880000E+033
  4.5430102000E+006  2.7844880000E+033
  4.6412678759E+006  2.7844880000E+033
  4.7415828648E+006  2.7844880000E+033
  4.8439829182E+006  2.7844880000E+033
  4.9484978576E+006  2.7844880000E+033
  5.0000000000E+006  2.7844880000E+033
