  0.0000000000E+000  0.0000000000E+000
  2.2316957968E+001 -4.1208284769E+003
  1.0072333423E+004  4.8912788032E+009
  2.0165263676E+004  3.8633569191E+009
  3.0236511728E+004  3.2948451357E+009
  4.0366873199E+004  2.9964847435E+009
  5.0572497031E+004  2.7087209086E+009
  6.0829198174E+004  2.4476655078E+009
  7.1121010426E+004  2.2242940164E+009
  8.1256218403E+004  2.0469664682E+009
  9.1997113410E+004  1.8898113772E+009
  1.0239669367E+005  1.7708237692E+009
  1.1305611464E+005  1.6793992209E+009
  1.2369785620E+005  1.6143897598E+009
  1.3388736280E+005  1.5644269946E+009
  1.4414730643E+005  1.5234091457E+009
  1.5432723373E+005  1.4881648849E+009
  1.6426247649E+005  1.4564740451E+009
  1.7503021755E+005  1.4239122669E+009
  1.8549597234E+005  1.3931138545E+009
  1.9532538089E+005  1.3647565780E+009
  2.0584764203E+005  1.3349792329E+009
  2.1547221155E+005  1.3096806467E+009
  2.2570885449E+005  1.2835768426E+009
  2.3661369687E+005  1.2564516045E+009
  2.4625616609E+005  1.2326386664E+009
  2.5644522529E+005  1.2097646502E+009
  2.6731877969E+005  1.1859378433E+009
  2.7653848112E+005  1.1660808988E+009
  2.8620429879E+005  1.1454206771E+009
  2.9634512933E+005  1.1267371791E+009
  3.0699196772E+005  1.1062673735E+009
  3.1817807761E+005  1.0877927801E+009
  3.2993918012E+005  1.0688900345E+009
  3.3916033200E+005  1.0551229878E+009
  3.4874370483E+005  1.0412487285E+009
  3.5881536490E+005  1.0277532350E+009
  3.6929514953E+005  1.0151984965E+009
  3.8020382644E+005  1.0014259871E+009
  3.9156333801E+005  9.8898626254E+008
  4.0339688365E+005  9.7606075568E+008
  4.1572901670E+005  9.6347541892E+008
  4.2424020949E+005  9.5559985327E+008
  4.3299260189E+005  9.4654450046E+008
  4.4204284847E+005  9.3931213267E+008
  4.5140619752E+005  9.3019416661E+008
  4.6104255803E+005  9.2143166727E+008
  4.7096169705E+005  9.1385688220E+008
  4.8117375941E+005  9.0490228879E+008
  4.9168928752E+005  8.9644773016E+008
  5.0251924480E+005  8.8930138219E+008
  5.1367504154E+005  8.8069407728E+008
  5.2516856212E+005  8.7223270324E+008
  5.3713126396E+005  8.6462902103E+008
  5.4946713245E+005  8.5554629903E+008
  5.6218403248E+005  8.4825153088E+008
  5.7527721709E+005  8.3950399995E+008
  5.8875668199E+005  8.3122522074E+008
  5.9564543844E+005  8.2780555349E+008
  6.0263583135E+005  8.2408160506E+008
  6.0972961691E+005  8.2003582622E+008
  6.1692858488E+005  8.1563944551E+008
  6.2430752705E+005  8.1192903459E+008
  6.3180314995E+005  8.0805833391E+008
  6.3941162637E+005  8.0383579152E+008
  6.4713491112E+005  7.9929052597E+008
  6.5497499928E+005  7.9452324066E+008
  6.6293392560E+005  7.9132767593E+008
  6.7101376427E+005  7.8789051082E+008
  6.7921662898E+005  7.8419824811E+008
  6.8754467309E+005  7.8022913474E+008
  6.9600008989E+005  7.7595782942E+008
  7.0458511301E+005  7.7142732156E+008
  7.1338476171E+005  7.6895183084E+008
  7.2236282011E+005  7.6475331849E+008
  7.3148084947E+005  7.6027660641E+008
  7.4074132128E+005  7.5607275591E+008
  7.5014675930E+005  7.5297317349E+008
  7.5969973870E+005  7.4968454671E+008
  7.6940288670E+005  7.4619775213E+008
  7.7925888369E+005  7.4249233836E+008
  7.8927046474E+005  7.3854805182E+008
  7.9944042107E+005  7.3428280430E+008
  8.0986462630E+005  7.3196136967E+008
  8.2049909752E+005  7.2815506165E+008
  8.3130451946E+005  7.2414715881E+008
  8.4228397738E+005  7.1990984335E+008
  8.5344064819E+005  7.1706443707E+008
  8.6477778504E+005  7.1406966724E+008
  8.7629871412E+005  7.1091104648E+008
  9.1879940291E+005  6.9849211251E+008
  9.7628033020E+005  6.8270874400E+008
  1.0274889782E+006  6.6981230181E+008
  1.0868753103E+006  6.5592016421E+008
  1.1435468727E+006  6.4359241957E+008
  1.1942008194E+006  6.3189654653E+008
  1.2501132986E+006  6.1990721712E+008
  1.2958248877E+006  6.1022608719E+008
  1.3450512694E+006  5.9983748023E+008
  1.3980626984E+006  5.8929267077E+008
  1.4551502092E+006  5.7796362020E+008
  1.5166272145E+006  5.6569443276E+008
  1.5602161180E+006  5.5784926457E+008
  1.6060117098E+006  5.4899226466E+008
  1.6541257035E+006  5.4041819532E+008
  1.7046754680E+006  5.3107662106E+008
  1.7577843144E+006  5.2191459922E+008
  1.8716612793E+006  5.0204064131E+008
  1.9609279816E+006  4.8657490365E+008
  2.0516511018E+006  4.7091372388E+008
  2.1439702895E+006  4.5551915411E+008
  2.2379992386E+006  4.4001927276E+008
  2.3334746679E+006  4.2465133286E+008
  2.4303984546E+006  4.1160952361E+008
  2.5289329697E+006  3.9898260071E+008
  2.6291244997E+006  3.8782481397E+008
  2.7310318159E+006  3.7881593956E+008
  2.8348202166E+006  3.7033705732E+008
  2.9403655096E+006  3.6349049183E+008
  3.0478958467E+006  3.5731754707E+008
  3.1575103764E+006  3.5142467510E+008
  3.2692918741E+006  3.4616754810E+008
  3.3833718706E+006  3.4090838974E+008
  3.4998762733E+006  3.3544859613E+008
  3.6189925192E+006  3.2993012177E+008
  3.7408422196E+006  3.2432112209E+008
  3.8237965840E+006  3.2051939873E+008
  3.9078890289E+006  3.1640052070E+008
  3.9935924351E+006  3.1222702734E+008
  4.0807476419E+006  3.0777058383E+008
  4.1695326565E+006  3.0319595798E+008
  4.2600922591E+006  2.9844753530E+008
  4.3524916718E+006  2.9345541326E+008
  4.4467791858E+006  2.8821203606E+008
  4.5430102000E+006  2.8284269277E+008
  4.6412678759E+006  2.7731508523E+008
  4.7415828648E+006  2.7170223672E+008
  4.8439829182E+006  2.6618168242E+008
  4.9484978576E+006  2.6092894826E+008
  5.0000000000E+006  2.6092894826E+008
