  2.4601705005E+011  2.9955664391E-008  1.3087621453E+029
  3.6930381680E+011  9.6659388346E-008  2.8141969501E+029
  4.6063066469E+011  1.8833022699E-007  4.5458591619E+029
  5.3635843106E+011  3.1787335108E-007  6.5377448326E+029
  6.0330512754E+011  4.9722899255E-007  8.8289587300E+029
  6.6468512931E+011  7.4792070393E-007  1.1464482044E+030
  7.1977215474E+011  1.1479659202E-006  1.4496055458E+030
  7.6611066865E+011  1.8634797754E-006  1.7983194925E+030
  8.0519741824E+011  2.9726255523E-006  2.1994360088E+030
  8.3929131421E+011  4.5309669077E-006  2.6608298277E+030
  8.7003430368E+011  6.6330712486E-006  3.1915590485E+030
  8.9810304523E+011  9.5516274965E-006  3.8020429656E+030
  9.2409150062E+011  1.3530547225E-005  4.5042666200E+030
  9.4851474886E+011  1.8872793003E-005  5.3120160905E+030
  9.7119388418E+011  2.6632383723E-005  6.2411491426E+030
  9.9332386063E+011  3.5837294190E-005  7.3099065480E+030
  1.0146884654E+012  4.8990260250E-005  8.5392701888E+030
  1.0361761925E+012  6.4790319500E-005  9.9533749741E+030
  1.0567162456E+012  9.0907491966E-005  1.1579982657E+031
  1.0766226913E+012  1.2659657458E-004  1.3451026857E+031
  1.0948828246E+012  1.8696246519E-004  1.5603239975E+031
  1.1115480855E+012  2.7719053369E-004  1.8078874336E+031
  1.1262336889E+012  4.2374874862E-004  2.0926531676E+031
  1.1389694601E+012  6.5250326214E-004  2.4202117302E+031
  1.1502029817E+012  9.7900789963E-004  2.7969937624E+031
  1.1603025317E+012  1.4316312634E-003  3.2303962619E+031
  1.1694074817E+012  2.0769833281E-003  3.7289278014E+031
  1.1779331270E+012  2.8929200186E-003  4.3023755693E+031
  1.1858286087E+012  4.0698485023E-003  4.9619975116E+031
  1.1933558458E+012  5.5613583679E-003  5.7207433491E+031
  1.2004589079E+012  7.6871518265E-003  6.5935088059E+031
  1.2073273034E+012  1.0391938065E-002  7.5974280434E+031
  1.2139004903E+012  1.4242599731E-002  8.7522100385E+031
  1.2201644067E+012  1.9656335532E-002  1.0080525511E+032
  1.2261995398E+012  2.6922417598E-002  1.1608451995E+032
  1.2320359951E+012  3.6914395303E-002  1.3365985797E+032
  1.2376611037E+012  5.1062646401E-002  1.5387630880E+032
  1.2431133657E+012  7.0670906843E-002  1.7713076249E+032
  1.2481948065E+012  1.0216496699E-001  2.0387975127E+032
  1.2526958223E+012  1.5501315243E-001  2.3464841222E+032
  1.2566677015E+012  2.3440668786E-001  2.7004079674E+032
  1.2601735254E+012  3.5168875891E-001  3.1075172933E+032
  1.2633084949E+012  5.1726295100E-001  3.5758044841E+032
  1.2662864671E+012  7.1458838610E-001  4.1144629700E+032
  1.2691399341E+012  9.8118906431E-001  4.7340677129E+032
  1.2719090665E+012  1.3360104159E+000  5.4467828143E+032
  1.2746018680E+012  1.8261955974E+000  6.2666003215E+032
  1.2772065358E+012  2.5256771916E+000  7.2096149199E+032
  1.2797752097E+012  3.4547575104E+000  8.2943399044E+032
  1.2823513197E+012  4.7065859134E+000  9.5420706329E+032
  1.2845658768E+012  6.5218940607E+000  1.0789801362E+033
  1.2865071649E+012  8.7767641820E+000  1.2037532090E+033
  1.2882694844E+012  1.1342027089E+001  1.3285262819E+033
  1.2898620205E+012  1.4678351253E+001  1.4532993547E+033
  1.2913355002E+012  1.8517273742E+001  1.5780724276E+033
  1.2927079594E+012  2.3215135043E+001  1.7028455004E+033
  1.2939816520E+012  2.9234169916E+001  1.8276185733E+033
  1.2951784019E+012  3.6415220905E+001  1.9523916462E+033
  1.2963149723E+012  4.5036700032E+001  2.0771647190E+033
  1.2974034787E+012  5.5544912032E+001  2.2019377919E+033
  1.2984621217E+012  6.8031839484E+001  2.3267108647E+033
  1.2994749440E+012  8.5533963487E+001  2.4514839376E+033
  1.3004462074E+012  1.0834122105E+002  2.5762570105E+033
  1.3013874453E+012  1.3753951193E+002  2.7010300833E+033
  1.3022960554E+012  1.7810574932E+002  2.8258031562E+033
  1.3031779991E+012  2.3388482876E+002  2.9505762290E+033
  1.3040317064E+012  3.1561144987E+002  3.0753493019E+033
  1.3048600353E+012  4.3824127718E+002  3.2001223748E+033
  1.3056604763E+012  6.3605576579E+002  3.3248954476E+033
  1.3062514491E+012  1.2152170488E+003  3.4496685205E+033
  1.3067013724E+012  2.1597399910E+003  3.5744415933E+033
  1.3069985676E+012  4.1961609186E+003  3.6992146662E+033
  1.3072318395E+012  6.5150128191E+003  3.8239877390E+033
  1.3074229121E+012  9.4609949828E+003  3.9487608119E+033
  1.3075935770E+012  1.2439052883E+004  4.0735338848E+033
  1.3077456334E+012  1.6304732689E+004  4.1983069576E+033
  1.3078870071E+012  2.0422006081E+004  4.3230800305E+033
  1.3080180847E+012  2.5658088036E+004  4.4478531033E+033
  1.3081412700E+012  3.1839990422E+004  4.5726261762E+033
  1.3082569302E+012  3.9639687272E+004  4.6973992491E+033
  1.3083666804E+012  4.8991558028E+004  4.8221723219E+033
  1.3084714659E+012  6.0485206603E+004  4.9469453948E+033
  1.3085718746E+012  7.4897085283E+004  5.0717184676E+033
  1.3086678014E+012  9.3727436199E+004  5.1964915405E+033
  1.3087605586E+012  1.1699083318E+005  5.3212646133E+033
  1.3088501491E+012  1.4798999596E+005  5.4460376862E+033
  1.3089358493E+012  1.9153782243E+005  5.5708107591E+033
  1.3090191375E+012  2.4803757440E+005  5.6955838319E+033
  1.3090995060E+012  3.3042750503E+005  5.8203569048E+033
  1.3091765444E+012  4.5403783298E+005  5.9451299776E+033
  1.3092505614E+012  6.4147929699E+005  6.0699030505E+033
  1.3093192194E+012  9.7076440818E+005  6.1946761234E+033
  1.3093810354E+012  1.5615583924E+006  6.3194491962E+033
  1.3094369734E+012  2.5889121504E+006  6.4442222691E+033
  1.3094862865E+012  4.6004681540E+006  6.5689953419E+033
  1.3095256852E+012  9.2840475905E+006  6.6937684148E+033
  1.3095492131E+012  2.3830695903E+007  6.8185414877E+033
  1.3095654882E+012  4.7695783103E+007  6.9433145605E+033
  1.3095768099E+012  8.9020486387E+007  7.0680876334E+033
