  0.0000000000E+000  0.0000000000E+000
  2.2317082715E+001  1.0660365107E+038
  1.0072235162E+004  3.5024276865E+042
  2.0164886417E+004  1.9873641196E+042
  3.0235949035E+004  1.3361721917E+042
  4.0366089558E+004  9.4841286346E+041
  5.0571439251E+004  7.2916789578E+041
  6.0827827724E+004  5.9384534886E+041
  7.1119304621E+004  5.0175815524E+041
  8.1254172864E+004  4.3553909651E+041
  9.1994657808E+004  3.7984880419E+041
  1.0239311001E+005  3.3432175208E+041
  1.1304918954E+005  2.9273783660E+041
  1.2368454430E+005  2.6046435381E+041
  1.3388367008E+005  2.3296117129E+041
  1.4415904331E+005  2.1274441811E+041
  1.5368835954E+005  1.9849408250E+041
  1.6366682454E+005  1.8332625910E+041
  1.7454978105E+005  1.6917555713E+041
  1.8485518391E+005  1.5780694747E+041
  1.9537351645E+005  1.4681711424E+041
  2.0530822063E+005  1.3816147872E+041
  2.1607061737E+005  1.2941328456E+041
  2.2623584342E+005  1.2211107132E+041
  2.3632900284E+005  1.1550795213E+041
  2.4607902648E+005  1.0982737999E+041
  2.5688983842E+005  1.0465830640E+041
  2.6691151548E+005  1.0079703480E+041
  2.7764408923E+005  9.6766246804E+040
  2.8768427709E+005  9.3463017430E+040
  2.9792575604E+005  9.0690924445E+040
  3.0821813228E+005  8.8201628820E+040
  3.1955777578E+005  8.5988379462E+040
  3.3112476254E+005  8.4211382798E+040
  3.4188517078E+005  8.2700784749E+040
  3.5111760757E+005  8.1523947015E+040
  3.6178723786E+005  8.0185052194E+040
  3.7248487160E+005  7.9115447792E+040
  3.8327071090E+005  7.8011676161E+040
  3.9332612286E+005  7.7157289816E+040
  4.0458648460E+005  7.6268595724E+040
  4.1607260012E+005  7.5505801020E+040
  4.2605387716E+005  7.4964168679E+040
  4.3614266277E+005  7.4346603054E+040
  4.4653130474E+005  7.3478748434E+040
  4.5745890480E+005  7.2830296927E+040
  4.6790810431E+005  7.2461778794E+040
  4.7791121238E+005  7.2191536617E+040
  4.8937238752E+005  7.1969522559E+040
  5.0041173561E+005  7.1949749874E+040
  5.1144469508E+005  7.1973420101E+040
  5.2113362820E+005  7.1153936353E+040
  5.3091620367E+005  7.1324833403E+040
  5.4166908383E+005  7.1223286691E+040
  5.5172826809E+005  7.1331535885E+040
  5.6198912428E+005  7.1554592421E+040
  5.7365972982E+005  7.1870232508E+040
  5.8319882366E+005  7.2189955536E+040
  5.9344169779E+005  7.2687496755E+040
  6.0509185071E+005  7.3304081991E+040
  6.1411414619E+005  7.2847943644E+040
  6.2447351140E+005  7.3327388930E+040
  6.3519138544E+005  7.3907148407E+040
  6.4599763193E+005  7.4560900278E+040
  6.5730398300E+005  7.5346133152E+040
  6.6718721891E+005  7.6164714901E+040
  6.7771142247E+005  7.7103431394E+040
  6.8872267787E+005  7.8162604964E+040
  6.9708659282E+005  7.7747172751E+040
  7.0761252314E+005  7.8776958830E+040
  7.1832374074E+005  7.9921198627E+040
  7.2872664524E+005  8.1101065244E+040
  7.3933811277E+005  8.2380668244E+040
  7.4993024406E+005  8.3773042886E+040
  7.6107973383E+005  8.5336963578E+040
  7.7145040502E+005  8.6872947961E+040
  7.8276727829E+005  8.6711525779E+040
  7.9194429925E+005  8.8298565301E+040
  8.0271752425E+005  9.0029750850E+040
  8.1279574084E+005  9.1689108441E+040
  8.2307601094E+005  9.3432579223E+040
  8.3476869769E+005  9.5484808976E+040
  8.4584023517E+005  9.7499246881E+040
  8.5697863743E+005  9.9601340921E+040
  8.6704353497E+005  1.0156143381E+041
  9.1757471177E+005  1.0958296186E+041
  9.6759229025E+005  1.1832544736E+041
  1.0196173881E+006  1.2994274693E+041
  1.0689188638E+006  1.3904316581E+041
  1.1197207024E+006  1.5122335519E+041
  1.1697943510E+006  1.6093688549E+041
  1.2191810856E+006  1.7047258911E+041
  1.2717764487E+006  1.8357746722E+041
  1.3213899409E+006  1.9342574621E+041
  1.3727032148E+006  2.0617010276E+041
  1.4231200499E+006  2.1673315988E+041
  1.4737272300E+006  2.2863399571E+041
  1.5263715510E+006  2.3840737869E+041
  1.5756716632E+006  2.4746693516E+041
  1.6278081883E+006  2.5784492358E+041
  1.6768379325E+006  2.6520118236E+041
  1.7303702252E+006  2.7397354732E+041
  1.8287655636E+006  2.8595141315E+041
  1.9290675689E+006  2.9543040536E+041
  2.0310915559E+006  3.0151050686E+041
  2.1330129587E+006  3.0507193138E+041
  2.2350045040E+006  3.0525551942E+041
  2.3368784280E+006  3.0374027048E+041
  2.4381441504E+006  3.0153919161E+041
  2.5390028782E+006  2.9766123838E+041
  2.6391925688E+006  2.9335546001E+041
  2.7389963545E+006  2.8897529637E+041
  2.8387130179E+006  2.8373241523E+041
  2.9405567375E+006  2.7889240971E+041
  3.0417881277E+006  2.7365517216E+041
  3.1456955798E+006  2.6847595111E+041
  3.2484369999E+006  2.6246487242E+041
  3.3469670788E+006  2.5634974919E+041
  3.4491234072E+006  2.5046417733E+041
  3.5514861046E+006  2.4426027623E+041
  3.6541996734E+006  2.3712065814E+041
  3.7570258765E+006  2.2952903905E+041
  3.8569071547E+006  2.2310578698E+041
  3.9580131764E+006  2.1522979928E+041
  4.0576747275E+006  2.0692995107E+041
  4.1613044162E+006  1.9799655270E+041
  4.2631753741E+006  1.8895085434E+041
  4.3661983033E+006  1.7922846224E+041
  4.4683428230E+006  1.6925871735E+041
  4.5695528661E+006  1.5917468044E+041
  4.6736019706E+006  1.4814883053E+041
  4.7781545641E+006  1.3638336830E+041
  4.8789813078E+006  1.2455034782E+041
  4.9820030762E+006  1.1255832699E+041
  5.0000000000E+006  1.1255832699E+041
