   0.000000000E+00   0.171849944E+05  -0.480624731E+01  -0.537145843E+01  -0.518131768E+01  -0.487624731E+01  -0.461871212E+01  -0.435364175E+01  -0.617392325E+01  -0.513131768E+01  -0.503378250E+01  -0.501624731E+01  -0.497871212E+01
   0.220699886E+02   0.171853773E+05  -0.480629198E+01  -0.537152261E+01  -0.518136886E+01  -0.487629198E+01  -0.461875354E+01  -0.435367667E+01  -0.617398417E+01  -0.513136886E+01  -0.503383042E+01  -0.501629198E+01  -0.497875354E+01
   0.100447812E+05   0.387364412E+05  -0.138984937E+02  -0.149264843E+02  -0.145024890E+02  -0.140084937E+02  -0.136484937E+02  -0.133144984E+02  -0.157064843E+02  -0.144824890E+02  -0.142184937E+02  -0.141084937E+02  -0.139844984E+02
   0.200885245E+05   0.263585314E+05  -0.143746497E+02  -0.152401277E+02  -0.148923887E+02  -0.144735192E+02  -0.141446497E+02  -0.138357802E+02  -0.160301277E+02  -0.148623887E+02  -0.146635192E+02  -0.145846497E+02  -0.144857802E+02
   0.301148589E+05   0.210091294E+05  -0.145484763E+02  -0.152700476E+02  -0.150011048E+02  -0.146347906E+02  -0.143384763E+02  -0.140521621E+02  -0.160700476E+02  -0.149674191E+02  -0.148047906E+02  -0.147584763E+02  -0.146921621E+02
   0.401940733E+05   0.174620472E+05  -0.146417707E+02  -0.152210956E+02  -0.150215457E+02  -0.147117707E+02  -0.144518833E+02  -0.141821083E+02  -0.160212081E+02  -0.149715457E+02  -0.148716582E+02  -0.148517707E+02  -0.148118833E+02
   0.503403297E+05   0.153450516E+05  -0.146532854E+02  -0.151125868E+02  -0.149872717E+02  -0.147232854E+02  -0.144819566E+02  -0.142406279E+02  -0.159225868E+02  -0.149286005E+02  -0.148646142E+02  -0.148719566E+02  -0.148506279E+02
   0.605309500E+05   0.139693005E+05  -0.146439118E+02  -0.149945608E+02  -0.149253114E+02  -0.147039118E+02  -0.144860619E+02  -0.142503621E+02  -0.158067109E+02  -0.148553114E+02  -0.148296116E+02  -0.148539118E+02  -0.148582120E+02
   0.707511641E+05   0.129840021E+05  -0.146157044E+02  -0.148719241E+02  -0.148551354E+02  -0.146730621E+02  -0.144709889E+02  -0.142536311E+02  -0.156945664E+02  -0.147824931E+02  -0.147804199E+02  -0.148283466E+02  -0.148509889E+02
   0.808115726E+05   0.122158837E+05  -0.145840196E+02  -0.147604661E+02  -0.147872428E+02  -0.146326643E+02  -0.144553750E+02  -0.142467303E+02  -0.155904661E+02  -0.147058875E+02  -0.147313089E+02  -0.148026643E+02  -0.148353750E+02
   0.914602886E+05   0.115419089E+05  -0.145490380E+02  -0.146443707E+02  -0.147117043E+02  -0.145895713E+02  -0.144285048E+02  -0.142279715E+02  -0.154743707E+02  -0.146222376E+02  -0.146801045E+02  -0.147595713E+02  -0.148085048E+02
   0.101774063E+06   0.109434847E+05  -0.145108488E+02  -0.145221900E+02  -0.146279440E+02  -0.145436980E+02  -0.143979995E+02  -0.142123011E+02  -0.153521900E+02  -0.145379440E+02  -0.146265472E+02  -0.147208488E+02  -0.147851503E+02
   0.112339122E+06   0.103432001E+05  -0.144614365E+02  -0.143836739E+02  -0.145404319E+02  -0.144914365E+02  -0.143619388E+02  -0.141924411E+02  -0.152189251E+02  -0.144451808E+02  -0.145609342E+02  -0.146766876E+02  -0.147571899E+02
   0.122879400E+06   0.979393916E+04  -0.144204776E+02  -0.142507330E+02  -0.144621340E+02  -0.144474204E+02  -0.143365922E+02  -0.141827068E+02  -0.150907330E+02  -0.143590767E+02  -0.145013058E+02  -0.146404776E+02  -0.147396495E+02
   0.132995055E+06   0.929880786E+04  -0.143800122E+02  -0.141135224E+02  -0.143769836E+02  -0.143995795E+02  -0.143108775E+02  -0.141717428E+02  -0.149543877E+02  -0.142665510E+02  -0.144387142E+02  -0.146000122E+02  -0.147208775E+02
   0.143185562E+06   0.887682788E+04  -0.143485896E+02  -0.139813886E+02  -0.142985624E+02  -0.143614428E+02  -0.142928830E+02  -0.141671765E+02  -0.148356820E+02  -0.141814157E+02  -0.143871494E+02  -0.145685896E+02  -0.147028830E+02
   0.153017030E+06   0.854146959E+04  -0.143258012E+02  -0.138758754E+02  -0.142371692E+02  -0.143331395E+02  -0.142811247E+02  -0.141664482E+02  -0.147358754E+02  -0.141145074E+02  -0.143478161E+02  -0.145458012E+02  -0.146937864E+02
   0.163192539E+06   0.820240007E+04  -0.142915518E+02  -0.137548630E+02  -0.141624303E+02  -0.142931059E+02  -0.142584436E+02  -0.141553355E+02  -0.146148630E+02  -0.140339844E+02  -0.142962140E+02  -0.145115518E+02  -0.146768896E+02
   0.173810058E+06   0.787347843E+04  -0.142531219E+02  -0.136191697E+02  -0.140739707E+02  -0.142487717E+02  -0.142318221E+02  -0.141405224E+02  -0.144835198E+02  -0.139439707E+02  -0.142357214E+02  -0.144731219E+02  -0.146561723E+02
   0.184233971E+06   0.759996414E+04  -0.142176172E+02  -0.134986139E+02  -0.139934390E+02  -0.142082640E+02  -0.142063234E+02  -0.141250297E+02  -0.143679670E+02  -0.138634390E+02  -0.141802046E+02  -0.144376172E+02  -0.146356766E+02
   0.194495759E+06   0.734040630E+04  -0.141708046E+02  -0.133616464E+02  -0.139056232E+02  -0.141564069E+02  -0.141695999E+02  -0.141071907E+02  -0.142360440E+02  -0.137668278E+02  -0.141176115E+02  -0.143908046E+02  -0.146083953E+02
   0.204672593E+06   0.712675586E+04  -0.141299755E+02  -0.132453817E+02  -0.138312671E+02  -0.141113870E+02  -0.141371526E+02  -0.140915068E+02  -0.141239702E+02  -0.136840900E+02  -0.140642099E+02  -0.143499755E+02  -0.145843297E+02
   0.215172492E+06   0.690749281E+04  -0.140829137E+02  -0.131109548E+02  -0.137450322E+02  -0.140567178E+02  -0.141022075E+02  -0.140684034E+02  -0.139940527E+02  -0.135919342E+02  -0.139974240E+02  -0.143029137E+02  -0.145522075E+02
   0.225585467E+06   0.671954632E+04  -0.140396172E+02  -0.129886061E+02  -0.136661622E+02  -0.140055161E+02  -0.140707688E+02  -0.140448699E+02  -0.138756567E+02  -0.135091117E+02  -0.139343644E+02  -0.142596172E+02  -0.145207688E+02
   0.235432452E+06   0.654796728E+04  -0.139961265E+02  -0.128712869E+02  -0.135890600E+02  -0.139554198E+02  -0.140382464E+02  -0.140203663E+02  -0.137619935E+02  -0.134276467E+02  -0.138732999E+02  -0.142168331E+02  -0.144889530E+02
   0.245490850E+06   0.639811438E+04  -0.139515122E+02  -0.127557003E+02  -0.135106494E+02  -0.139074259E+02  -0.140037710E+02  -0.139960299E+02  -0.136497866E+02  -0.133424768E+02  -0.138151671E+02  -0.141755985E+02  -0.144578573E+02
   0.256037984E+06   0.624868625E+04  -0.139092801E+02  -0.126426971E+02  -0.134347167E+02  -0.138618237E+02  -0.139716490E+02  -0.139740180E+02  -0.135401534E+02  -0.132598041E+02  -0.137594547E+02  -0.141367364E+02  -0.144291054E+02
   0.266526323E+06   0.612782833E+04  -0.138762914E+02  -0.125519969E+02  -0.133743394E+02  -0.138259010E+02  -0.139470722E+02  -0.139576578E+02  -0.134521921E+02  -0.131941442E+02  -0.137155106E+02  -0.141062914E+02  -0.144072674E+02
   0.276997126E+06   0.600506965E+04  -0.138349505E+02  -0.124453431E+02  -0.133033108E+02  -0.137786226E+02  -0.139176064E+02  -0.139370983E+02  -0.133485070E+02  -0.131201468E+02  -0.136622946E+02  -0.140649505E+02  -0.143807704E+02
   0.286792431E+06   0.590364369E+04  -0.137996931E+02  -0.123561227E+02  -0.132435247E+02  -0.137384595E+02  -0.138921605E+02  -0.139190110E+02  -0.132617395E+02  -0.130579079E+02  -0.136172258E+02  -0.140296931E+02  -0.143577773E+02
   0.296784118E+06   0.580511313E+04  -0.137693861E+02  -0.122733930E+02  -0.131893892E+02  -0.137033867E+02  -0.138713848E+02  -0.139053838E+02  -0.131813927E+02  -0.130013895E+02  -0.135773873E+02  -0.139993861E+02  -0.143393845E+02
   0.307487436E+06   0.571758643E+04  -0.137410435E+02  -0.121980483E+02  -0.131396707E+02  -0.136709187E+02  -0.138515427E+02  -0.138920419E+02  -0.131081731E+02  -0.129494211E+02  -0.135404195E+02  -0.139711683E+02  -0.143217923E+02
   0.318550503E+06   0.562846713E+04  -0.137111408E+02  -0.121126915E+02  -0.130843516E+02  -0.136387054E+02  -0.138308824E+02  -0.138806239E+02  -0.130251269E+02  -0.128894808E+02  -0.134989639E+02  -0.139435762E+02  -0.143057531E+02
   0.329835368E+06   0.554692054E+04  -0.136863542E+02  -0.120371629E+02  -0.130363082E+02  -0.136118045E+02  -0.138145527E+02  -0.138727512E+02  -0.129517125E+02  -0.128372089E+02  -0.134636060E+02  -0.139209038E+02  -0.142936520E+02
   0.341099670E+06   0.547267269E+04  -0.136634854E+02  -0.119680938E+02  -0.129922642E+02  -0.135870108E+02  -0.137993840E+02  -0.138652826E+02  -0.128845684E+02  -0.127893149E+02  -0.134311121E+02  -0.138999601E+02  -0.142823333E+02
   0.341099670E+06   0.547706863E+04  -0.136648902E+02  -0.119722339E+02  -0.129949227E+02  -0.135885295E+02  -0.138003329E+02  -0.138657756E+02  -0.128885946E+02  -0.127922014E+02  -0.134330868E+02  -0.139012509E+02  -0.142830543E+02
   0.350795824E+06   0.541472555E+04  -0.136477128E+02  -0.119162638E+02  -0.129599653E+02  -0.135697357E+02  -0.137896209E+02  -0.138615291E+02  -0.128342408E+02  -0.127540112E+02  -0.134078276E+02  -0.138856898E+02  -0.142755750E+02
   0.361205219E+06   0.535286001E+04  -0.136281293E+02  -0.118581848E+02  -0.129227381E+02  -0.135485483E+02  -0.137764534E+02  -0.138547775E+02  -0.127777658E+02  -0.127135760E+02  -0.133802242E+02  -0.138677103E+02  -0.142656154E+02
   0.371641935E+06   0.528855969E+04  -0.136104533E+02  -0.117943180E+02  -0.128843932E+02  -0.135277766E+02  -0.137644684E+02  -0.138498218E+02  -0.127156563E+02  -0.126717165E+02  -0.133524233E+02  -0.138504533E+02  -0.142571451E+02
   0.382164705E+06   0.523232618E+04  -0.135920724E+02  -0.117337268E+02  -0.128472522E+02  -0.135062691E+02  -0.137507775E+02  -0.138423843E+02  -0.126566285E+02  -0.126314488E+02  -0.133246623E+02  -0.138320724E+02  -0.142465809E+02
   0.392600535E+06   0.517671504E+04  -0.135770237E+02  -0.116769350E+02  -0.128136509E+02  -0.134881283E+02  -0.137403669E+02  -0.138381579E+02  -0.126013827E+02  -0.125947555E+02  -0.133003373E+02  -0.138170237E+02  -0.142392624E+02
   0.403586254E+06   0.512215273E+04  -0.135614119E+02  -0.116203673E+02  -0.127798365E+02  -0.134694827E+02  -0.137293058E+02  -0.138331643E+02  -0.125463319E+02  -0.125579073E+02  -0.132756242E+02  -0.138014119E+02  -0.142312350E+02
   0.414792220E+06   0.506827293E+04  -0.135475025E+02  -0.115660143E+02  -0.127479522E+02  -0.134525775E+02  -0.137198901E+02  -0.138297402E+02  -0.124934769E+02  -0.125230272E+02  -0.132527274E+02  -0.137875025E+02  -0.142248152E+02
   0.425254368E+06   0.502405819E+04  -0.135372276E+02  -0.115225507E+02  -0.127229268E+02  -0.134398442E+02  -0.137133029E+02  -0.138280698E+02  -0.124512425E+02  -0.124955433E+02  -0.132350772E+02  -0.137772276E+02  -0.142206863E+02
   0.435845944E+06   0.500000000E+04  -0.135269085E+02  -0.114941729E+02  -0.127045815E+02  -0.134281873E+02  -0.137049902E+02  -0.138224325E+02  -0.124235334E+02  -0.124758604E+02  -0.132207450E+02  -0.137669085E+02  -0.142137114E+02
   0.445981204E+06   0.500000000E+04  -0.135141600E+02  -0.114814244E+02  -0.126918331E+02  -0.134154389E+02  -0.136922418E+02  -0.138096841E+02  -0.124107850E+02  -0.124631119E+02  -0.132079966E+02  -0.137541600E+02  -0.142009629E+02
   0.456642277E+06   0.500000000E+04  -0.135045358E+02  -0.114718002E+02  -0.126822089E+02  -0.134058147E+02  -0.136826176E+02  -0.138000599E+02  -0.124011608E+02  -0.124534877E+02  -0.131983724E+02  -0.137445358E+02  -0.141913387E+02
   0.466836618E+06   0.500000000E+04  -0.134990281E+02  -0.114662925E+02  -0.126767012E+02  -0.134003070E+02  -0.136771099E+02  -0.137945522E+02  -0.123956531E+02  -0.124479800E+02  -0.131928647E+02  -0.137390281E+02  -0.141858310E+02
   0.477172685E+06   0.500000000E+04  -0.134949714E+02  -0.114622357E+02  -0.126726444E+02  -0.133962502E+02  -0.136730531E+02  -0.137904954E+02  -0.123915963E+02  -0.124439233E+02  -0.131888079E+02  -0.137349714E+02  -0.141817743E+02
   0.488354319E+06   0.500000000E+04  -0.134916272E+02  -0.114588916E+02  -0.126693003E+02  -0.133929060E+02  -0.136697089E+02  -0.137871512E+02  -0.123882522E+02  -0.124405791E+02  -0.131854637E+02  -0.137316272E+02  -0.141784301E+02
   0.499760129E+06   0.500000000E+04  -0.134913385E+02  -0.114586029E+02  -0.126690116E+02  -0.133926174E+02  -0.136694203E+02  -0.137868626E+02  -0.123879635E+02  -0.124402904E+02  -0.131851751E+02  -0.137313385E+02  -0.141781414E+02
   0.499760129E+06   0.500000000E+04  -0.134913289E+02  -0.114585933E+02  -0.126690019E+02  -0.133926077E+02  -0.136694106E+02  -0.137868529E+02  -0.123879538E+02  -0.124402808E+02  -0.131851654E+02  -0.137313289E+02  -0.141781318E+02
   0.510523992E+06   0.500000000E+04  -0.134916860E+02  -0.114589504E+02  -0.126693591E+02  -0.133929648E+02  -0.136697677E+02  -0.137872100E+02  -0.123883110E+02  -0.124406379E+02  -0.131855225E+02  -0.137316860E+02  -0.141784889E+02
   0.520838984E+06   0.500000000E+04  -0.134796088E+02  -0.114468732E+02  -0.126572819E+02  -0.133808877E+02  -0.136576906E+02  -0.137751329E+02  -0.123762338E+02  -0.124285607E+02  -0.131734454E+02  -0.137196088E+02  -0.141664117E+02
   0.520838984E+06   0.500000000E+04  -0.134797653E+02  -0.114470297E+02  -0.126574384E+02  -0.133810442E+02  -0.136578471E+02  -0.137752894E+02  -0.123763903E+02  -0.124287172E+02  -0.131736019E+02  -0.137197653E+02  -0.141665682E+02
   0.520838984E+06   0.500000000E+04  -0.134792530E+02  -0.114465174E+02  -0.126569260E+02  -0.133805318E+02  -0.136573347E+02  -0.137747770E+02  -0.123758779E+02  -0.124282049E+02  -0.131730895E+02  -0.137192530E+02  -0.141660559E+02
   0.530530282E+06   0.500000000E+04  -0.134818576E+02  -0.114491219E+02  -0.126595306E+02  -0.133831364E+02  -0.136599393E+02  -0.137773816E+02  -0.123784825E+02  -0.124308095E+02  -0.131756941E+02  -0.137218576E+02  -0.141686604E+02
   0.541020897E+06   0.500000000E+04  -0.134803107E+02  -0.114475751E+02  -0.126579837E+02  -0.133815895E+02  -0.136583924E+02  -0.137758347E+02  -0.123769356E+02  -0.124292626E+02  -0.131741472E+02  -0.137203107E+02  -0.141671136E+02
   0.550834735E+06   0.500000000E+04  -0.134819596E+02  -0.114492240E+02  -0.126596326E+02  -0.133832384E+02  -0.136600413E+02  -0.137774836E+02  -0.123785845E+02  -0.124309115E+02  -0.131757961E+02  -0.137219596E+02  -0.141687625E+02
   0.560845326E+06   0.500000000E+04  -0.134853494E+02  -0.114526138E+02  -0.126630225E+02  -0.133866283E+02  -0.136634312E+02  -0.137808735E+02  -0.123819744E+02  -0.124343013E+02  -0.131791860E+02  -0.137253494E+02  -0.141721523E+02
   0.572231283E+06   0.500000000E+04  -0.134901283E+02  -0.114573927E+02  -0.126678013E+02  -0.133914071E+02  -0.136682100E+02  -0.137856523E+02  -0.123867532E+02  -0.124390802E+02  -0.131839648E+02  -0.137301283E+02  -0.141769312E+02
   0.582306857E+06   0.500000000E+04  -0.134949476E+02  -0.114622120E+02  -0.126726206E+02  -0.133962264E+02  -0.136730293E+02  -0.137904716E+02  -0.123915725E+02  -0.124438995E+02  -0.131887841E+02  -0.137349476E+02  -0.141817505E+02
   0.592299904E+06   0.500000000E+04  -0.135024049E+02  -0.114696693E+02  -0.126800780E+02  -0.134036838E+02  -0.136804867E+02  -0.137979290E+02  -0.123990299E+02  -0.124513568E+02  -0.131962415E+02  -0.137424049E+02  -0.141892078E+02
   0.603665907E+06   0.500000000E+04  -0.135115760E+02  -0.114788404E+02  -0.126892491E+02  -0.134128549E+02  -0.136896578E+02  -0.138071001E+02  -0.124082010E+02  -0.124605279E+02  -0.132054126E+02  -0.137515760E+02  -0.141983789E+02
   0.613783694E+06   0.500000000E+04  -0.135047989E+02  -0.114720633E+02  -0.126824719E+02  -0.134060777E+02  -0.136828806E+02  -0.138003229E+02  -0.124014239E+02  -0.124537508E+02  -0.131986354E+02  -0.137447989E+02  -0.141916018E+02
   0.623890392E+06   0.500000000E+04  -0.135119212E+02  -0.114791856E+02  -0.126895943E+02  -0.134132000E+02  -0.136900029E+02  -0.138074452E+02  -0.124085462E+02  -0.124608731E+02  -0.132057577E+02  -0.137519212E+02  -0.141987241E+02
   0.634346854E+06   0.500000000E+04  -0.135204718E+02  -0.114877361E+02  -0.126981448E+02  -0.134217506E+02  -0.136985535E+02  -0.138159958E+02  -0.124170967E+02  -0.124694237E+02  -0.132143083E+02  -0.137604718E+02  -0.142072747E+02
   0.644889534E+06   0.500000000E+04  -0.135300335E+02  -0.114972979E+02  -0.127077066E+02  -0.134313123E+02  -0.137081152E+02  -0.138255575E+02  -0.124266585E+02  -0.124789854E+02  -0.132238700E+02  -0.137700335E+02  -0.142168364E+02
   0.655920120E+06   0.500000000E+04  -0.135414081E+02  -0.115086725E+02  -0.127190811E+02  -0.134426869E+02  -0.137194898E+02  -0.138369321E+02  -0.124380330E+02  -0.124903600E+02  -0.132352446E+02  -0.137814081E+02  -0.142282110E+02
   0.666364730E+06   0.500000000E+04  -0.135541490E+02  -0.115214133E+02  -0.127318220E+02  -0.134554278E+02  -0.137322307E+02  -0.138496730E+02  -0.124507739E+02  -0.125031009E+02  -0.132479855E+02  -0.137941490E+02  -0.142409519E+02
   0.666364730E+06   0.500000000E+04  -0.135531402E+02  -0.115204046E+02  -0.127308133E+02  -0.134544190E+02  -0.137312219E+02  -0.138486642E+02  -0.124497652E+02  -0.125020921E+02  -0.132469767E+02  -0.137931402E+02  -0.142399431E+02
   0.676632245E+06   0.500000000E+04  -0.135664399E+02  -0.115337043E+02  -0.127441130E+02  -0.134677188E+02  -0.137445216E+02  -0.138619640E+02  -0.124630649E+02  -0.125153918E+02  -0.132602764E+02  -0.138064399E+02  -0.142532428E+02
   0.687374934E+06   0.500000000E+04  -0.135812532E+02  -0.115485176E+02  -0.127589263E+02  -0.134825320E+02  -0.137593349E+02  -0.138767773E+02  -0.124778782E+02  -0.125302051E+02  -0.132750897E+02  -0.138212532E+02  -0.142680561E+02
   0.696934237E+06   0.500000000E+04  -0.135754672E+02  -0.115427315E+02  -0.127531402E+02  -0.134767460E+02  -0.137535489E+02  -0.138709912E+02  -0.124720921E+02  -0.125244191E+02  -0.132693037E+02  -0.138154672E+02  -0.142622700E+02
   0.707203437E+06   0.500000000E+04  -0.135897537E+02  -0.115570181E+02  -0.127674267E+02  -0.134910325E+02  -0.137678354E+02  -0.138852777E+02  -0.124863786E+02  -0.125387056E+02  -0.132835902E+02  -0.138297537E+02  -0.142765566E+02
   0.717653405E+06   0.500000000E+04  -0.136054106E+02  -0.115726750E+02  -0.127830837E+02  -0.135066895E+02  -0.137834924E+02  -0.139009347E+02  -0.125020356E+02  -0.125543625E+02  -0.132992471E+02  -0.138454106E+02  -0.142922135E+02
   0.727802580E+06   0.500000000E+04  -0.136213220E+02  -0.115885864E+02  -0.127989951E+02  -0.135226009E+02  -0.137994038E+02  -0.139168461E+02  -0.125179470E+02  -0.125702739E+02  -0.133151586E+02  -0.138613220E+02  -0.143081249E+02
   0.738155232E+06   0.500000000E+04  -0.136383189E+02  -0.116055833E+02  -0.128159920E+02  -0.135395978E+02  -0.138164007E+02  -0.139338430E+02  -0.125349439E+02  -0.125872708E+02  -0.133321555E+02  -0.138783189E+02  -0.143251218E+02
   0.748489018E+06   0.500000000E+04  -0.136565164E+02  -0.116237808E+02  -0.128341894E+02  -0.135577952E+02  -0.138345981E+02  -0.139520404E+02  -0.125531413E+02  -0.126054683E+02  -0.133503529E+02  -0.138965164E+02  -0.143433193E+02
   0.759366569E+06   0.500000000E+04  -0.136765986E+02  -0.116438630E+02  -0.128542717E+02  -0.135778775E+02  -0.138546803E+02  -0.139721227E+02  -0.125732236E+02  -0.126255505E+02  -0.133704351E+02  -0.139165986E+02  -0.143634015E+02
   0.770406743E+06   0.500000000E+04  -0.136959670E+02  -0.116632314E+02  -0.128736401E+02  -0.135972459E+02  -0.138740488E+02  -0.139914911E+02  -0.125925920E+02  -0.126449189E+02  -0.133898036E+02  -0.139359670E+02  -0.143827699E+02
   0.782099290E+06   0.500000000E+04  -0.136950786E+02  -0.116623429E+02  -0.128727516E+02  -0.135963574E+02  -0.138731603E+02  -0.139906026E+02  -0.125917035E+02  -0.126440305E+02  -0.133889151E+02  -0.139350786E+02  -0.143818815E+02
   0.782099290E+06   0.500000000E+04  -0.136939477E+02  -0.116612121E+02  -0.128716208E+02  -0.135952266E+02  -0.138720294E+02  -0.139894718E+02  -0.125905727E+02  -0.126428996E+02  -0.133877842E+02  -0.139339477E+02  -0.143807506E+02
   0.791557647E+06   0.500000000E+04  -0.137136398E+02  -0.116809041E+02  -0.128913128E+02  -0.136149186E+02  -0.138917215E+02  -0.140091638E+02  -0.126102647E+02  -0.126625917E+02  -0.134074763E+02  -0.139536398E+02  -0.144004427E+02
   0.802068111E+06   0.500000000E+04  -0.137347208E+02  -0.117019852E+02  -0.129123938E+02  -0.136359996E+02  -0.139128025E+02  -0.140302448E+02  -0.126313457E+02  -0.126836727E+02  -0.134285573E+02  -0.139747208E+02  -0.144215237E+02
   0.811900517E+06   0.500000000E+04  -0.137545500E+02  -0.117218144E+02  -0.129322231E+02  -0.136558289E+02  -0.139326318E+02  -0.140500741E+02  -0.126511750E+02  -0.127035019E+02  -0.134483865E+02  -0.139945500E+02  -0.144413529E+02
   0.821930049E+06   0.500000000E+04  -0.137750015E+02  -0.117422659E+02  -0.129526745E+02  -0.136762803E+02  -0.139530832E+02  -0.140705255E+02  -0.126716265E+02  -0.127239534E+02  -0.134688380E+02  -0.140150015E+02  -0.144618044E+02
   0.833337548E+06   0.500000000E+04  -0.137985914E+02  -0.117658557E+02  -0.129762644E+02  -0.136998702E+02  -0.139766731E+02  -0.140941154E+02  -0.126952163E+02  -0.127475433E+02  -0.134924279E+02  -0.140385914E+02  -0.144853942E+02
   0.844139048E+06   0.500000000E+04  -0.138212588E+02  -0.117885232E+02  -0.129989319E+02  -0.137225376E+02  -0.139993405E+02  -0.141167828E+02  -0.127178838E+02  -0.127702107E+02  -0.135150953E+02  -0.140612588E+02  -0.145080617E+02
   0.855005782E+06   0.500000000E+04  -0.138444186E+02  -0.118116830E+02  -0.130220917E+02  -0.137456975E+02  -0.140225003E+02  -0.141399427E+02  -0.127410436E+02  -0.127933705E+02  -0.135382551E+02  -0.140844186E+02  -0.145312215E+02
   0.865811622E+06   0.500000000E+04  -0.138655777E+02  -0.118328421E+02  -0.130432508E+02  -0.137668565E+02  -0.140436594E+02  -0.141611018E+02  -0.127622027E+02  -0.128145296E+02  -0.135594142E+02  -0.141055777E+02  -0.145523806E+02
   0.916642380E+06   0.500000000E+04  -0.139481132E+02  -0.119153776E+02  -0.131257863E+02  -0.138493921E+02  -0.141261950E+02  -0.142436373E+02  -0.128447382E+02  -0.128970651E+02  -0.136419498E+02  -0.141881132E+02  -0.146349161E+02
   0.967066713E+06   0.500000000E+04  -0.140314510E+02  -0.119987154E+02  -0.132091241E+02  -0.139327299E+02  -0.142095328E+02  -0.143269751E+02  -0.129280760E+02  -0.129804029E+02  -0.137252876E+02  -0.142714510E+02  -0.147182539E+02
   0.101824301E+07   0.500000000E+04  -0.141331358E+02  -0.121004001E+02  -0.133108088E+02  -0.140344146E+02  -0.143112175E+02  -0.144286598E+02  -0.130297607E+02  -0.130820877E+02  -0.138269723E+02  -0.143731358E+02  -0.148199386E+02
   0.106806367E+07   0.500000000E+04  -0.142066298E+02  -0.121738941E+02  -0.133843028E+02  -0.141079086E+02  -0.143847115E+02  -0.145021538E+02  -0.131032547E+02  -0.131555817E+02  -0.139004663E+02  -0.144466298E+02  -0.148934327E+02
   0.111809842E+07   0.500000000E+04  -0.142978028E+02  -0.122650672E+02  -0.134754759E+02  -0.141990817E+02  -0.144758846E+02  -0.145933269E+02  -0.131944278E+02  -0.132467547E+02  -0.139916393E+02  -0.145378028E+02  -0.149846057E+02
   0.116883354E+07   0.500000000E+04  -0.143653946E+02  -0.123326590E+02  -0.135430677E+02  -0.142666735E+02  -0.145434764E+02  -0.146609187E+02  -0.132620196E+02  -0.133143465E+02  -0.140592312E+02  -0.146053946E+02  -0.150521975E+02
   0.121885861E+07   0.500000000E+04  -0.144278920E+02  -0.123951564E+02  -0.136055651E+02  -0.143291709E+02  -0.146059738E+02  -0.147234161E+02  -0.133245170E+02  -0.133768439E+02  -0.141217286E+02  -0.146678920E+02  -0.151146949E+02
   0.127017115E+07   0.500000000E+04  -0.145083041E+02  -0.124755685E+02  -0.136859771E+02  -0.144095829E+02  -0.146863858E+02  -0.148038281E+02  -0.134049290E+02  -0.134572560E+02  -0.142021406E+02  -0.147483041E+02  -0.151951070E+02
   0.132064721E+07   0.500000000E+04  -0.145650413E+02  -0.125323057E+02  -0.137427144E+02  -0.144663202E+02  -0.147431231E+02  -0.148605654E+02  -0.134616663E+02  -0.135139933E+02  -0.142588779E+02  -0.148050413E+02  -0.152518442E+02
   0.137070894E+07   0.500000000E+04  -0.146343199E+02  -0.126015842E+02  -0.138119929E+02  -0.145355987E+02  -0.148124016E+02  -0.149298439E+02  -0.135309448E+02  -0.135832718E+02  -0.143281564E+02  -0.148743199E+02  -0.153211228E+02
   0.142167843E+07   0.500000000E+04  -0.146885691E+02  -0.126558334E+02  -0.138662421E+02  -0.145898479E+02  -0.148666508E+02  -0.149840931E+02  -0.135851940E+02  -0.136375210E+02  -0.143824056E+02  -0.149285691E+02  -0.153753719E+02
   0.147232324E+07   0.500000000E+04  -0.147466077E+02  -0.127138720E+02  -0.139242807E+02  -0.146478865E+02  -0.149246894E+02  -0.150421317E+02  -0.136432326E+02  -0.136955596E+02  -0.144404442E+02  -0.149866077E+02  -0.154334106E+02
   0.152443952E+07   0.500000000E+04  -0.147920549E+02  -0.127593193E+02  -0.139697279E+02  -0.146933337E+02  -0.149701366E+02  -0.150875789E+02  -0.136886798E+02  -0.137410068E+02  -0.144858914E+02  -0.150320549E+02  -0.154788578E+02
   0.157497335E+07   0.500000000E+04  -0.148325486E+02  -0.127998130E+02  -0.140102217E+02  -0.147338274E+02  -0.150106303E+02  -0.151280726E+02  -0.137291736E+02  -0.137815005E+02  -0.145263851E+02  -0.150725486E+02  -0.155193515E+02
   0.162583825E+07   0.500000000E+04  -0.148771521E+02  -0.128444165E+02  -0.140548252E+02  -0.147784310E+02  -0.150552338E+02  -0.151726762E+02  -0.137737771E+02  -0.138261040E+02  -0.145709886E+02  -0.151171521E+02  -0.155639550E+02
   0.167592650E+07   0.500000000E+04  -0.149076943E+02  -0.128749587E+02  -0.140853673E+02  -0.148089731E+02  -0.150857760E+02  -0.152032183E+02  -0.138043192E+02  -0.138566462E+02  -0.146015308E+02  -0.151476943E+02  -0.155944972E+02
   0.172815312E+07   0.500000000E+04  -0.149430272E+02  -0.129102916E+02  -0.141207003E+02  -0.148443061E+02  -0.151211090E+02  -0.152385513E+02  -0.138396522E+02  -0.138919791E+02  -0.146368638E+02  -0.151830272E+02  -0.156298301E+02
   0.182800416E+07   0.500000000E+04  -0.149894863E+02  -0.129567506E+02  -0.141671593E+02  -0.148907651E+02  -0.151675680E+02  -0.152850103E+02  -0.138861112E+02  -0.139384382E+02  -0.146833228E+02  -0.152294863E+02  -0.156762892E+02
   0.192794123E+07   0.500000000E+04  -0.150248936E+02  -0.129921580E+02  -0.142025667E+02  -0.149261725E+02  -0.152029754E+02  -0.153204177E+02  -0.139215186E+02  -0.139738455E+02  -0.147187302E+02  -0.152648936E+02  -0.157116965E+02
   0.202884676E+07   0.500000000E+04  -0.150470118E+02  -0.130142762E+02  -0.142246848E+02  -0.149482906E+02  -0.152250935E+02  -0.153425358E+02  -0.139436367E+02  -0.139959637E+02  -0.147408483E+02  -0.152870118E+02  -0.157338147E+02
   0.213108405E+07   0.500000000E+04  -0.150597613E+02  -0.130270257E+02  -0.142374343E+02  -0.149610401E+02  -0.152378430E+02  -0.153552853E+02  -0.139563862E+02  -0.140087132E+02  -0.147535978E+02  -0.152997613E+02  -0.157465642E+02
   0.223312924E+07   0.500000000E+04  -0.150604145E+02  -0.130276788E+02  -0.142380875E+02  -0.149616933E+02  -0.152384962E+02  -0.153559385E+02  -0.139570394E+02  -0.140093664E+02  -0.147542510E+02  -0.153004145E+02  -0.157472173E+02
   0.233381097E+07   0.500000000E+04  -0.150550116E+02  -0.130222760E+02  -0.142326846E+02  -0.149562904E+02  -0.152330933E+02  -0.153505356E+02  -0.139516365E+02  -0.140039635E+02  -0.147488481E+02  -0.152950116E+02  -0.157418145E+02
   0.243537492E+07   0.500000000E+04  -0.150471151E+02  -0.130143794E+02  -0.142247881E+02  -0.149483939E+02  -0.152251968E+02  -0.153426391E+02  -0.139437400E+02  -0.139960670E+02  -0.147409516E+02  -0.152871151E+02  -0.157339180E+02
   0.253668138E+07   0.500000000E+04  -0.150330614E+02  -0.130003257E+02  -0.142107344E+02  -0.149343402E+02  -0.152111431E+02  -0.153285854E+02  -0.139296863E+02  -0.139820133E+02  -0.147268979E+02  -0.152730614E+02  -0.157198642E+02
   0.263719775E+07   0.500000000E+04  -0.150172411E+02  -0.129845055E+02  -0.141949141E+02  -0.149185199E+02  -0.151953228E+02  -0.153127651E+02  -0.139138660E+02  -0.139661930E+02  -0.147110776E+02  -0.152572411E+02  -0.157040440E+02
   0.273715046E+07   0.500000000E+04  -0.150009074E+02  -0.129681718E+02  -0.141785805E+02  -0.149021863E+02  -0.151789892E+02  -0.152964315E+02  -0.138975324E+02  -0.139498593E+02  -0.146947440E+02  -0.152409074E+02  -0.156877103E+02
   0.283720331E+07   0.500000000E+04  -0.149810280E+02  -0.129482924E+02  -0.141587011E+02  -0.148823069E+02  -0.151591098E+02  -0.152765521E+02  -0.138776530E+02  -0.139299799E+02  -0.146748646E+02  -0.152210280E+02  -0.156678309E+02
   0.293783088E+07   0.500000000E+04  -0.149623474E+02  -0.129296118E+02  -0.141400204E+02  -0.148636262E+02  -0.151404291E+02  -0.152578714E+02  -0.138589723E+02  -0.139112993E+02  -0.146561839E+02  -0.152023474E+02  -0.156491503E+02
   0.303955872E+07   0.500000000E+04  -0.149417648E+02  -0.129090292E+02  -0.141194379E+02  -0.148430436E+02  -0.151198465E+02  -0.152372888E+02  -0.138383898E+02  -0.138907167E+02  -0.146356013E+02  -0.151817648E+02  -0.156285677E+02
   0.314222456E+07   0.500000000E+04  -0.149210191E+02  -0.128882835E+02  -0.140986922E+02  -0.148222980E+02  -0.150991009E+02  -0.152165432E+02  -0.138176441E+02  -0.138699710E+02  -0.146148556E+02  -0.151610191E+02  -0.156078220E+02
   0.324552718E+07   0.500000000E+04  -0.148964336E+02  -0.128636980E+02  -0.140741067E+02  -0.147977125E+02  -0.150745153E+02  -0.151919577E+02  -0.137930586E+02  -0.138453855E+02  -0.145902701E+02  -0.151364336E+02  -0.155832365E+02
   0.334491493E+07   0.500000000E+04  -0.148708379E+02  -0.128381023E+02  -0.140485109E+02  -0.147721167E+02  -0.150489196E+02  -0.151663619E+02  -0.137674629E+02  -0.138197898E+02  -0.145646744E+02  -0.151108379E+02  -0.155576408E+02
   0.344643553E+07   0.500000000E+04  -0.148456197E+02  -0.128128841E+02  -0.140232928E+02  -0.147468985E+02  -0.150237014E+02  -0.151411437E+02  -0.137422447E+02  -0.137945716E+02  -0.145394562E+02  -0.150856197E+02  -0.155324226E+02
   0.354829666E+07   0.500000000E+04  -0.148183878E+02  -0.127856521E+02  -0.139960608E+02  -0.147196666E+02  -0.149964695E+02  -0.151139118E+02  -0.137150127E+02  -0.137673397E+02  -0.145122243E+02  -0.150583878E+02  -0.155051906E+02
   0.365059743E+07   0.500000000E+04  -0.147861791E+02  -0.127534435E+02  -0.139638522E+02  -0.146874580E+02  -0.149642609E+02  -0.150817032E+02  -0.136828041E+02  -0.137351310E+02  -0.144800157E+02  -0.150261791E+02  -0.154729820E+02
   0.375305665E+07   0.500000000E+04  -0.147508497E+02  -0.127181141E+02  -0.139285228E+02  -0.146521286E+02  -0.149289315E+02  -0.150463738E+02  -0.136474747E+02  -0.136998016E+02  -0.144446863E+02  -0.149908497E+02  -0.154376526E+02
   0.385472035E+07   0.500000000E+04  -0.147191143E+02  -0.126863786E+02  -0.138967873E+02  -0.146203931E+02  -0.148971960E+02  -0.150146383E+02  -0.136157392E+02  -0.136680662E+02  -0.144129508E+02  -0.149591143E+02  -0.154059172E+02
   0.385472035E+07   0.500000000E+04  -0.147200327E+02  -0.126872971E+02  -0.138977058E+02  -0.146213116E+02  -0.148981145E+02  -0.150155568E+02  -0.136166577E+02  -0.136689846E+02  -0.144138693E+02  -0.149600327E+02  -0.154068356E+02
   0.395554334E+07   0.500000000E+04  -0.146810116E+02  -0.126482760E+02  -0.138586847E+02  -0.145822905E+02  -0.148590934E+02  -0.149765357E+02  -0.135776366E+02  -0.136299635E+02  -0.143748482E+02  -0.149210116E+02  -0.153678145E+02
   0.405495327E+07   0.500000000E+04  -0.146383140E+02  -0.126055784E+02  -0.138159871E+02  -0.145395929E+02  -0.148163958E+02  -0.149338381E+02  -0.135349390E+02  -0.135872659E+02  -0.143321506E+02  -0.148783140E+02  -0.153251169E+02
   0.415823073E+07   0.500000000E+04  -0.145903997E+02  -0.125576641E+02  -0.137680728E+02  -0.144916786E+02  -0.147684815E+02  -0.148859238E+02  -0.134870247E+02  -0.135393516E+02  -0.142842362E+02  -0.148303997E+02  -0.152772026E+02
   0.425978855E+07   0.500000000E+04  -0.145396278E+02  -0.125068922E+02  -0.137173009E+02  -0.144409066E+02  -0.147177095E+02  -0.148351518E+02  -0.134362528E+02  -0.134885797E+02  -0.142334643E+02  -0.147796278E+02  -0.152264307E+02
   0.436246644E+07   0.500000000E+04  -0.144822731E+02  -0.124495375E+02  -0.136599462E+02  -0.143835519E+02  -0.146603548E+02  -0.147777971E+02  -0.133788981E+02  -0.134312250E+02  -0.141761096E+02  -0.147222731E+02  -0.151690760E+02
   0.446423076E+07   0.500000000E+04  -0.144201333E+02  -0.123873976E+02  -0.135978063E+02  -0.143214121E+02  -0.145982150E+02  -0.147156573E+02  -0.133167582E+02  -0.133690852E+02  -0.141139698E+02  -0.146601333E+02  -0.151069361E+02
   0.456513238E+07   0.500000000E+04  -0.143534406E+02  -0.123207050E+02  -0.135311137E+02  -0.142547195E+02  -0.145315223E+02  -0.146489647E+02  -0.132500656E+02  -0.133023925E+02  -0.140472771E+02  -0.145934406E+02  -0.150402435E+02
   0.466896584E+07   0.500000000E+04  -0.142755012E+02  -0.122427656E+02  -0.134531743E+02  -0.141767801E+02  -0.144535829E+02  -0.145710253E+02  -0.131721262E+02  -0.132244531E+02  -0.139693377E+02  -0.145155012E+02  -0.149623041E+02
   0.477416385E+07   0.500000000E+04  -0.141856592E+02  -0.121529236E+02  -0.133633322E+02  -0.140869380E+02  -0.143637409E+02  -0.144811832E+02  -0.130822841E+02  -0.131346111E+02  -0.138794957E+02  -0.144256592E+02  -0.148724621E+02
   0.487528203E+07   0.500000000E+04  -0.140871180E+02  -0.120543824E+02  -0.132647911E+02  -0.139883968E+02  -0.142651997E+02  -0.143826421E+02  -0.129837430E+02  -0.130360699E+02  -0.137809545E+02  -0.143271180E+02  -0.147739209E+02
   0.497821796E+07   0.500000000E+04  -0.139771997E+02  -0.119444641E+02  -0.131548728E+02  -0.138784786E+02  -0.141552815E+02  -0.142727238E+02  -0.128738247E+02  -0.129261516E+02  -0.136710362E+02  -0.142171997E+02  -0.146640026E+02
