  0.0000000000E+000  0.0000000000E+000
  2.2290249952E+001  5.0081008988E+038
  1.7070319007E+004  1.1688928005E+042
  3.4207181087E+004  8.1244999223E+041
  5.1370546793E+004  7.1887802907E+041
  6.8528701694E+004  5.6029068096E+041
  8.5775647490E+004  4.0315624430E+041
  1.0307259169E+005  3.1858519889E+041
  1.2040816916E+005  3.3410929013E+041
  1.3812946116E+005  2.7752287606E+041
  1.5590897436E+005  2.2281340812E+041
  1.7370812129E+005  1.9164174410E+041
  1.9190556889E+005  1.6765629340E+041
  2.0992332436E+005  1.4843718574E+041
  2.2872155919E+005  1.3182872482E+041
  2.4621653924E+005  1.1946535646E+041
  2.6357832362E+005  1.0984133846E+041
  2.8045156883E+005  1.0224907322E+041
  2.9883597101E+005  9.5984720730E+040
  3.1629454824E+005  9.1470349109E+040
  3.3516706280E+005  8.7417641621E+040
  3.5257800443E+005  8.4550217857E+040
  3.7123520393E+005  8.2638406138E+040
  3.8781518059E+005  8.1637588338E+040
  4.0540966519E+005  8.0055298442E+040
  4.2409767956E+005  7.9258439336E+040
  4.3989190420E+005  7.9431740766E+040
  4.5648636267E+005  7.8869767760E+040
  4.7393155271E+005  7.9026616620E+040
  4.9228101824E+005  7.9519835991E+040
  5.1159205844E+005  7.9735054078E+040
  5.2674393691E+005  8.0576040813E+040
  5.4250001720E+005  8.1630517466E+040
  5.5888959496E+005  8.2917315964E+040
  5.7594367254E+005  8.3084849217E+040
  5.9369567389E+005  8.4638812851E+040
  6.1217989685E+005  8.6471293864E+040
  6.3143237876E+005  8.7834636315E+040
  6.5149210590E+005  9.0051739744E+040
  6.7239954223E+005  9.2638688851E+040
  6.8682945173E+005  9.3344510119E+040
  7.0166822189E+005  9.5610969227E+040
  7.1692954517E+005  9.7330664530E+040
  7.3262736052E+005  1.0010348666E+041
  7.4877609980E+005  1.0142933187E+041
  7.6539144570E+005  1.0462413426E+041
  7.8248922781E+005  1.0726347990E+041
  8.0008563079E+005  1.1120287534E+041
  8.1819765793E+005  1.1361068269E+041
  8.3684343074E+005  1.1723303448E+041
  8.5604089957E+005  1.2229962543E+041
  8.7580876224E+005  1.2583607267E+041
  8.9616672532E+005  1.3167327757E+041
  9.1713437196E+005  1.3693853193E+041
  9.3873211940E+005  1.4286199872E+041
  9.6098148501E+005  1.4886804870E+041
  9.8390306336E+005  1.5450553681E+041
  9.9562267409E+005  1.5900684154E+041
  1.0075183855E+006  1.6236472578E+041
  1.0195927079E+006  1.6577434714E+041
  1.0318482968E+006  1.6927481430E+041
  1.0442879055E+006  1.7192571235E+041
  1.0569146943E+006  1.7543834072E+041
  1.0697317611E+006  1.8033180162E+041
  1.0827420898E+006  1.8392444486E+041
  1.0959487530E+006  1.8674566130E+041
  1.1093551378E+006  1.9034535316E+041
  1.1229643198E+006  1.9397242486E+041
  1.1367794474E+006  1.9912899601E+041
  1.1508037161E+006  2.0197068318E+041
  1.1650408083E+006  2.0561291434E+041
  1.1794939978E+006  2.0929239812E+041
  1.1941666109E+006  2.1461713279E+041
  1.2090620291E+006  2.1746107903E+041
  1.2241839864E+006  2.2113469952E+041
  1.2395360399E+006  2.2484357072E+041
  1.2551204746E+006  2.2859968601E+041
  1.2709403403E+006  2.3320336024E+041
  1.2869997455E+006  2.3687476920E+041
  1.3033022900E+006  2.4057764477E+041
  1.3198516514E+006  2.4354617093E+041
  1.3366519320E+006  2.4721816575E+041
  1.3537068836E+006  2.5282806768E+041
  1.3710203998E+006  2.5577959062E+041
  1.3885968053E+006  2.5943190804E+041
  1.4064401117E+006  2.6310232008E+041
  1.4245543774E+006  2.6800949171E+041
  1.4429442166E+006  2.7161199000E+041
  1.4616138447E+006  2.7523937438E+041
  1.4805674950E+006  2.7817081079E+041
  1.4998100531E+006  2.8400632451E+041
  1.5193458015E+006  2.8759825257E+041
  1.5391792131E+006  2.9021954927E+041
  1.5593151844E+006  2.9368994288E+041
  1.5797583433E+006  2.9709158342E+041
  1.6005133657E+006  3.0215844265E+041
  1.6215855068E+006  3.0536604364E+041
  1.6429796166E+006  3.0857706696E+041
  1.6647005967E+006  3.1084333479E+041
  1.6867540853E+006  3.1672585086E+041
  1.7091450936E+006  3.1967648527E+041
  1.7318787126E+006  3.2146816192E+041
  1.7549608600E+006  3.2413853643E+041
  1.7783967263E+006  3.2930908303E+041
  1.8021919385E+006  3.3160292659E+041
  1.8263519893E+006  3.3308610112E+041
  1.8508830107E+006  3.3510240269E+041
  1.8757905450E+006  3.3624758454E+041
  1.9010808067E+006  3.4160960044E+041
  1.9267596303E+006  3.4222948089E+041
  1.9528333216E+006  3.4348581138E+041
  1.9793078992E+006  3.4385952988E+041
  2.0061899174E+006  3.4918394312E+041
  2.0334824470E+006  3.4928127891E+041
  2.0611459266E+006  3.4986738098E+041
  2.0891854054E+006  3.4948900891E+041
  2.1176060048E+006  3.4972943741E+041
  2.1464129092E+006  3.5387815711E+041
  2.1756113787E+006  3.5394828844E+041
  2.2052067386E+006  3.5306157659E+041
  2.2352044080E+006  3.5278213731E+041
  2.2656098379E+006  3.5147593513E+041
  2.2964285889E+006  3.5617621650E+041
  2.3276662819E+006  3.5422984827E+041
  2.3593286244E+006  3.5320638888E+041
  2.3914213972E+006  3.5148319391E+041
  2.4239504653E+006  3.5048576065E+041
  2.4569217640E+006  3.4834281598E+041
  2.4903413177E+006  3.5330073680E+041
  2.5242152256E+006  3.5067992012E+041
  2.5585496743E+006  3.4940140116E+041
  2.5933509264E+006  3.4683253117E+041
  2.6286253361E+006  3.4516449288E+041
  2.6643793362E+006  3.4234054380E+041
  2.7006194585E+006  3.4077658697E+041
  2.7373523169E+006  3.4506672385E+041
  2.7745846156E+006  3.4263643609E+041
  2.8123231493E+006  3.3987586563E+041
  2.8505748052E+006  3.3755834979E+041
  2.8893465632E+006  3.3509385482E+041
  2.9286455006E+006  3.3260765842E+041
  2.9684787875E+006  3.2922402053E+041
  3.0088536816E+006  3.3521002098E+041
  3.0497775384E+006  3.3283015889E+041
  3.0912578219E+006  3.2949044952E+041
  3.1333021017E+006  3.2667873024E+041
  3.1759180445E+006  3.2273082327E+041
  3.2191134147E+006  3.2031970741E+041
  3.2628960832E+006  3.2679760827E+041
  3.3072740305E+006  3.2404615566E+041
  3.3522553470E+006  3.2088031717E+041
  3.3978482288E+006  3.1700192452E+041
  3.4440609756E+006  3.1337961108E+041
  3.4909019957E+006  3.2212892755E+041
  3.5383798177E+006  3.1858976715E+041
  3.5865030972E+006  3.1497185425E+041
  3.6352806029E+006  3.1037288253E+041
  3.6847212100E+006  3.0672568222E+041
  3.7348339128E+006  3.0171295235E+041
  3.7856278381E+006  3.1196648830E+041
  3.8371122468E+006  3.0789853226E+041
  3.8892965313E+006  3.0335105906E+041
  3.9421902048E+006  2.9841521834E+041
  3.9958029007E+006  2.9316963250E+041
  4.0501443856E+006  3.0545574920E+041
  4.1052245652E+006  2.9962379470E+041
  4.1610534759E+006  2.9493478413E+041
  4.2176412819E+006  2.8953230356E+041
  4.2749982905E+006  2.8398473014E+041
  4.3331349600E+006  2.9572659107E+041
  4.3920618871E+006  2.8967130834E+041
  4.4517898058E+006  2.8495967564E+041
  4.5123296073E+006  2.7856336116E+041
  4.5736923327E+006  2.7074377237E+041
  4.6358891554E+006  2.8208989100E+041
  4.6989314022E+006  2.7569931277E+041
  4.7628305840E+006  2.6806478898E+041
  4.8275983851E+006  2.7775604615E+041
  4.8932466286E+006  2.7021262682E+041
  4.9597872778E+006  2.6294898016E+041
  5.0000000000E+006  2.5720089744E+041
  5.0000000000E+006  2.5720089744E+041
