  0.0000000000E+000  0.0000000000E+000
  2.2315288003E+001  1.0825227169E+038
  1.0069116546E+004  3.5199811208E+042
  2.0142006882E+004  1.9964852416E+042
  3.0191897523E+004  1.3438150640E+042
  4.0297085187E+004  9.5412899257E+041
  5.0473402166E+004  7.3353306364E+041
  6.0697272799E+004  5.9747144810E+041
  7.0953205773E+004  5.0523915522E+041
  8.1050617128E+004  4.3855210009E+041
  9.1749059985E+004  3.8504165468E+041
  1.0210444266E+005  3.3955413749E+041
  1.1271179611E+005  2.9457987876E+041
  1.2329041382E+005  2.6213517086E+041
  1.3345305901E+005  2.3479049328E+041
  1.4370177501E+005  2.1463289296E+041
  1.5388506766E+005  1.9891350128E+041
  1.6383839593E+005  1.8359416697E+041
  1.7464248591E+005  1.6934530080E+041
  1.8515951349E+005  1.5840461237E+041
  1.9505100519E+005  1.4849344052E+041
  2.0565249848E+005  1.3919487000E+041
  2.1535891190E+005  1.3129201988E+041
  2.2569014301E+005  1.2401460520E+041
  2.3670194558E+005  1.1727273714E+041
  2.4644260956E+005  1.1204511768E+041
  2.5673771522E+005  1.0702258408E+041
  2.6772591630E+005  1.0201009437E+041
  2.7704364879E+005  9.9050446838E+040
  2.8681247226E+005  9.6109132640E+040
  2.9706126449E+005  9.3846717999E+040
  3.0782101552E+005  9.1758893193E+040
  3.1912498644E+005  8.9560936262E+040
  3.2798149402E+005  8.8734171931E+040
  3.3718019401E+005  8.7378215938E+040
  3.4673801449E+005  8.6847702930E+040
  3.5674479580E+005  8.4681554007E+040
  3.6719057502E+005  8.3925756265E+040
  3.7806116983E+005  8.2857816983E+040
  3.8937814486E+005  8.2622853445E+040
  4.0116427454E+005  8.1709396546E+040
  4.1344363362E+005  8.1719365375E+040
  4.2191640475E+005  8.1245414017E+040
  4.3062758342E+005  8.0798191040E+040
  4.3958538132E+005  8.1363779921E+040
  4.4889754608E+005  7.9355654689E+040
  4.5847894152E+005  7.9700755929E+040
  4.6833917216E+005  7.9282802649E+040
  4.7848825913E+005  7.8982199461E+040
  4.8893663675E+005  7.9859046951E+040
  4.9969517142E+005  7.9844511821E+040
  5.1077518421E+005  7.9874117659E+040
  5.2218847571E+005  8.1201714837E+040
  5.3400526294E+005  7.9139802124E+040
  5.4625112166E+005  8.0342411719E+040
  5.5887658082E+005  8.0577060861E+040
  5.7189490497E+005  8.0894389246E+040
  5.8530280784E+005  8.2681639923E+040
  5.9215524078E+005  8.3011074358E+040
  5.9910893485E+005  8.3372286684E+040
  6.0616563589E+005  8.3755534233E+040
  6.1332712317E+005  8.4168931501E+040
  6.2059521011E+005  8.4609992255E+040
  6.2804499922E+005  8.3950145774E+040
  6.3561262130E+005  8.4196910491E+040
  6.4329462322E+005  8.4691539023E+040
  6.5109301374E+005  8.5168125840E+040
  6.5900984248E+005  8.7210799968E+040
  6.6704719874E+005  8.7860663611E+040
  6.7520721117E+005  8.8556918871E+040
  6.8349204780E+005  8.9309206758E+040
  6.9190391639E+005  9.0114119222E+040
  7.0044506486E+005  9.0983789162E+040
  7.0911778185E+005  9.3652107551E+040
  7.1800731677E+005  9.0961339392E+040
  7.2707763539E+005  9.1933709284E+040
  7.3629007996E+005  9.2960038766E+040
  7.4564718230E+005  9.5840336714E+040
  7.5515153099E+005  9.7088531502E+040
  7.6480576903E+005  9.8431832606E+040
  7.7461259387E+005  9.9859598447E+040
  7.8457475847E+005  1.0138662220E+041
  7.9469507263E+005  1.0300820699E+041
  8.0497640452E+005  1.0670155891E+041
  8.1551476971E+005  1.0411109078E+041
  8.2626810729E+005  1.0598176633E+041
  8.3719543036E+005  1.0784501494E+041
  8.4829984750E+005  1.1174565187E+041
  8.5958458276E+005  1.1381117820E+041
  8.7105294439E+005  1.1596367668E+041
  8.8270831668E+005  1.1822757623E+041
  9.3163159852E+005  1.2607739574E+041
  9.8404045769E+005  1.3968263148E+041
  1.0405639030E+006  1.5050029530E+041
  1.0855251033E+006  1.6119658289E+041
  1.1331574414E+006  1.7091467297E+041
  1.1832673667E+006  1.8325243703E+041
  1.2364555869E+006  1.9400357565E+041
  1.2925796618E+006  2.0685555852E+041
  1.3519013688E+006  2.2462107725E+041
  1.3932856954E+006  2.3116394647E+041
  1.4362275759E+006  2.4475344455E+041
  1.4806868341E+006  2.5526659435E+041
  1.5269862939E+006  2.6439022771E+041
  1.5749342405E+006  2.7471880988E+041
  1.6247652329E+006  2.8462636309E+041
  1.6763796155E+006  2.9392665442E+041
  1.7300810395E+006  3.0257205252E+041
  1.7857153113E+006  3.1057547278E+041
  1.9024732558E+006  3.2188910036E+041
  1.9929327895E+006  3.2959752930E+041
  2.0848038606E+006  3.3539979535E+041
  2.1781675924E+006  3.3563082424E+041
  2.2730564550E+006  3.3768920754E+041
  2.3694885705E+006  3.3812059523E+041
  2.4673994771E+006  3.3478011797E+041
  2.5669872118E+006  3.3464124215E+041
  2.6683573298E+006  3.3390782522E+041
  2.7714278172E+006  3.2862277500E+041
  2.8762767499E+006  3.2744267233E+041
  2.9829309454E+006  3.2149315052E+041
  3.0915533407E+006  3.2075109020E+041
  3.2022209437E+006  3.2003753795E+041
  3.3150673703E+006  3.1880787017E+041
  3.4302097351E+006  3.1129638646E+041
  3.5478804422E+006  3.0943743405E+041
  3.6682657842E+006  3.0752884014E+041
  3.7501993023E+006  3.0108821221E+041
  3.8331904322E+006  3.0311027021E+041
  3.9176859861E+006  2.9469602474E+041
  4.0037073409E+006  2.9529874363E+041
  4.0910729344E+006  2.9648693875E+041
  4.1800495945E+006  2.8712156867E+041
  4.2708402152E+006  2.8624589187E+041
  4.3634850327E+006  2.8773878844E+041
  4.4579665086E+006  2.8651660096E+041
  4.5543931072E+006  2.7347363657E+041
  4.6528494011E+006  2.7241151439E+041
  4.7533273945E+006  2.7004675205E+041
  4.8559014304E+006  2.6642454328E+041
  4.9605623666E+006  2.6332638148E+041
  5.0000000000E+006  2.6332638148E+041
