  0.0000000000E+000  0.0000000000E+000
  2.2315288003E+001  9.8525756240E+033
  1.0069116546E+004  9.8524984510E+033
  2.0142006882E+004  9.8522031824E+033
  3.0191897523E+004  9.8516830614E+033
  4.0297085187E+004  9.8511666603E+033
  5.0473402166E+004  9.8503082763E+033
  6.0697272799E+004  9.8488489767E+033
  7.0953205773E+004  9.8464797442E+033
  8.1050617128E+004  9.8432289281E+033
  9.1749059985E+004  9.8388939859E+033
  1.0210444266E+005  9.8340721634E+033
  1.1271179611E+005  9.8285639500E+033
  1.2329041382E+005  9.8230860748E+033
  1.3345305901E+005  9.8177227648E+033
  1.4370177501E+005  9.8123709777E+033
  1.5388506766E+005  9.8069192991E+033
  1.6383839593E+005  9.8012849754E+033
  1.7464248591E+005  9.7945559718E+033
  1.8515951349E+005  9.7873320892E+033
  1.9505100519E+005  9.7798405991E+033
  2.0565249848E+005  9.7709344078E+033
  2.1535891190E+005  9.7621184869E+033
  2.2569014301E+005  9.7519023720E+033
  2.3670194558E+005  9.7400583453E+033
  2.4644260956E+005  9.7286488843E+033
  2.5673771522E+005  9.7161858912E+033
  2.6772591630E+005  9.7019124646E+033
  2.7704364879E+005  9.6892082547E+033
  2.8681247226E+005  9.6750782047E+033
  2.9706126449E+005  9.6607442520E+033
  3.0782101552E+005  9.6442960294E+033
  3.1912498644E+005  9.6271122407E+033
  3.2798149402E+005  9.6128807599E+033
  3.3718019401E+005  9.5984261865E+033
  3.4673801449E+005  9.5818117543E+033
  3.5674479580E+005  9.5650566556E+033
  3.6719057502E+005  9.5466075255E+033
  3.7806116983E+005  9.5267196948E+033
  3.8937814486E+005  9.5055618513E+033
  4.0116427454E+005  9.4834424010E+033
  4.1344363362E+005  9.4589103156E+033
  4.2191640475E+005  9.4430686268E+033
  4.3062758342E+005  9.4249990697E+033
  4.3958538132E+005  9.4058303622E+033
  4.4889754608E+005  9.3872609278E+033
  4.5847894152E+005  9.3643770277E+033
  4.6833917216E+005  9.3447807243E+033
  4.7848825913E+005  9.3221814594E+033
  4.8893663675E+005  9.2964707006E+033
  4.9969517142E+005  9.2752747368E+033
  5.1077518421E+005  9.2502749568E+033
  5.2218847571E+005  9.2211735261E+033
  5.3400526294E+005  9.1972141896E+033
  5.4625112166E+005  9.1635524332E+033
  5.5887658082E+005  9.1375823742E+033
  5.7189490497E+005  9.1065984375E+033
  5.8530280784E+005  9.0724373489E+033
  5.9215524078E+005  9.0592227544E+033
  5.9910893485E+005  9.0448745979E+033
  6.0616563589E+005  9.0292658433E+033
  6.1332712317E+005  9.0123065178E+033
  6.2059521011E+005  8.9938816762E+033
  6.2804499922E+005  8.9794453447E+033
  6.3561262130E+005  8.9623373111E+033
  6.4329462322E+005  8.9436971414E+033
  6.5109301374E+005  8.9236011650E+033
  6.5900984248E+005  8.9060892055E+033
  6.6704719874E+005  8.8909138438E+033
  6.7520721117E+005  8.8745715868E+033
  6.8349204780E+005  8.8570083862E+033
  6.9190391639E+005  8.8381118165E+033
  7.0044506486E+005  8.8176608678E+033
  7.0911778185E+005  8.8000000517E+033
  7.1800731677E+005  8.7840733188E+033
  7.2707763539E+005  8.7629451954E+033
  7.3629007996E+005  8.7402126400E+033
  7.4564718230E+005  8.7231474571E+033
  7.5515153099E+005  8.7063673387E+033
  7.6480576903E+005  8.6885826125E+033
  7.7461259387E+005  8.6697066557E+033
  7.8457475847E+005  8.6496363339E+033
  7.9469507263E+005  8.6281227213E+033
  8.0497640452E+005  8.6095366277E+033
  8.1551476971E+005  8.5928380120E+033
  8.2626810729E+005  8.5711313966E+033
  8.3719543036E+005  8.5481757806E+033
  8.4829984750E+005  8.5288283441E+033
  8.5958458276E+005  8.5115394406E+033
  8.7105294439E+005  8.4933287619E+033
  8.8270831668E+005  8.4740741138E+033
  9.3163159852E+005  8.3904272188E+033
  9.8404045769E+005  8.3044003272E+033
  1.0405639030E+006  8.2129302513E+033
  1.0855251033E+006  8.1489762642E+033
  1.1331574414E+006  8.0738782346E+033
  1.1832673667E+006  7.9984402940E+033
  1.2364555869E+006  7.9181982884E+033
  1.2925796618E+006  7.8345913746E+033
  1.3519013688E+006  7.7474815807E+033
  1.3932856954E+006  7.6898543769E+033
  1.4362275759E+006  7.6277282359E+033
  1.4806868341E+006  7.5693620630E+033
  1.5269862939E+006  7.5033350561E+033
  1.5749342405E+006  7.4420831199E+033
  1.6247652329E+006  7.3740999848E+033
  1.6763796155E+006  7.3107433886E+033
  1.7300810395E+006  7.2416769258E+033
  1.7857153113E+006  7.1759033628E+033
  1.9024732558E+006  7.0386389555E+033
  1.9929327895E+006  6.9361812086E+033
  2.0848038606E+006  6.8328086664E+033
  2.1781675924E+006  6.7336579463E+033
  2.2730564550E+006  6.6376550774E+033
  2.3694885705E+006  6.5409548355E+033
  2.4673994771E+006  6.4451996132E+033
  2.5669872118E+006  6.3530698269E+033
  2.6683573298E+006  6.2570507076E+033
  2.7714278172E+006  6.1628491637E+033
  2.8762767499E+006  6.0670863426E+033
  2.9829309454E+006  5.9635746584E+033
  3.0915533407E+006  5.8625157447E+033
  3.2022209437E+006  5.7548717864E+033
  3.3150673703E+006  5.6411530528E+033
  3.4302097351E+006  5.5259102193E+033
  3.5478804422E+006  5.4048561753E+033
  3.6682657842E+006  5.2787219947E+033
  3.7501993023E+006  5.1926298423E+033
  3.8331904322E+006  5.1061185468E+033
  3.9176859861E+006  5.0132831430E+033
  4.0037073409E+006  4.9237411206E+033
  4.0910729344E+006  4.8294639649E+033
  4.1800495945E+006  4.7319035618E+033
  4.2708402152E+006  4.6338518927E+033
  4.3634850327E+006  4.5339627099E+033
  4.4579665086E+006  4.4308715862E+033
  4.5543931072E+006  4.3243250284E+033
  4.6528494011E+006  4.2156092658E+033
  4.7533273945E+006  4.1021171921E+033
  4.8559014304E+006  3.9819443705E+033
  4.9605623666E+006  3.8536008091E+033
  5.0000000000E+006  3.8536008091E+033
