  0.0000000000E+000  0.0000000000E+000
  2.2315288003E+001  1.7185377260E+004
  1.0069116546E+004  3.8788580316E+004
  2.0142006882E+004  2.6386176994E+004
  3.0191897523E+004  2.1049569140E+004
  4.0297085187E+004  1.7495660442E+004
  5.0473402166E+004  1.5373368446E+004
  6.0697272799E+004  1.3991058986E+004
  7.0953205773E+004  1.3005791278E+004
  8.1050617128E+004  1.2236547844E+004
  9.1749059985E+004  1.1584573504E+004
  1.0210444266E+005  1.0989092542E+004
  1.1271179611E+005  1.0364027068E+004
  1.2329041382E+005  9.8124715115E+003
  1.3345305901E+005  9.3188411768E+003
  1.4370177501E+005  8.8968700236E+003
  1.5388506766E+005  8.5331871153E+003
  1.6383839593E+005  8.1912086064E+003
  1.7464248591E+005  7.8642286885E+003
  1.8515951349E+005  7.5912737027E+003
  1.9505100519E+005  7.3500319199E+003
  2.0565249848E+005  7.1178724818E+003
  2.1535891190E+005  6.9196022540E+003
  2.2569014301E+005  6.7270784668E+003
  2.3670194558E+005  6.5421843751E+003
  2.4644260956E+005  6.3940856201E+003
  2.5673771522E+005  6.2504562567E+003
  2.6772591630E+005  6.1098295761E+003
  2.7704364879E+005  6.0060369938E+003
  2.8681247226E+005  5.9108893777E+003
  2.9706126449E+005  5.8132864008E+003
  3.0782101552E+005  5.7218319236E+003
  3.1912498644E+005  5.6325374573E+003
  3.2798149402E+005  5.5706709316E+003
  3.3718019401E+005  5.5062600225E+003
  3.4673801449E+005  5.4485342335E+003
  3.5674479580E+005  5.3813686517E+003
  3.6719057502E+005  5.3158203840E+003
  3.7806116983E+005  5.2555378725E+003
  3.8937814486E+005  5.1966625831E+003
  4.0116427454E+005  5.1370228293E+003
  4.1344363362E+005  5.0806813051E+003
  4.2191640475E+005  5.0414740389E+003
  4.3062758342E+005  5.0055791897E+003
  4.3958538132E+005  4.9708406914E+003
  4.4889754608E+005  4.9233012130E+003
  4.5847894152E+005  4.8868683245E+003
  4.6833917216E+005  4.8474262776E+003
  4.7848825913E+005  4.8129581661E+003
  4.8893663675E+005  4.7825818256E+003
  4.9969517142E+005  4.7487962116E+003
  5.1077518421E+005  4.7190188884E+003
  5.2218847571E+005  4.6934157047E+003
  5.3400526294E+005  4.6472383966E+003
  5.4625112166E+005  4.6210657922E+003
  5.5887658082E+005  4.5910712133E+003
  5.7189490497E+005  4.5659783076E+003
  5.8530280784E+005  4.5450175216E+003
  5.9215524078E+005  4.5327139873E+003
  5.9910893485E+005  4.5216386586E+003
  6.0616563589E+005  4.5117222948E+003
  6.1332712317E+005  4.5031500075E+003
  6.2059521011E+005  4.4959625334E+003
  6.2804499922E+005  4.4708279989E+003
  6.3561262130E+005  4.4589562161E+003
  6.4329462322E+005  4.4517904056E+003
  6.5109301374E+005  4.4452626869E+003
  6.5900984248E+005  4.4381152549E+003
  6.6704719874E+005  4.4300398320E+003
  6.7520721117E+005  4.4232428465E+003
  6.8349204780E+005  4.4178824001E+003
  6.9190391639E+005  4.4139651346E+003
  7.0044506486E+005  4.4117868882E+003
  7.0911778185E+005  4.4086006277E+003
  7.1800731677E+005  4.3788950223E+003
  7.2707763539E+005  4.3773054803E+003
  7.3629007996E+005  4.3772360089E+003
  7.4564718230E+005  4.3749960268E+003
  7.5515153099E+005  4.3730734242E+003
  7.6480576903E+005  4.3726537346E+003
  7.7461259387E+005  4.3736094940E+003
  7.8457475847E+005  4.3761496843E+003
  7.9469507263E+005  4.3803200365E+003
  8.0497640452E+005  4.3834766331E+003
  8.1551476971E+005  4.3574144864E+003
  8.2626810729E+005  4.3629653771E+003
  8.3719543036E+005  4.3686715732E+003
  8.4829984750E+005  4.3726279109E+003
  8.5958458276E+005  4.3758945212E+003
  8.7105294439E+005  4.3800695188E+003
  8.8270831668E+005  4.3854468579E+003
  9.3163159852E+005  4.3906281051E+003
  9.8404045769E+005  4.4220564486E+003
  1.0405639030E+006  4.4365910444E+003
  1.0855251033E+006  4.4613233564E+003
  1.1331574414E+006  4.4744482323E+003
  1.1832673667E+006  4.5035868782E+003
  1.2364555869E+006  4.5142364779E+003
  1.2925796618E+006  4.5333107047E+003
  1.3519013688E+006  4.5650715980E+003
  1.3932856954E+006  4.5744954459E+003
  1.4362275759E+006  4.5952806026E+003
  1.4806868341E+006  4.6114898478E+003
  1.5269862939E+006  4.6191381377E+003
  1.5749342405E+006  4.6323225854E+003
  1.6247652329E+006  4.6395600872E+003
  1.6763796155E+006  4.6468621290E+003
  1.7300810395E+006  4.6479870932E+003
  1.7857153113E+006  4.6502704202E+003
  1.9024732558E+006  4.6409456961E+003
  1.9929327895E+006  4.6290833447E+003
  2.0848038606E+006  4.6151596827E+003
  2.1781675924E+006  4.6002033480E+003
  2.2730564550E+006  4.5779153104E+003
  2.3694885705E+006  4.5522010086E+003
  2.4673994771E+006  4.5270519115E+003
  2.5669872118E+006  4.4885163246E+003
  2.6683573298E+006  4.4473358891E+003
  2.7714278172E+006  4.3981843433E+003
  2.8762767499E+006  4.3413073262E+003
  2.9829309454E+006  4.2871460068E+003
  3.0915533407E+006  4.2213490343E+003
  3.2022209437E+006  4.1591208957E+003
  3.3150673703E+006  4.0945230245E+003
  3.4302097351E+006  4.0301706266E+003
  3.5478804422E+006  3.9641765442E+003
  3.6682657842E+006  3.8936036532E+003
  3.7501993023E+006  3.8468547670E+003
  3.8331904322E+006  3.8097430305E+003
  3.9176859861E+006  3.7671387022E+003
  4.0037073409E+006  3.7188416209E+003
  4.0910729344E+006  3.6738729507E+003
  4.1800495945E+006  3.6269599771E+003
  4.2708402152E+006  3.5801606367E+003
  4.3634850327E+006  3.5315095328E+003
  4.4579665086E+006  3.4801258195E+003
  4.5543931072E+006  3.4260582008E+003
  4.6528494011E+006  3.3669131011E+003
  4.7533273945E+006  3.2983386612E+003
  4.8559014304E+006  3.2312525339E+003
  4.9605623666E+006  3.1449058019E+003
  5.0000000000E+006  3.1449058019E+003
