   0.000000000E+00   0.171849944E+05  -0.480624731E+01  -0.537145843E+01  -0.518131768E+01  -0.487624731E+01  -0.461871212E+01  -0.435364175E+01  -0.617392325E+01  -0.513131768E+01  -0.503378250E+01  -0.501624731E+01  -0.497871212E+01
   0.221771277E+02   0.171853790E+05  -0.480629218E+01  -0.537152290E+01  -0.518136909E+01  -0.487629218E+01  -0.461875373E+01  -0.435367682E+01  -0.617398444E+01  -0.513136909E+01  -0.503383063E+01  -0.501629218E+01  -0.497875373E+01
   0.100317247E+05   0.395882484E+05  -0.140262788E+02  -0.150605309E+02  -0.146334048E+02  -0.141362788E+02  -0.137762788E+02  -0.134391528E+02  -0.158405309E+02  -0.146134048E+02  -0.143462788E+02  -0.142362788E+02  -0.141091528E+02
   0.200587777E+05   0.268486740E+05  -0.144857802E+02  -0.153602778E+02  -0.150087786E+02  -0.145842810E+02  -0.142542810E+02  -0.139442810E+02  -0.161502778E+02  -0.149787786E+02  -0.147757802E+02  -0.146957802E+02  -0.145942810E+02
   0.301593282E+05   0.213883261E+05  -0.146659122E+02  -0.154005412E+02  -0.151237638E+02  -0.147548380E+02  -0.144559122E+02  -0.141669864E+02  -0.162005412E+02  -0.150926896E+02  -0.149248380E+02  -0.148759122E+02  -0.148069864E+02
   0.402265088E+05   0.178356554E+05  -0.147596570E+02  -0.153567774E+02  -0.151510706E+02  -0.148325104E+02  -0.145696570E+02  -0.142968036E+02  -0.161596308E+02  -0.151010706E+02  -0.149953638E+02  -0.149725104E+02  -0.149268036E+02
   0.502941757E+05   0.156438963E+05  -0.147851661E+02  -0.152635126E+02  -0.151273146E+02  -0.148551661E+02  -0.146111166E+02  -0.143670671E+02  -0.160735126E+02  -0.150713641E+02  -0.149992156E+02  -0.150011166E+02  -0.149770671E+02
   0.603842994E+05   0.142094914E+05  -0.147798752E+02  -0.151525923E+02  -0.150712338E+02  -0.148402149E+02  -0.146195356E+02  -0.143795356E+02  -0.159625923E+02  -0.150015734E+02  -0.149705545E+02  -0.149902149E+02  -0.149895356E+02
   0.705656413E+05   0.131899699E+05  -0.147574936E+02  -0.150345205E+02  -0.150061722E+02  -0.148171632E+02  -0.146081543E+02  -0.143884846E+02  -0.158548508E+02  -0.149358419E+02  -0.149268329E+02  -0.149678239E+02  -0.149881543E+02
   0.807824035E+05   0.124118475E+05  -0.147269141E+02  -0.149253340E+02  -0.149406563E+02  -0.147778496E+02  -0.145950430E+02  -0.143841075E+02  -0.157543984E+02  -0.148615918E+02  -0.148787852E+02  -0.149459785E+02  -0.149750430E+02
   0.909214475E+05   0.117920289E+05  -0.146975953E+02  -0.148230302E+02  -0.148753127E+02  -0.147411388E+02  -0.145740518E+02  -0.143705083E+02  -0.156530302E+02  -0.147888562E+02  -0.148346823E+02  -0.149111388E+02  -0.149540518E+02
   0.101025980E+06   0.112249389E+05  -0.146659577E+02  -0.147172524E+02  -0.148048457E+02  -0.147024390E+02  -0.145494763E+02  -0.143565136E+02  -0.155472524E+02  -0.147148457E+02  -0.147889203E+02  -0.148759577E+02  -0.149329950E+02
   0.111911738E+06   0.106142563E+05  -0.146239958E+02  -0.145874899E+02  -0.147179936E+02  -0.146539958E+02  -0.145169968E+02  -0.143399979E+02  -0.154189904E+02  -0.146264931E+02  -0.147309947E+02  -0.148354963E+02  -0.149084974E+02
   0.122813567E+06   0.100597015E+05  -0.145816335E+02  -0.144607205E+02  -0.146449378E+02  -0.146116335E+02  -0.144899813E+02  -0.143283291E+02  -0.152998944E+02  -0.145457639E+02  -0.146732857E+02  -0.148008074E+02  -0.148891552E+02
   0.133432787E+06   0.953665080E+04  -0.145412062E+02  -0.143218361E+02  -0.145599585E+02  -0.145643316E+02  -0.144649554E+02  -0.143187046E+02  -0.151618361E+02  -0.144530838E+02  -0.146105823E+02  -0.147612062E+02  -0.148718300E+02
   0.144335959E+06   0.908354470E+04  -0.145107081E+02  -0.141928429E+02  -0.144837044E+02  -0.145268505E+02  -0.144484235E+02  -0.143161389E+02  -0.150405583E+02  -0.143698467E+02  -0.145591351E+02  -0.147307081E+02  -0.148584235E+02
   0.154236531E+06   0.873752514E+04  -0.144901524E+02  -0.140897050E+02  -0.144246103E+02  -0.145007892E+02  -0.144388787E+02  -0.143176051E+02  -0.149484313E+02  -0.143052471E+02  -0.145220629E+02  -0.147101524E+02  -0.148488787E+02
   0.164941015E+06   0.836065861E+04  -0.144517900E+02  -0.139555972E+02  -0.143415667E+02  -0.144560438E+02  -0.144132824E+02  -0.143047747E+02  -0.148155972E+02  -0.142158205E+02  -0.144645514E+02  -0.146717900E+02  -0.148290286E+02
   0.175339979E+06   0.804166627E+04  -0.144189099E+02  -0.138372568E+02  -0.142674465E+02  -0.144176362E+02  -0.143914573E+02  -0.142940047E+02  -0.146985305E+02  -0.141374465E+02  -0.144138150E+02  -0.146389099E+02  -0.148127310E+02
   0.185345551E+06   0.777802084E+04  -0.143903421E+02  -0.137267068E+02  -0.141954764E+02  -0.143842460E+02  -0.143725345E+02  -0.142847269E+02  -0.145928030E+02  -0.140654764E+02  -0.143659574E+02  -0.146103421E+02  -0.147986307E+02
   0.196035563E+06   0.751313827E+04  -0.143531663E+02  -0.136049962E+02  -0.141150907E+02  -0.143421568E+02  -0.143451852E+02  -0.142692230E+02  -0.144760056E+02  -0.139830718E+02  -0.143101379E+02  -0.145731663E+02  -0.147772041E+02
   0.206001509E+06   0.729052086E+04  -0.143136274E+02  -0.134868557E+02  -0.140406178E+02  -0.142982512E+02  -0.143143799E+02  -0.142558847E+02  -0.143622319E+02  -0.138998654E+02  -0.142574988E+02  -0.145336274E+02  -0.147551323E+02
   0.216590751E+06   0.707440219E+04  -0.142717639E+02  -0.133686850E+02  -0.139648399E+02  -0.142521484E+02  -0.142809949E+02  -0.142394568E+02  -0.142483005E+02  -0.138156090E+02  -0.142029174E+02  -0.144917639E+02  -0.147302259E+02
   0.226205780E+06   0.689157504E+04  -0.142314768E+02  -0.132528228E+02  -0.138905825E+02  -0.142046114E+02  -0.142517749E+02  -0.142186403E+02  -0.141362555E+02  -0.137371498E+02  -0.141443133E+02  -0.144514768E+02  -0.147017749E+02
   0.236359419E+06   0.671448130E+04  -0.141913755E+02  -0.131382341E+02  -0.138169619E+02  -0.141570614E+02  -0.142228467E+02  -0.141971609E+02  -0.140253912E+02  -0.136598048E+02  -0.140855902E+02  -0.144113755E+02  -0.146728467E+02
   0.247095167E+06   0.654729406E+04  -0.141509156E+02  -0.130257572E+02  -0.137436973E+02  -0.141101938E+02  -0.141930811E+02  -0.141752466E+02  -0.139164790E+02  -0.135822536E+02  -0.140280283E+02  -0.143716374E+02  -0.146438029E+02
   0.256520645E+06   0.641559510E+04  -0.141134222E+02  -0.129258894E+02  -0.136765018E+02  -0.140697301E+02  -0.141644983E+02  -0.141555744E+02  -0.138195814E+02  -0.135091177E+02  -0.139786540E+02  -0.143371142E+02  -0.146181903E+02
   0.266465448E+06   0.628464861E+04  -0.140772647E+02  -0.128277140E+02  -0.136108120E+02  -0.140306194E+02  -0.141372005E+02  -0.141371363E+02  -0.137243592E+02  -0.134375214E+02  -0.139306836E+02  -0.143039100E+02  -0.145938458E+02
   0.276997533E+06   0.616200954E+04  -0.140441299E+02  -0.127364957E+02  -0.135500184E+02  -0.139947187E+02  -0.141123633E+02  -0.141205968E+02  -0.136359068E+02  -0.133711961E+02  -0.138864853E+02  -0.142735410E+02  -0.145717745E+02
   0.288079104E+06   0.604865293E+04  -0.140101244E+02  -0.126437052E+02  -0.134890248E+02  -0.139559045E+02  -0.140885643E+02  -0.141048942E+02  -0.135458152E+02  -0.133069148E+02  -0.138416846E+02  -0.142401244E+02  -0.145506743E+02
   0.297366080E+06   0.596159979E+04  -0.139844312E+02  -0.125716959E+02  -0.134422788E+02  -0.139260008E+02  -0.140712922E+02  -0.140939379E+02  -0.134759112E+02  -0.132580636E+02  -0.138075703E+02  -0.142144312E+02  -0.145355074E+02
   0.307050928E+06   0.587445354E+04  -0.139585595E+02  -0.124994586E+02  -0.133953318E+02  -0.138959139E+02  -0.140538506E+02  -0.140828189E+02  -0.134057813E+02  -0.132090090E+02  -0.137732684E+02  -0.141885595E+02  -0.145201733E+02
   0.317156292E+06   0.579338334E+04  -0.139358318E+02  -0.124335981E+02  -0.133529983E+02  -0.138692651E+02  -0.140389652E+02  -0.140738153E+02  -0.133418814E+02  -0.131647149E+02  -0.137426984E+02  -0.141658318E+02  -0.145072486E+02
   0.327706240E+06   0.571352952E+04  -0.139155178E+02  -0.123699981E+02  -0.133129879E+02  -0.138452878E+02  -0.140264377E+02  -0.140673576E+02  -0.132802281E+02  -0.131225280E+02  -0.137143678E+02  -0.141457477E+02  -0.144968977E+02
   0.338726387E+06   0.563764232E+04  -0.138921198E+02  -0.122993797E+02  -0.132679473E+02  -0.138199223E+02  -0.140109098E+02  -0.140596998E+02  -0.132115772E+02  -0.130735523E+02  -0.136811323E+02  -0.141243173E+02  -0.144853048E+02
   0.350244010E+06   0.555547992E+04  -0.138686591E+02  -0.122247939E+02  -0.132210542E+02  -0.137943314E+02  -0.139959700E+02  -0.140532809E+02  -0.131391216E+02  -0.130223988E+02  -0.136470205E+02  -0.141029868E+02  -0.144746254E+02
   0.359314840E+06   0.549723695E+04  -0.138498279E+02  -0.121697212E+02  -0.131856123E+02  -0.137739901E+02  -0.139831790E+02  -0.140465301E+02  -0.130855590E+02  -0.129839368E+02  -0.136206390E+02  -0.140856656E+02  -0.144648545E+02
   0.368701042E+06   0.543758821E+04  -0.138336094E+02  -0.121163866E+02  -0.131523823E+02  -0.137562251E+02  -0.139731465E+02  -0.140426837E+02  -0.130337709E+02  -0.129476137E+02  -0.135966880E+02  -0.140709937E+02  -0.144579151E+02
   0.378416586E+06   0.538493424E+04  -0.138181678E+02  -0.120681813E+02  -0.131219240E+02  -0.137394184E+02  -0.139631656E+02  -0.140381633E+02  -0.129869308E+02  -0.129144251E+02  -0.135744206E+02  -0.140569172E+02  -0.144506644E+02
   0.388476124E+06   0.532631800E+04  -0.138037112E+02  -0.120159182E+02  -0.130902476E+02  -0.137231339E+02  -0.139545771E+02  -0.140357316E+02  -0.129362068E+02  -0.128796704E+02  -0.135519794E+02  -0.140437112E+02  -0.144451543E+02
   0.398895030E+06   0.527223949E+04  -0.137876319E+02  -0.119592462E+02  -0.130561271E+02  -0.137040478E+02  -0.139430081E+02  -0.140301763E+02  -0.128810382E+02  -0.128425430E+02  -0.135268795E+02  -0.140276319E+02  -0.144365922E+02
   0.409689428E+06   0.521752812E+04  -0.137725351E+02  -0.119030817E+02  -0.130227780E+02  -0.136859090E+02  -0.139324744E+02  -0.140257268E+02  -0.128263948E+02  -0.128061519E+02  -0.135026566E+02  -0.140125351E+02  -0.144291006E+02
   0.420872037E+06   0.516352676E+04  -0.137582562E+02  -0.118482679E+02  -0.129904836E+02  -0.136686274E+02  -0.139226993E+02  -0.140219568E+02  -0.127730823E+02  -0.127708549E+02  -0.134793699E+02  -0.139982562E+02  -0.144223281E+02
   0.432448205E+06   0.511340603E+04  -0.137447619E+02  -0.117971517E+02  -0.129602685E+02  -0.136523463E+02  -0.139133852E+02  -0.140182164E+02  -0.127233595E+02  -0.127378529E+02  -0.134575152E+02  -0.139847619E+02  -0.144158008E+02
   0.444487027E+06   0.505134568E+04  -0.137241966E+02  -0.117300024E+02  -0.129189992E+02  -0.136283304E+02  -0.138979960E+02  -0.140097284E+02  -0.126579355E+02  -0.126931329E+02  -0.134265979E+02  -0.139641966E+02  -0.144038622E+02
   0.452835311E+06   0.501533355E+04  -0.137126641E+02  -0.116914383E+02  -0.128954526E+02  -0.136147955E+02  -0.138894670E+02  -0.140052042E+02  -0.126203725E+02  -0.126675840E+02  -0.134090584E+02  -0.139526641E+02  -0.143973356E+02
   0.461391110E+06   0.500000000E+04  -0.137040263E+02  -0.116712907E+02  -0.128816994E+02  -0.136053052E+02  -0.138821080E+02  -0.139995504E+02  -0.126006513E+02  -0.126529782E+02  -0.133978628E+02  -0.139440263E+02  -0.143908292E+02
   0.470153363E+06   0.500000000E+04  -0.136973742E+02  -0.116646386E+02  -0.128750472E+02  -0.135986530E+02  -0.138754559E+02  -0.139928982E+02  -0.125939991E+02  -0.126463261E+02  -0.133912107E+02  -0.139373742E+02  -0.143841771E+02
   0.479127552E+06   0.500000000E+04  -0.136914347E+02  -0.116586991E+02  -0.128691078E+02  -0.135927135E+02  -0.138695164E+02  -0.139869587E+02  -0.125880597E+02  -0.126403866E+02  -0.133852712E+02  -0.139314347E+02  -0.143782376E+02
   0.488319825E+06   0.500000000E+04  -0.136879853E+02  -0.116552497E+02  -0.128656583E+02  -0.135892641E+02  -0.138660670E+02  -0.139835093E+02  -0.125846102E+02  -0.126369372E+02  -0.133818218E+02  -0.139279853E+02  -0.143747882E+02
   0.497736530E+06   0.500000000E+04  -0.136851489E+02  -0.116524133E+02  -0.128628220E+02  -0.135864278E+02  -0.138632307E+02  -0.139806730E+02  -0.125817739E+02  -0.126341008E+02  -0.133789855E+02  -0.139251489E+02  -0.143719518E+02
   0.507384223E+06   0.500000000E+04  -0.136825464E+02  -0.116498108E+02  -0.128602195E+02  -0.135838252E+02  -0.138606281E+02  -0.139780704E+02  -0.125791714E+02  -0.126314983E+02  -0.133763829E+02  -0.139225464E+02  -0.143693493E+02
   0.517269679E+06   0.500000000E+04  -0.136817416E+02  -0.116490060E+02  -0.128594147E+02  -0.135830205E+02  -0.138598233E+02  -0.139772657E+02  -0.125783666E+02  -0.126306935E+02  -0.133755781E+02  -0.139217416E+02  -0.143685445E+02
   0.527399893E+06   0.500000000E+04  -0.136671379E+02  -0.116344023E+02  -0.128448110E+02  -0.135684168E+02  -0.138452197E+02  -0.139626620E+02  -0.125637629E+02  -0.126160898E+02  -0.133609745E+02  -0.139071379E+02  -0.143539408E+02
   0.537922911E+06   0.500000000E+04  -0.136649755E+02  -0.116322399E+02  -0.128426486E+02  -0.135662544E+02  -0.138430572E+02  -0.139604996E+02  -0.125616005E+02  -0.126139274E+02  -0.133588120E+02  -0.139049755E+02  -0.143517784E+02
   0.548722277E+06   0.500000000E+04  -0.136646757E+02  -0.116319401E+02  -0.128423488E+02  -0.135659546E+02  -0.138427574E+02  -0.139601998E+02  -0.125613007E+02  -0.126136276E+02  -0.133585122E+02  -0.139046757E+02  -0.143514786E+02
   0.559795574E+06   0.500000000E+04  -0.136652806E+02  -0.116325450E+02  -0.128429537E+02  -0.135665595E+02  -0.138433624E+02  -0.139608047E+02  -0.125619056E+02  -0.126142325E+02  -0.133591172E+02  -0.139052806E+02  -0.143520835E+02
   0.571151060E+06   0.500000000E+04  -0.136672514E+02  -0.116345158E+02  -0.128449244E+02  -0.135685302E+02  -0.138453331E+02  -0.139627754E+02  -0.125638763E+02  -0.126162033E+02  -0.133610879E+02  -0.139072514E+02  -0.143540543E+02
   0.582797261E+06   0.500000000E+04  -0.136722773E+02  -0.116395417E+02  -0.128499504E+02  -0.135735562E+02  -0.138503591E+02  -0.139678014E+02  -0.125689023E+02  -0.126212293E+02  -0.133661139E+02  -0.139122773E+02  -0.143590802E+02
   0.594742984E+06   0.500000000E+04  -0.136783492E+02  -0.116456136E+02  -0.128560223E+02  -0.135796280E+02  -0.138564309E+02  -0.139738733E+02  -0.125749742E+02  -0.126273011E+02  -0.133721857E+02  -0.139183492E+02  -0.143651521E+02
   0.606997321E+06   0.500000000E+04  -0.136854873E+02  -0.116527517E+02  -0.128631603E+02  -0.135867661E+02  -0.138635690E+02  -0.139810113E+02  -0.125821123E+02  -0.126344392E+02  -0.133793238E+02  -0.139254873E+02  -0.143722902E+02
   0.619569657E+06   0.500000000E+04  -0.136777223E+02  -0.116449866E+02  -0.128553953E+02  -0.135790011E+02  -0.138558040E+02  -0.139732463E+02  -0.125743472E+02  -0.126266742E+02  -0.133715588E+02  -0.139177223E+02  -0.143645251E+02
   0.632639777E+06   0.500000000E+04  -0.136827166E+02  -0.116499810E+02  -0.128603897E+02  -0.135839955E+02  -0.138607984E+02  -0.139782407E+02  -0.125793416E+02  -0.126316685E+02  -0.133765531E+02  -0.139227166E+02  -0.143695195E+02
   0.639311759E+06   0.500000000E+04  -0.136881760E+02  -0.116554404E+02  -0.128658490E+02  -0.135894548E+02  -0.138662577E+02  -0.139837000E+02  -0.125848009E+02  -0.126371279E+02  -0.133820125E+02  -0.139281760E+02  -0.143749789E+02
   0.646071578E+06   0.500000000E+04  -0.136941492E+02  -0.116614136E+02  -0.128718223E+02  -0.135954281E+02  -0.138722310E+02  -0.139896733E+02  -0.125907742E+02  -0.126431011E+02  -0.133879858E+02  -0.139341492E+02  -0.143809521E+02
   0.652920558E+06   0.500000000E+04  -0.137007415E+02  -0.116680059E+02  -0.128784146E+02  -0.136020203E+02  -0.138788232E+02  -0.139962655E+02  -0.125973665E+02  -0.126496934E+02  -0.133945780E+02  -0.139407415E+02  -0.143875444E+02
   0.659860043E+06   0.500000000E+04  -0.137077798E+02  -0.116750442E+02  -0.128854529E+02  -0.136090587E+02  -0.138858615E+02  -0.140033039E+02  -0.126044048E+02  -0.126567317E+02  -0.134016163E+02  -0.139477798E+02  -0.143945827E+02
   0.666891403E+06   0.500000000E+04  -0.137154134E+02  -0.116826778E+02  -0.128930864E+02  -0.136166922E+02  -0.138934951E+02  -0.140109374E+02  -0.126120383E+02  -0.126643653E+02  -0.134092499E+02  -0.139554134E+02  -0.144022163E+02
   0.674016030E+06   0.500000000E+04  -0.137236025E+02  -0.116908669E+02  -0.129012756E+02  -0.136248813E+02  -0.139016842E+02  -0.140191265E+02  -0.126202275E+02  -0.126725544E+02  -0.134174390E+02  -0.139636025E+02  -0.144104054E+02
   0.681235339E+06   0.500000000E+04  -0.137328240E+02  -0.117000884E+02  -0.129104971E+02  -0.136341029E+02  -0.139109057E+02  -0.140283481E+02  -0.126294490E+02  -0.126817759E+02  -0.134266605E+02  -0.139728240E+02  -0.144196269E+02
   0.688550768E+06   0.500000000E+04  -0.137430626E+02  -0.117103270E+02  -0.129207357E+02  -0.136443415E+02  -0.139211444E+02  -0.140385867E+02  -0.126396876E+02  -0.126920146E+02  -0.134368992E+02  -0.139830626E+02  -0.144298655E+02
   0.695963781E+06   0.500000000E+04  -0.137539174E+02  -0.117211818E+02  -0.129315904E+02  -0.136551962E+02  -0.139319991E+02  -0.140494414E+02  -0.126505423E+02  -0.127028693E+02  -0.134477539E+02  -0.139939174E+02  -0.144407203E+02
   0.703475866E+06   0.500000000E+04  -0.137654035E+02  -0.117326679E+02  -0.129430766E+02  -0.136666823E+02  -0.139434852E+02  -0.140609275E+02  -0.126620285E+02  -0.127143554E+02  -0.134592400E+02  -0.140054035E+02  -0.144522064E+02
   0.711088535E+06   0.500000000E+04  -0.137510582E+02  -0.117183226E+02  -0.129287313E+02  -0.136523371E+02  -0.139291400E+02  -0.140465823E+02  -0.126476832E+02  -0.127000101E+02  -0.134448948E+02  -0.139910582E+02  -0.144378611E+02
   0.718891522E+06   0.500000000E+04  -0.137632898E+02  -0.117305542E+02  -0.129409629E+02  -0.136645687E+02  -0.139413716E+02  -0.140588139E+02  -0.126599148E+02  -0.127122417E+02  -0.134571264E+02  -0.140032898E+02  -0.144500927E+02
   0.726820038E+06   0.500000000E+04  -0.137756746E+02  -0.117429390E+02  -0.129533477E+02  -0.136769535E+02  -0.139537563E+02  -0.140711987E+02  -0.126722996E+02  -0.127246265E+02  -0.134695111E+02  -0.140156746E+02  -0.144624775E+02
   0.734856444E+06   0.500000000E+04  -0.137890024E+02  -0.117562668E+02  -0.129666755E+02  -0.136902813E+02  -0.139670842E+02  -0.140845265E+02  -0.126856274E+02  -0.127379543E+02  -0.134828390E+02  -0.140290024E+02  -0.144758053E+02
   0.743002387E+06   0.500000000E+04  -0.138028315E+02  -0.117700959E+02  -0.129805046E+02  -0.137041104E+02  -0.139809133E+02  -0.140983556E+02  -0.126994565E+02  -0.127517834E+02  -0.134966681E+02  -0.140428315E+02  -0.144896344E+02
   0.751259554E+06   0.500000000E+04  -0.138174620E+02  -0.117847264E+02  -0.129951351E+02  -0.137187409E+02  -0.139955437E+02  -0.141129861E+02  -0.127140870E+02  -0.127664139E+02  -0.135112985E+02  -0.140574620E+02  -0.145042649E+02
   0.759629671E+06   0.500000000E+04  -0.138327329E+02  -0.117999973E+02  -0.130104060E+02  -0.137340118E+02  -0.140108147E+02  -0.141282570E+02  -0.127293579E+02  -0.127816848E+02  -0.135265695E+02  -0.140727329E+02  -0.145195358E+02
   0.768114498E+06   0.500000000E+04  -0.138489399E+02  -0.118162042E+02  -0.130266129E+02  -0.137502187E+02  -0.140270216E+02  -0.141444639E+02  -0.127455648E+02  -0.127978918E+02  -0.135427764E+02  -0.140889399E+02  -0.145357428E+02
   0.776715823E+06   0.500000000E+04  -0.138659072E+02  -0.118331716E+02  -0.130435802E+02  -0.137671860E+02  -0.140439889E+02  -0.141614312E+02  -0.127625321E+02  -0.128148591E+02  -0.135597437E+02  -0.141059072E+02  -0.145527101E+02
   0.785435470E+06   0.500000000E+04  -0.138834795E+02  -0.118507439E+02  -0.130611526E+02  -0.137847584E+02  -0.140615613E+02  -0.141790036E+02  -0.127801045E+02  -0.128324314E+02  -0.135773161E+02  -0.141234795E+02  -0.145702824E+02
   0.794275292E+06   0.500000000E+04  -0.139016179E+02  -0.118688823E+02  -0.130792909E+02  -0.138028967E+02  -0.140796996E+02  -0.141971419E+02  -0.127982428E+02  -0.128505698E+02  -0.135954544E+02  -0.141416179E+02  -0.145884208E+02
   0.803237174E+06   0.500000000E+04  -0.138992300E+02  -0.118664943E+02  -0.130769030E+02  -0.138005088E+02  -0.140773117E+02  -0.141947540E+02  -0.127958549E+02  -0.128481819E+02  -0.135930665E+02  -0.141392300E+02  -0.145860328E+02
   0.812406515E+06   0.500000000E+04  -0.139181861E+02  -0.118854505E+02  -0.130958591E+02  -0.138194649E+02  -0.140962678E+02  -0.142137101E+02  -0.128148111E+02  -0.128671380E+02  -0.136120226E+02  -0.141581861E+02  -0.146049890E+02
   0.821703579E+06   0.500000000E+04  -0.139376609E+02  -0.119049253E+02  -0.131153339E+02  -0.138389397E+02  -0.141157426E+02  -0.142331849E+02  -0.128342858E+02  -0.128866128E+02  -0.136314974E+02  -0.141776609E+02  -0.146244638E+02
   0.831130689E+06   0.500000000E+04  -0.139571546E+02  -0.119244190E+02  -0.131348276E+02  -0.138584334E+02  -0.141352363E+02  -0.142526786E+02  -0.128537796E+02  -0.129061065E+02  -0.136509911E+02  -0.141971546E+02  -0.146439575E+02
   0.840689904E+06   0.500000000E+04  -0.139771498E+02  -0.119444142E+02  -0.131548229E+02  -0.138784287E+02  -0.141552316E+02  -0.142726739E+02  -0.128737748E+02  -0.129261017E+02  -0.136709864E+02  -0.142171498E+02  -0.146639527E+02
   0.850383326E+06   0.500000000E+04  -0.139974946E+02  -0.119647590E+02  -0.131751677E+02  -0.138987735E+02  -0.141755763E+02  -0.142930187E+02  -0.128941196E+02  -0.129464465E+02  -0.136913311E+02  -0.142374946E+02  -0.146842975E+02
   0.860213096E+06   0.500000000E+04  -0.140183071E+02  -0.119855715E+02  -0.131959801E+02  -0.139195859E+02  -0.141963888E+02  -0.143138311E+02  -0.129149321E+02  -0.129672590E+02  -0.137121436E+02  -0.142583071E+02  -0.147051100E+02
   0.870181382E+06   0.500000000E+04  -0.140395494E+02  -0.120068138E+02  -0.132172225E+02  -0.139408282E+02  -0.142176311E+02  -0.143350734E+02  -0.129361744E+02  -0.129885013E+02  -0.137333859E+02  -0.142795494E+02  -0.147263523E+02
   0.922502825E+06   0.500000000E+04  -0.141286741E+02  -0.120959385E+02  -0.133063472E+02  -0.140299530E+02  -0.143067559E+02  -0.144241982E+02  -0.130252991E+02  -0.130776260E+02  -0.138225106E+02  -0.143686741E+02  -0.148154770E+02
   0.978889546E+06   0.500000000E+04  -0.142290611E+02  -0.121963255E+02  -0.134067341E+02  -0.141303399E+02  -0.144071428E+02  -0.145245851E+02  -0.131256860E+02  -0.131780130E+02  -0.139228976E+02  -0.144690611E+02  -0.149158640E+02
   0.102734068E+07   0.500000000E+04  -0.143256852E+02  -0.122929496E+02  -0.135033583E+02  -0.142269641E+02  -0.145037670E+02  -0.146212093E+02  -0.132223102E+02  -0.132746371E+02  -0.140195218E+02  -0.145656852E+02  -0.150124881E+02
   0.107875077E+07   0.500000000E+04  -0.144095883E+02  -0.123768527E+02  -0.135872613E+02  -0.143108671E+02  -0.145876700E+02  -0.147051123E+02  -0.133062133E+02  -0.133585402E+02  -0.141034248E+02  -0.146495883E+02  -0.150963912E+02
   0.113351481E+07   0.500000000E+04  -0.145100526E+02  -0.124773170E+02  -0.136877256E+02  -0.144113314E+02  -0.146881343E+02  -0.148055766E+02  -0.134066775E+02  -0.134590045E+02  -0.142038891E+02  -0.147500526E+02  -0.151968555E+02
   0.119181958E+07   0.500000000E+04  -0.145914414E+02  -0.125587057E+02  -0.137691144E+02  -0.144927202E+02  -0.147695231E+02  -0.148869654E+02  -0.134880663E+02  -0.135403933E+02  -0.142852779E+02  -0.148314414E+02  -0.152782442E+02
   0.123804571E+07   0.500000000E+04  -0.146661945E+02  -0.126334589E+02  -0.138438676E+02  -0.145674733E+02  -0.148442762E+02  -0.149617185E+02  -0.135628195E+02  -0.136151464E+02  -0.143600310E+02  -0.149061945E+02  -0.153529974E+02
   0.128657479E+07   0.500000000E+04  -0.147245632E+02  -0.126918276E+02  -0.139022363E+02  -0.146258421E+02  -0.149026450E+02  -0.150200873E+02  -0.136211882E+02  -0.136735151E+02  -0.144183998E+02  -0.149645632E+02  -0.154113661E+02
   0.133741481E+07   0.500000000E+04  -0.147950961E+02  -0.127623605E+02  -0.139727692E+02  -0.146963750E+02  -0.149731779E+02  -0.150906202E+02  -0.136917211E+02  -0.137440480E+02  -0.144889327E+02  -0.150350961E+02  -0.154818990E+02
   0.139073299E+07   0.500000000E+04  -0.148527878E+02  -0.128200521E+02  -0.140304608E+02  -0.147540666E+02  -0.150308695E+02  -0.151483118E+02  -0.137494127E+02  -0.138017397E+02  -0.145466243E+02  -0.150927878E+02  -0.155395906E+02
   0.144657198E+07   0.500000000E+04  -0.149048076E+02  -0.128720720E+02  -0.140824806E+02  -0.148060864E+02  -0.150828893E+02  -0.152003316E+02  -0.138014325E+02  -0.138537595E+02  -0.145986441E+02  -0.151448076E+02  -0.155916105E+02
   0.150531165E+07   0.500000000E+04  -0.149635007E+02  -0.129307651E+02  -0.141411738E+02  -0.148647796E+02  -0.151415825E+02  -0.152590248E+02  -0.138601257E+02  -0.139124526E+02  -0.146573373E+02  -0.152035007E+02  -0.156503036E+02
   0.154596599E+07   0.500000000E+04  -0.149914364E+02  -0.129587008E+02  -0.141691094E+02  -0.148927152E+02  -0.151695181E+02  -0.152869604E+02  -0.138880613E+02  -0.139403883E+02  -0.146852729E+02  -0.152314364E+02  -0.156782393E+02
   0.158801109E+07   0.500000000E+04  -0.150236405E+02  -0.129909049E+02  -0.142013135E+02  -0.149249193E+02  -0.152017222E+02  -0.153191645E+02  -0.139202654E+02  -0.139725924E+02  -0.147174770E+02  -0.152636405E+02  -0.157104434E+02
   0.163134294E+07   0.500000000E+04  -0.150519578E+02  -0.130192222E+02  -0.142296309E+02  -0.149532366E+02  -0.152300395E+02  -0.153474818E+02  -0.139485828E+02  -0.140009097E+02  -0.147457943E+02  -0.152919578E+02  -0.157387607E+02
   0.167610282E+07   0.500000000E+04  -0.150705073E+02  -0.130377717E+02  -0.142481803E+02  -0.149717861E+02  -0.152485890E+02  -0.153660313E+02  -0.139671322E+02  -0.140194592E+02  -0.147643438E+02  -0.153105073E+02  -0.157573102E+02
   0.172234216E+07   0.500000000E+04  -0.150924099E+02  -0.130596743E+02  -0.142700830E+02  -0.149936887E+02  -0.152704916E+02  -0.153879339E+02  -0.139890349E+02  -0.140413618E+02  -0.147862464E+02  -0.153324099E+02  -0.157792128E+02
   0.177005827E+07   0.500000000E+04  -0.151076558E+02  -0.130749202E+02  -0.142853289E+02  -0.150089347E+02  -0.152857376E+02  -0.154031799E+02  -0.140042808E+02  -0.140566078E+02  -0.148014924E+02  -0.153476558E+02  -0.157944587E+02
   0.187014152E+07   0.500000000E+04  -0.151292522E+02  -0.130965165E+02  -0.143069252E+02  -0.150305310E+02  -0.153073339E+02  -0.154247762E+02  -0.140258771E+02  -0.140782041E+02  -0.148230887E+02  -0.153692522E+02  -0.158160550E+02
   0.197677300E+07   0.500000000E+04  -0.151401793E+02  -0.131074437E+02  -0.143178524E+02  -0.150414582E+02  -0.153182611E+02  -0.154357034E+02  -0.140368043E+02  -0.140891312E+02  -0.148340159E+02  -0.153801793E+02  -0.158269822E+02
   0.209023467E+07   0.500000000E+04  -0.151379529E+02  -0.131052173E+02  -0.143156259E+02  -0.150392317E+02  -0.153160346E+02  -0.154334769E+02  -0.140345778E+02  -0.140869048E+02  -0.148317894E+02  -0.153779529E+02  -0.158247558E+02
   0.218015305E+07   0.500000000E+04  -0.151258525E+02  -0.130931169E+02  -0.143035256E+02  -0.150271314E+02  -0.153039343E+02  -0.154213766E+02  -0.140224775E+02  -0.140748044E+02  -0.148196891E+02  -0.153658525E+02  -0.158126554E+02
   0.227392241E+07   0.500000000E+04  -0.151116464E+02  -0.130789108E+02  -0.142893195E+02  -0.150129253E+02  -0.152897282E+02  -0.154071705E+02  -0.140082714E+02  -0.140605983E+02  -0.148054830E+02  -0.153516464E+02  -0.157984493E+02
   0.236997967E+07   0.500000000E+04  -0.150949711E+02  -0.130622355E+02  -0.142726442E+02  -0.149962500E+02  -0.152730529E+02  -0.153904952E+02  -0.139915961E+02  -0.140439230E+02  -0.147888077E+02  -0.153349711E+02  -0.157817740E+02
   0.246750671E+07   0.500000000E+04  -0.150731304E+02  -0.130403947E+02  -0.142508034E+02  -0.149744092E+02  -0.152512121E+02  -0.153686544E+02  -0.139697553E+02  -0.140220823E+02  -0.147669669E+02  -0.153131304E+02  -0.157599332E+02
   0.256650908E+07   0.500000000E+04  -0.150550363E+02  -0.130223007E+02  -0.142327093E+02  -0.149563151E+02  -0.152331180E+02  -0.153505603E+02  -0.139516612E+02  -0.140039882E+02  -0.147488728E+02  -0.152950363E+02  -0.157418392E+02
   0.266700515E+07   0.500000000E+04  -0.150304234E+02  -0.129976877E+02  -0.142080964E+02  -0.149317022E+02  -0.152085051E+02  -0.153259474E+02  -0.139270483E+02  -0.139793753E+02  -0.147242599E+02  -0.152704234E+02  -0.157172263E+02
   0.276907573E+07   0.500000000E+04  -0.150060801E+02  -0.129733445E+02  -0.141837532E+02  -0.149073590E+02  -0.151841618E+02  -0.153016042E+02  -0.139027051E+02  -0.139550320E+02  -0.146999166E+02  -0.152460801E+02  -0.156928830E+02
   0.287283672E+07   0.500000000E+04  -0.149820867E+02  -0.129493511E+02  -0.141597598E+02  -0.148833656E+02  -0.151601685E+02  -0.152776108E+02  -0.138787117E+02  -0.139310386E+02  -0.146759233E+02  -0.152220867E+02  -0.156688896E+02
   0.297838939E+07   0.500000000E+04  -0.149528195E+02  -0.129200839E+02  -0.141304925E+02  -0.148540983E+02  -0.151309012E+02  -0.152483435E+02  -0.138494444E+02  -0.139017714E+02  -0.146466560E+02  -0.151928195E+02  -0.156396224E+02
   0.308580241E+07   0.500000000E+04  -0.149250573E+02  -0.128923217E+02  -0.141027304E+02  -0.148263361E+02  -0.151031390E+02  -0.152205813E+02  -0.138216823E+02  -0.138740092E+02  -0.146188938E+02  -0.151650573E+02  -0.156118602E+02
   0.319521595E+07   0.500000000E+04  -0.148934241E+02  -0.128606885E+02  -0.140710971E+02  -0.147947029E+02  -0.150715058E+02  -0.151889481E+02  -0.137900490E+02  -0.138423760E+02  -0.145872606E+02  -0.151334241E+02  -0.155802270E+02
   0.330671647E+07   0.500000000E+04  -0.148570417E+02  -0.128243060E+02  -0.140347147E+02  -0.147583205E+02  -0.150351234E+02  -0.151525657E+02  -0.137536666E+02  -0.138059936E+02  -0.145508782E+02  -0.150970417E+02  -0.155438446E+02
   0.342046482E+07   0.500000000E+04  -0.148175301E+02  -0.127847945E+02  -0.139952032E+02  -0.147188089E+02  -0.149956118E+02  -0.151130542E+02  -0.137141551E+02  -0.137664820E+02  -0.145113666E+02  -0.150575301E+02  -0.155043330E+02
   0.353656950E+07   0.500000000E+04  -0.147739674E+02  -0.127412318E+02  -0.139516405E+02  -0.146752463E+02  -0.149520492E+02  -0.150694915E+02  -0.136705924E+02  -0.137229194E+02  -0.144678040E+02  -0.150139674E+02  -0.154607703E+02
   0.365522839E+07   0.500000000E+04  -0.147319411E+02  -0.126992055E+02  -0.139096142E+02  -0.146332199E+02  -0.149100228E+02  -0.150274651E+02  -0.136285661E+02  -0.136808930E+02  -0.144257776E+02  -0.149719411E+02  -0.154187440E+02
   0.373593127E+07   0.500000000E+04  -0.146937767E+02  -0.126610411E+02  -0.138714498E+02  -0.145950555E+02  -0.148718584E+02  -0.149893007E+02  -0.135904017E+02  -0.136427286E+02  -0.143876132E+02  -0.149337767E+02  -0.153805796E+02
   0.381765134E+07   0.500000000E+04  -0.146532070E+02  -0.126204714E+02  -0.138308801E+02  -0.145544859E+02  -0.148312888E+02  -0.149487311E+02  -0.135498320E+02  -0.136021589E+02  -0.143470436E+02  -0.148932070E+02  -0.153400099E+02
   0.390083960E+07   0.500000000E+04  -0.146068109E+02  -0.125740753E+02  -0.137844839E+02  -0.145080897E+02  -0.147848926E+02  -0.149023349E+02  -0.135034358E+02  -0.135557628E+02  -0.143006474E+02  -0.148468109E+02  -0.152936138E+02
   0.398551647E+07   0.500000000E+04  -0.145554985E+02  -0.125227629E+02  -0.137331716E+02  -0.144567774E+02  -0.147335803E+02  -0.148510226E+02  -0.134521235E+02  -0.135044504E+02  -0.142493351E+02  -0.147954985E+02  -0.152423014E+02
   0.407150905E+07   0.500000000E+04  -0.145063945E+02  -0.124736589E+02  -0.136840675E+02  -0.144076733E+02  -0.146844762E+02  -0.148019185E+02  -0.134030194E+02  -0.134553464E+02  -0.142002310E+02  -0.147463945E+02  -0.151931974E+02
   0.415912310E+07   0.500000000E+04  -0.144458820E+02  -0.124131464E+02  -0.136235550E+02  -0.143471608E+02  -0.146239637E+02  -0.147414060E+02  -0.133425069E+02  -0.133948339E+02  -0.141397185E+02  -0.146858820E+02  -0.151326849E+02
   0.424832856E+07   0.500000000E+04  -0.143739171E+02  -0.123411815E+02  -0.135515901E+02  -0.142751959E+02  -0.145519988E+02  -0.146694411E+02  -0.132705420E+02  -0.133228690E+02  -0.140677536E+02  -0.146139171E+02  -0.150607200E+02
   0.433932258E+07   0.500000000E+04  -0.142924860E+02  -0.122597504E+02  -0.134701590E+02  -0.141937648E+02  -0.144705677E+02  -0.145880100E+02  -0.131891109E+02  -0.132414379E+02  -0.139863225E+02  -0.145324860E+02  -0.149792889E+02
   0.443215567E+07   0.500000000E+04  -0.141999391E+02  -0.121672034E+02  -0.133776121E+02  -0.141012179E+02  -0.143780208E+02  -0.144954631E+02  -0.130965640E+02  -0.131488910E+02  -0.138937756E+02  -0.144399391E+02  -0.148867419E+02
   0.452687997E+07   0.500000000E+04  -0.140914337E+02  -0.120586981E+02  -0.132691068E+02  -0.139927125E+02  -0.142695154E+02  -0.143869577E+02  -0.129880587E+02  -0.130403856E+02  -0.137852702E+02  -0.143314337E+02  -0.147782366E+02
   0.462351195E+07   0.500000000E+04  -0.139560223E+02  -0.119232867E+02  -0.131336954E+02  -0.138573012E+02  -0.141341041E+02  -0.142515464E+02  -0.128526473E+02  -0.129049742E+02  -0.136498589E+02  -0.141960223E+02  -0.146428252E+02
   0.472209969E+07   0.500000000E+04  -0.137773605E+02  -0.117446249E+02  -0.129550335E+02  -0.136786393E+02  -0.139554422E+02  -0.140728845E+02  -0.126739854E+02  -0.127263124E+02  -0.134711970E+02  -0.140173605E+02  -0.144641634E+02
   0.482268733E+07   0.500000000E+04  -0.135457997E+02  -0.115130641E+02  -0.127234728E+02  -0.134470786E+02  -0.137238815E+02  -0.138413238E+02  -0.124424247E+02  -0.124947516E+02  -0.132396363E+02  -0.137857997E+02  -0.142326026E+02
   0.492531445E+07   0.500000000E+04  -0.132268026E+02  -0.111940669E+02  -0.124044756E+02  -0.131280814E+02  -0.134048843E+02  -0.135223266E+02  -0.121234275E+02  -0.121757545E+02  -0.129206391E+02  -0.134668026E+02  -0.139136054E+02
