   0.000000000E+00   0.171849944E+05  -0.480624731E+01  -0.537145843E+01  -0.518131768E+01  -0.487624731E+01  -0.461871212E+01  -0.435364175E+01  -0.617392325E+01  -0.513131768E+01  -0.503378250E+01  -0.501624731E+01  -0.497871212E+01
   0.220699886E+02   0.171853773E+05  -0.480629198E+01  -0.537152261E+01  -0.518136886E+01  -0.487629198E+01  -0.461875354E+01  -0.435367667E+01  -0.617398417E+01  -0.513136886E+01  -0.503383042E+01  -0.501629198E+01  -0.497875354E+01
   0.100447812E+05   0.387364412E+05  -0.138984937E+02  -0.149264843E+02  -0.145024890E+02  -0.140084937E+02  -0.136484937E+02  -0.133144984E+02  -0.157064843E+02  -0.144824890E+02  -0.142184937E+02  -0.141084937E+02  -0.139844984E+02
   0.200885245E+05   0.263585314E+05  -0.143746497E+02  -0.152401277E+02  -0.148923887E+02  -0.144735192E+02  -0.141446497E+02  -0.138357802E+02  -0.160301277E+02  -0.148623887E+02  -0.146635192E+02  -0.145846497E+02  -0.144857802E+02
   0.301148589E+05   0.210091294E+05  -0.145484763E+02  -0.152700476E+02  -0.150011048E+02  -0.146347906E+02  -0.143384763E+02  -0.140521621E+02  -0.160700476E+02  -0.149674191E+02  -0.148047906E+02  -0.147584763E+02  -0.146921621E+02
   0.401940733E+05   0.174620472E+05  -0.146417707E+02  -0.152210956E+02  -0.150215457E+02  -0.147117707E+02  -0.144518833E+02  -0.141821083E+02  -0.160212081E+02  -0.149715457E+02  -0.148716582E+02  -0.148517707E+02  -0.148118833E+02
   0.503403297E+05   0.153450516E+05  -0.146532854E+02  -0.151125868E+02  -0.149872717E+02  -0.147232854E+02  -0.144819566E+02  -0.142406279E+02  -0.159225868E+02  -0.149286005E+02  -0.148646142E+02  -0.148719566E+02  -0.148506279E+02
   0.605309500E+05   0.139693005E+05  -0.146439118E+02  -0.149945608E+02  -0.149253114E+02  -0.147039118E+02  -0.144860619E+02  -0.142503621E+02  -0.158067109E+02  -0.148553114E+02  -0.148296116E+02  -0.148539118E+02  -0.148582120E+02
   0.707511641E+05   0.129840021E+05  -0.146157044E+02  -0.148719241E+02  -0.148551354E+02  -0.146730621E+02  -0.144709889E+02  -0.142536311E+02  -0.156945664E+02  -0.147824931E+02  -0.147804199E+02  -0.148283466E+02  -0.148509889E+02
   0.808115726E+05   0.122158837E+05  -0.145840196E+02  -0.147604661E+02  -0.147872428E+02  -0.146326643E+02  -0.144553750E+02  -0.142467303E+02  -0.155904661E+02  -0.147058875E+02  -0.147313089E+02  -0.148026643E+02  -0.148353750E+02
   0.914602886E+05   0.115419089E+05  -0.145490380E+02  -0.146443707E+02  -0.147117043E+02  -0.145895713E+02  -0.144285048E+02  -0.142279715E+02  -0.154743707E+02  -0.146222376E+02  -0.146801045E+02  -0.147595713E+02  -0.148085048E+02
   0.101774063E+06   0.109434847E+05  -0.145108488E+02  -0.145221900E+02  -0.146279440E+02  -0.145436980E+02  -0.143979995E+02  -0.142123011E+02  -0.153521900E+02  -0.145379440E+02  -0.146265472E+02  -0.147208488E+02  -0.147851503E+02
   0.112339122E+06   0.103432001E+05  -0.144614365E+02  -0.143836739E+02  -0.145404319E+02  -0.144914365E+02  -0.143619388E+02  -0.141924411E+02  -0.152189251E+02  -0.144451808E+02  -0.145609342E+02  -0.146766876E+02  -0.147571899E+02
   0.122879400E+06   0.979393916E+04  -0.144204776E+02  -0.142507330E+02  -0.144621340E+02  -0.144474204E+02  -0.143365922E+02  -0.141827068E+02  -0.150907330E+02  -0.143590767E+02  -0.145013058E+02  -0.146404776E+02  -0.147396495E+02
   0.132995055E+06   0.929880786E+04  -0.143800122E+02  -0.141135224E+02  -0.143769836E+02  -0.143995795E+02  -0.143108775E+02  -0.141717428E+02  -0.149543877E+02  -0.142665510E+02  -0.144387142E+02  -0.146000122E+02  -0.147208775E+02
   0.143185562E+06   0.887682788E+04  -0.143485896E+02  -0.139813886E+02  -0.142985624E+02  -0.143614428E+02  -0.142928830E+02  -0.141671765E+02  -0.148356820E+02  -0.141814157E+02  -0.143871494E+02  -0.145685896E+02  -0.147028830E+02
   0.153300065E+06   0.851764638E+04  -0.143231884E+02  -0.138671665E+02  -0.142317115E+02  -0.143301203E+02  -0.142793246E+02  -0.141654609E+02  -0.147271665E+02  -0.141086434E+02  -0.143439840E+02  -0.145431884E+02  -0.146923928E+02
   0.163173731E+06   0.816839995E+04  -0.142841724E+02  -0.137387834E+02  -0.141509909E+02  -0.142851465E+02  -0.142522243E+02  -0.141502761E+02  -0.145987834E+02  -0.140219650E+02  -0.142870946E+02  -0.145041724E+02  -0.146712502E+02
   0.173859049E+06   0.784965441E+04  -0.142475718E+02  -0.136062114E+02  -0.140644986E+02  -0.142427859E+02  -0.142271436E+02  -0.141367154E+02  -0.144709973E+02  -0.139344986E+02  -0.142284282E+02  -0.144675718E+02  -0.146519295E+02
   0.184249887E+06   0.757351320E+04  -0.142114199E+02  -0.134841915E+02  -0.139828872E+02  -0.142015829E+02  -0.142010938E+02  -0.141207678E+02  -0.143540285E+02  -0.138528872E+02  -0.141720721E+02  -0.144314199E+02  -0.146309308E+02
   0.194006295E+06   0.733586400E+04  -0.141689263E+02  -0.133581643E+02  -0.139030321E+02  -0.141544396E+02  -0.141678999E+02  -0.141058470E+02  -0.142326511E+02  -0.137640585E+02  -0.141154660E+02  -0.143889263E+02  -0.146068735E+02
   0.204447671E+06   0.710711084E+04  -0.141245850E+02  -0.132330548E+02  -0.138227938E+02  -0.141056111E+02  -0.141325327E+02  -0.140884283E+02  -0.141120287E+02  -0.136748460E+02  -0.140576633E+02  -0.143445850E+02  -0.145804805E+02
   0.213996412E+06   0.691099154E+04  -0.140821134E+02  -0.131116262E+02  -0.137448941E+02  -0.140560647E+02  -0.141011865E+02  -0.140672352E+02  -0.139946505E+02  -0.135918698E+02  -0.139969916E+02  -0.143021134E+02  -0.145511865E+02
   0.224151490E+06   0.671971213E+04  -0.140376604E+02  -0.129867191E+02  -0.136642368E+02  -0.140035662E+02  -0.140688016E+02  -0.140428957E+02  -0.138737662E+02  -0.135071897E+02  -0.139324251E+02  -0.142576604E+02  -0.145188016E+02
   0.234969772E+06   0.653650803E+04  -0.139916074E+02  -0.128613406E+02  -0.135819566E+02  -0.139506424E+02  -0.140345027E+02  -0.140173980E+02  -0.137523057E+02  -0.134200264E+02  -0.138677471E+02  -0.142125725E+02  -0.144854678E+02
   0.244537197E+06   0.638941105E+04  -0.139481611E+02  -0.127482272E+02  -0.135053354E+02  -0.139038785E+02  -0.140010088E+02  -0.139938565E+02  -0.136425098E+02  -0.133367703E+02  -0.138110308E+02  -0.141724437E+02  -0.144552914E+02
   0.254649663E+06   0.624695386E+04  -0.139072366E+02  -0.126398331E+02  -0.134322825E+02  -0.138597412E+02  -0.139697228E+02  -0.139722090E+02  -0.135373285E+02  -0.132572917E+02  -0.137572549E+02  -0.141347320E+02  -0.144272182E+02
   0.265411026E+06   0.610735586E+04  -0.138644458E+02  -0.125292591E+02  -0.133575428E+02  -0.138130652E+02  -0.139372071E+02  -0.139492780E+02  -0.134299494E+02  -0.131768525E+02  -0.137016846E+02  -0.140944458E+02  -0.143978974E+02
   0.274559515E+06   0.600420964E+04  -0.138302695E+02  -0.124402045E+02  -0.132984218E+02  -0.137739000E+02  -0.139130086E+02  -0.139325629E+02  -0.133433893E+02  -0.131152370E+02  -0.136575304E+02  -0.140602695E+02  -0.143761934E+02
   0.284155079E+06   0.590955558E+04  -0.137991698E+02  -0.123587447E+02  -0.132444311E+02  -0.137382221E+02  -0.138910653E+02  -0.139174869E+02  -0.132642186E+02  -0.130589573E+02  -0.136172743E+02  -0.140291698E+02  -0.143565392E+02
   0.294226860E+06   0.581239953E+04  -0.137699012E+02  -0.122777849E+02  -0.131916665E+02  -0.137042543E+02  -0.138711951E+02  -0.139046655E+02  -0.131856084E+02  -0.130038431E+02  -0.135786073E+02  -0.139999012E+02  -0.143390186E+02
   0.304805824E+06   0.572128345E+04  -0.137407518E+02  -0.122000570E+02  -0.131404334E+02  -0.136707228E+02  -0.138508676E+02  -0.138909834E+02  -0.131100860E+02  -0.129503755E+02  -0.135406070E+02  -0.139707807E+02  -0.143209255E+02
   0.315924956E+06   0.563206993E+04  -0.137111490E+02  -0.121149415E+02  -0.130853872E+02  -0.136388070E+02  -0.138305169E+02  -0.138798848E+02  -0.130272835E+02  -0.128907033E+02  -0.134994391E+02  -0.139434910E+02  -0.143052008E+02
   0.324639880E+06   0.557048959E+04  -0.136917789E+02  -0.120572533E+02  -0.130484547E+02  -0.136178403E+02  -0.138175331E+02  -0.138732874E+02  -0.129711919E+02  -0.128505776E+02  -0.134720861E+02  -0.139257174E+02  -0.142954103E+02
   0.333694151E+06   0.550605781E+04  -0.136726477E+02  -0.119980298E+02  -0.130109479E+02  -0.135970387E+02  -0.138050841E+02  -0.138675204E+02  -0.129136389E+02  -0.128097297E+02  -0.134446023E+02  -0.139082568E+02  -0.142863022E+02
   0.343104347E+06   0.544859774E+04  -0.136556117E+02  -0.119452395E+02  -0.129775244E+02  -0.135785128E+02  -0.137940070E+02  -0.138624024E+02  -0.128623383E+02  -0.127733267E+02  -0.134201175E+02  -0.138927105E+02  -0.142782047E+02
   0.352963329E+06   0.539150049E+04  -0.136396229E+02  -0.118937223E+02  -0.129452518E+02  -0.135610438E+02  -0.137839397E+02  -0.138582565E+02  -0.128123015E+02  -0.127380934E+02  -0.133967270E+02  -0.138782021E+02  -0.142710981E+02
   0.364162410E+06   0.532513365E+04  -0.136206926E+02  -0.118320106E+02  -0.129068339E+02  -0.135400495E+02  -0.137716573E+02  -0.138529435E+02  -0.127523322E+02  -0.126961908E+02  -0.133687633E+02  -0.138606926E+02  -0.142623004E+02
   0.374849539E+06   0.526358941E+04  -0.136028786E+02  -0.117679999E+02  -0.128684880E+02  -0.135188135E+02  -0.137589762E+02  -0.138471064E+02  -0.126900324E+02  -0.126544230E+02  -0.133406833E+02  -0.138428786E+02  -0.142530413E+02
   0.384401866E+06   0.521262601E+04  -0.135871870E+02  -0.117140539E+02  -0.128357945E+02  -0.135002883E+02  -0.137475352E+02  -0.138413327E+02  -0.126375033E+02  -0.126188958E+02  -0.133164908E+02  -0.138271870E+02  -0.142444339E+02
   0.394945847E+06   0.515475267E+04  -0.135712773E+02  -0.116547030E+02  -0.128005776E+02  -0.134811607E+02  -0.137364523E+02  -0.138366855E+02  -0.125797613E+02  -0.125804610E+02  -0.132909275E+02  -0.138112773E+02  -0.142365689E+02
   0.406584430E+06   0.510018277E+04  -0.135550672E+02  -0.115975314E+02  -0.127661624E+02  -0.134619164E+02  -0.137247935E+02  -0.138310951E+02  -0.125241068E+02  -0.125430116E+02  -0.132656148E+02  -0.137950672E+02  -0.142279443E+02
   0.416099624E+06   0.505264586E+04  -0.135438342E+02  -0.115506159E+02  -0.127390705E+02  -0.134480402E+02  -0.137175251E+02  -0.138291130E+02  -0.124785128E+02  -0.125132765E+02  -0.132464523E+02  -0.137838342E+02  -0.142233190E+02
   0.426346447E+06   0.500788382E+04  -0.135329819E+02  -0.115061641E+02  -0.127132851E+02  -0.134346991E+02  -0.137104061E+02  -0.138269717E+02  -0.124353055E+02  -0.124850023E+02  -0.132281335E+02  -0.137729819E+02  -0.142186889E+02
   0.437381156E+06   0.500000000E+04  -0.135223740E+02  -0.114896384E+02  -0.127000471E+02  -0.134236529E+02  -0.137004557E+02  -0.138178981E+02  -0.124189990E+02  -0.124713259E+02  -0.132162105E+02  -0.137623740E+02  -0.142091769E+02
   0.437381156E+06   0.500000000E+04  -0.135244911E+02  -0.114917555E+02  -0.127021642E+02  -0.134257700E+02  -0.137025729E+02  -0.138200152E+02  -0.124211161E+02  -0.124734430E+02  -0.132183277E+02  -0.137644911E+02  -0.142112940E+02
   0.449721182E+06   0.500000000E+04  -0.135088150E+02  -0.114760794E+02  -0.126864881E+02  -0.134100939E+02  -0.136868968E+02  -0.138043391E+02  -0.124054400E+02  -0.124577669E+02  -0.132026516E+02  -0.137488150E+02  -0.141956179E+02
   0.459024193E+06   0.500000000E+04  -0.135014854E+02  -0.114687498E+02  -0.126791584E+02  -0.134027642E+02  -0.136795671E+02  -0.137970094E+02  -0.123981103E+02  -0.124504373E+02  -0.131953219E+02  -0.137414854E+02  -0.141882883E+02
   0.469292976E+06   0.500000000E+04  -0.134963117E+02  -0.114635761E+02  -0.126739847E+02  -0.133975905E+02  -0.136743934E+02  -0.137918357E+02  -0.123929367E+02  -0.124452636E+02  -0.131901482E+02  -0.137363117E+02  -0.141831146E+02
   0.480627792E+06   0.500000000E+04  -0.134917247E+02  -0.114589890E+02  -0.126693977E+02  -0.133930035E+02  -0.136698064E+02  -0.137872487E+02  -0.123883496E+02  -0.124406766E+02  -0.131855612E+02  -0.137317247E+02  -0.141785275E+02
   0.489894639E+06   0.500000000E+04  -0.134901274E+02  -0.114573918E+02  -0.126678005E+02  -0.133914063E+02  -0.136682092E+02  -0.137856515E+02  -0.123867524E+02  -0.124390793E+02  -0.131839640E+02  -0.137301274E+02  -0.141769303E+02
   0.499874021E+06   0.500000000E+04  -0.134898616E+02  -0.114571260E+02  -0.126675347E+02  -0.133911405E+02  -0.136679434E+02  -0.137853857E+02  -0.123864866E+02  -0.124388135E+02  -0.131836982E+02  -0.137298616E+02  -0.141766645E+02
   0.510620723E+06   0.500000000E+04  -0.134900441E+02  -0.114573084E+02  -0.126677171E+02  -0.133913229E+02  -0.136681258E+02  -0.137855681E+02  -0.123866690E+02  -0.124389960E+02  -0.131838806E+02  -0.137300441E+02  -0.141768469E+02
   0.522193746E+06   0.500000000E+04  -0.134921216E+02  -0.114593859E+02  -0.126697946E+02  -0.133934004E+02  -0.136702033E+02  -0.137876456E+02  -0.123887465E+02  -0.124410735E+02  -0.131859581E+02  -0.137321216E+02  -0.141789244E+02
   0.530451259E+06   0.500000000E+04  -0.134817871E+02  -0.114490515E+02  -0.126594601E+02  -0.133830659E+02  -0.136598688E+02  -0.137773111E+02  -0.123784120E+02  -0.124307390E+02  -0.131756236E+02  -0.137217871E+02  -0.141685900E+02
   0.541919825E+06   0.500000000E+04  -0.134797589E+02  -0.114470233E+02  -0.126574320E+02  -0.133810378E+02  -0.136578406E+02  -0.137752830E+02  -0.123763839E+02  -0.124287108E+02  -0.131735954E+02  -0.137197589E+02  -0.141665618E+02
   0.552170613E+06   0.500000000E+04  -0.134818614E+02  -0.114491258E+02  -0.126595345E+02  -0.133831403E+02  -0.136599432E+02  -0.137773855E+02  -0.123784864E+02  -0.124308134E+02  -0.131756980E+02  -0.137218614E+02  -0.141686643E+02
   0.563485564E+06   0.500000000E+04  -0.134857668E+02  -0.114530312E+02  -0.126634399E+02  -0.133870457E+02  -0.136638486E+02  -0.137812909E+02  -0.123823918E+02  -0.124347187E+02  -0.131796034E+02  -0.137257668E+02  -0.141725697E+02
   0.572736172E+06   0.500000000E+04  -0.134898244E+02  -0.114570888E+02  -0.126674974E+02  -0.133911032E+02  -0.136679061E+02  -0.137853484E+02  -0.123864494E+02  -0.124387763E+02  -0.131836609E+02  -0.137298244E+02  -0.141766273E+02
   0.582698064E+06   0.500000000E+04  -0.134956907E+02  -0.114629551E+02  -0.126733638E+02  -0.133969696E+02  -0.136737725E+02  -0.137912148E+02  -0.123923157E+02  -0.124446426E+02  -0.131895273E+02  -0.137356907E+02  -0.141824936E+02
   0.593425933E+06   0.500000000E+04  -0.135040189E+02  -0.114712833E+02  -0.126816920E+02  -0.134052977E+02  -0.136821006E+02  -0.137995429E+02  -0.124006439E+02  -0.124529708E+02  -0.131978554E+02  -0.137440189E+02  -0.141908218E+02
   0.604978675E+06   0.500000000E+04  -0.135137266E+02  -0.114809910E+02  -0.126913997E+02  -0.134150055E+02  -0.136918084E+02  -0.138092507E+02  -0.124103516E+02  -0.124626785E+02  -0.132075632E+02  -0.137537266E+02  -0.142005295E+02
   0.613169889E+06   0.500000000E+04  -0.135095833E+02  -0.114768477E+02  -0.126872564E+02  -0.134108622E+02  -0.136876650E+02  -0.138051074E+02  -0.124062083E+02  -0.124585352E+02  -0.132034198E+02  -0.137495833E+02  -0.141963862E+02
   0.613169889E+06   0.500000000E+04  -0.135079763E+02  -0.114752407E+02  -0.126856494E+02  -0.134092552E+02  -0.136860581E+02  -0.138035004E+02  -0.124046013E+02  -0.124569282E+02  -0.132018129E+02  -0.137479763E+02  -0.141947792E+02
   0.621993620E+06   0.500000000E+04  -0.135122035E+02  -0.114794679E+02  -0.126898766E+02  -0.134134824E+02  -0.136902853E+02  -0.138077276E+02  -0.124088285E+02  -0.124611554E+02  -0.132060401E+02  -0.137522035E+02  -0.141990064E+02
   0.631733369E+06   0.500000000E+04  -0.135201234E+02  -0.114873877E+02  -0.126977964E+02  -0.134214022E+02  -0.136982051E+02  -0.138156474E+02  -0.124167483E+02  -0.124690753E+02  -0.132139599E+02  -0.137601234E+02  -0.142069262E+02
   0.642484228E+06   0.500000000E+04  -0.135297392E+02  -0.114970036E+02  -0.127074123E+02  -0.134310181E+02  -0.137078209E+02  -0.138252633E+02  -0.124263642E+02  -0.124786911E+02  -0.132235757E+02  -0.137697392E+02  -0.142165421E+02
   0.651273659E+06   0.500000000E+04  -0.135382654E+02  -0.115055298E+02  -0.127159385E+02  -0.134395443E+02  -0.137163472E+02  -0.138337895E+02  -0.124348904E+02  -0.124872173E+02  -0.132321019E+02  -0.137782654E+02  -0.142250683E+02
   0.660738915E+06   0.500000000E+04  -0.135492867E+02  -0.115165511E+02  -0.127269598E+02  -0.134505656E+02  -0.137273684E+02  -0.138448108E+02  -0.124459117E+02  -0.124982386E+02  -0.132431232E+02  -0.137892867E+02  -0.142360896E+02
   0.670931961E+06   0.500000000E+04  -0.135620025E+02  -0.115292669E+02  -0.127396755E+02  -0.134632813E+02  -0.137400842E+02  -0.138575265E+02  -0.124586274E+02  -0.125109544E+02  -0.132558390E+02  -0.138020025E+02  -0.142488054E+02
   0.681908756E+06   0.500000000E+04  -0.135766037E+02  -0.115438681E+02  -0.127542767E+02  -0.134778825E+02  -0.137546854E+02  -0.138721277E+02  -0.124732286E+02  -0.125255556E+02  -0.132704402E+02  -0.138166037E+02  -0.142634066E+02
   0.693729564E+06   0.500000000E+04  -0.135934113E+02  -0.115606756E+02  -0.127710843E+02  -0.134946901E+02  -0.137714930E+02  -0.138889353E+02  -0.124900362E+02  -0.125423632E+02  -0.132872478E+02  -0.138334113E+02  -0.142802141E+02
   0.702110844E+06   0.500000000E+04  -0.135875101E+02  -0.115547744E+02  -0.127651831E+02  -0.134887889E+02  -0.137655918E+02  -0.138830341E+02  -0.124841350E+02  -0.125364620E+02  -0.132813466E+02  -0.138275101E+02  -0.142743129E+02
   0.710916428E+06   0.500000000E+04  -0.135997325E+02  -0.115669969E+02  -0.127774056E+02  -0.135010113E+02  -0.137778142E+02  -0.138952565E+02  -0.124963575E+02  -0.125486844E+02  -0.132935690E+02  -0.138397325E+02  -0.142865354E+02
   0.720167793E+06   0.500000000E+04  -0.136137231E+02  -0.115809875E+02  -0.127913962E+02  -0.135150020E+02  -0.137918049E+02  -0.139092472E+02  -0.125103481E+02  -0.125626750E+02  -0.133075596E+02  -0.138537231E+02  -0.143005260E+02
   0.729887510E+06   0.500000000E+04  -0.136290797E+02  -0.115963441E+02  -0.128067528E+02  -0.135303585E+02  -0.138071614E+02  -0.139246037E+02  -0.125257047E+02  -0.125780316E+02  -0.133229162E+02  -0.138690797E+02  -0.143158826E+02
   0.740099286E+06   0.500000000E+04  -0.136462165E+02  -0.116134809E+02  -0.128238896E+02  -0.135474954E+02  -0.138242983E+02  -0.139417406E+02  -0.125428415E+02  -0.125951685E+02  -0.133400531E+02  -0.138862165E+02  -0.143330194E+02
   0.740099286E+06   0.500000000E+04  -0.136416968E+02  -0.116089612E+02  -0.128193699E+02  -0.135429757E+02  -0.138197786E+02  -0.139372209E+02  -0.125383218E+02  -0.125906487E+02  -0.133355334E+02  -0.138816968E+02  -0.143284997E+02
   0.751099606E+06   0.500000000E+04  -0.136613054E+02  -0.116285698E+02  -0.128389784E+02  -0.135625842E+02  -0.138393871E+02  -0.139568294E+02  -0.125579303E+02  -0.126102573E+02  -0.133551419E+02  -0.139013054E+02  -0.143481083E+02
   0.760092984E+06   0.500000000E+04  -0.136779055E+02  -0.116451699E+02  -0.128555785E+02  -0.135791843E+02  -0.138559872E+02  -0.139734295E+02  -0.125745304E+02  -0.126268574E+02  -0.133717420E+02  -0.139179055E+02  -0.143647084E+02
   0.769777869E+06   0.500000000E+04  -0.136963545E+02  -0.116636189E+02  -0.128740276E+02  -0.135976334E+02  -0.138744363E+02  -0.139918786E+02  -0.125929795E+02  -0.126453065E+02  -0.133901911E+02  -0.139363545E+02  -0.143831574E+02
   0.780207431E+06   0.500000000E+04  -0.137168416E+02  -0.116841060E+02  -0.128945147E+02  -0.136181205E+02  -0.138949234E+02  -0.140123657E+02  -0.126134666E+02  -0.126657936E+02  -0.134106782E+02  -0.139568416E+02  -0.144036445E+02
   0.791438928E+06   0.500000000E+04  -0.137162414E+02  -0.116835058E+02  -0.128939145E+02  -0.136175202E+02  -0.138943231E+02  -0.140117654E+02  -0.126128664E+02  -0.126651933E+02  -0.134100779E+02  -0.139562414E+02  -0.144030443E+02
   0.803585668E+06   0.500000000E+04  -0.137381000E+02  -0.117053644E+02  -0.129157730E+02  -0.136393788E+02  -0.139161817E+02  -0.140336240E+02  -0.126347249E+02  -0.126870519E+02  -0.134319365E+02  -0.139781000E+02  -0.144249029E+02
   0.814994044E+06   0.500000000E+04  -0.137612928E+02  -0.117285572E+02  -0.129389659E+02  -0.136625717E+02  -0.139393746E+02  -0.140568169E+02  -0.126579178E+02  -0.127102447E+02  -0.134551293E+02  -0.140012928E+02  -0.144480957E+02
   0.825191033E+06   0.500000000E+04  -0.137819972E+02  -0.117492615E+02  -0.129596702E+02  -0.136832760E+02  -0.139600789E+02  -0.140775212E+02  -0.126786221E+02  -0.127309491E+02  -0.134758337E+02  -0.140219972E+02  -0.144688000E+02
   0.836446600E+06   0.500000000E+04  -0.138050169E+02  -0.117722813E+02  -0.129826900E+02  -0.137062958E+02  -0.139830987E+02  -0.141005410E+02  -0.127016419E+02  -0.127539688E+02  -0.134988534E+02  -0.140450169E+02  -0.144918198E+02
   0.845648658E+06   0.500000000E+04  -0.138240275E+02  -0.117912919E+02  -0.130017006E+02  -0.137253064E+02  -0.140021093E+02  -0.141195516E+02  -0.127206525E+02  -0.127729794E+02  -0.135178641E+02  -0.140640275E+02  -0.145108304E+02
   0.855558269E+06   0.500000000E+04  -0.138448605E+02  -0.118121249E+02  -0.130225336E+02  -0.137461393E+02  -0.140229422E+02  -0.141403846E+02  -0.127414855E+02  -0.127938124E+02  -0.135386970E+02  -0.140848605E+02  -0.145316634E+02
   0.866229835E+06   0.500000000E+04  -0.138674997E+02  -0.118347641E+02  -0.130451728E+02  -0.137687786E+02  -0.140455815E+02  -0.141630238E+02  -0.127641247E+02  -0.128164517E+02  -0.135613363E+02  -0.141074997E+02  -0.145543026E+02
   0.915030659E+06   0.500000000E+04  -0.139437541E+02  -0.119110185E+02  -0.131214272E+02  -0.138450329E+02  -0.141218358E+02  -0.142392781E+02  -0.128403791E+02  -0.128927060E+02  -0.136375906E+02  -0.141837541E+02  -0.146305570E+02
   0.970124227E+06   0.500000000E+04  -0.140399655E+02  -0.120072299E+02  -0.132176386E+02  -0.139412443E+02  -0.142180472E+02  -0.143354895E+02  -0.129365905E+02  -0.129889174E+02  -0.137338020E+02  -0.142799655E+02  -0.147267684E+02
   0.970124227E+06   0.500000000E+04  -0.140357406E+02  -0.120030049E+02  -0.132134136E+02  -0.139370194E+02  -0.142138223E+02  -0.143312646E+02  -0.129323655E+02  -0.129846925E+02  -0.137295771E+02  -0.142757406E+02  -0.147225435E+02
   0.102402488E+07   0.500000000E+04  -0.141427634E+02  -0.121100278E+02  -0.133204365E+02  -0.140440423E+02  -0.143208452E+02  -0.144382875E+02  -0.130393884E+02  -0.130917153E+02  -0.138366000E+02  -0.143827634E+02  -0.148295663E+02
   0.107473838E+07   0.500000000E+04  -0.142162751E+02  -0.121835395E+02  -0.133939482E+02  -0.141175539E+02  -0.143943568E+02  -0.145117991E+02  -0.131129001E+02  -0.131652270E+02  -0.139101116E+02  -0.144562751E+02  -0.149030780E+02
   0.112447564E+07   0.500000000E+04  -0.143069024E+02  -0.122741668E+02  -0.134845754E+02  -0.142081812E+02  -0.144849841E+02  -0.146024264E+02  -0.132035274E+02  -0.132558543E+02  -0.140007389E+02  -0.145469024E+02  -0.149937053E+02
   0.117638920E+07   0.500000000E+04  -0.143757681E+02  -0.123430325E+02  -0.135534412E+02  -0.142770470E+02  -0.145538499E+02  -0.146712922E+02  -0.132723931E+02  -0.133247200E+02  -0.140696047E+02  -0.146157681E+02  -0.150625710E+02
   0.122836577E+07   0.500000000E+04  -0.144610604E+02  -0.124283248E+02  -0.136387335E+02  -0.143623392E+02  -0.146391421E+02  -0.147565845E+02  -0.133576854E+02  -0.134100123E+02  -0.141548969E+02  -0.147010604E+02  -0.151478633E+02
   0.128007744E+07   0.500000000E+04  -0.145247279E+02  -0.124919923E+02  -0.137024010E+02  -0.144260068E+02  -0.147028097E+02  -0.148202520E+02  -0.134213529E+02  -0.134736798E+02  -0.142185645E+02  -0.147647279E+02  -0.152115308E+02
   0.133154967E+07   0.500000000E+04  -0.145838897E+02  -0.125511541E+02  -0.137615628E+02  -0.144851686E+02  -0.147619715E+02  -0.148794138E+02  -0.134805147E+02  -0.135328416E+02  -0.142777263E+02  -0.148238897E+02  -0.152706926E+02
   0.138087543E+07   0.500000000E+04  -0.146512456E+02  -0.126185100E+02  -0.138289186E+02  -0.145525244E+02  -0.148293273E+02  -0.149467696E+02  -0.135478705E+02  -0.136001975E+02  -0.143450821E+02  -0.148912456E+02  -0.153380485E+02
   0.143371428E+07   0.500000000E+04  -0.147036068E+02  -0.126708712E+02  -0.138812799E+02  -0.146048856E+02  -0.148816885E+02  -0.149991308E+02  -0.136002318E+02  -0.136525587E+02  -0.143974433E+02  -0.149436068E+02  -0.153904097E+02
   0.148832909E+07   0.500000000E+04  -0.147671885E+02  -0.127344529E+02  -0.139448616E+02  -0.146684673E+02  -0.149452702E+02  -0.150627125E+02  -0.136638135E+02  -0.137161404E+02  -0.144610250E+02  -0.150071885E+02  -0.154539914E+02
   0.154403886E+07   0.500000000E+04  -0.148154292E+02  -0.127826936E+02  -0.139931022E+02  -0.147167080E+02  -0.149935109E+02  -0.151109532E+02  -0.137120541E+02  -0.137643811E+02  -0.145092657E+02  -0.150554292E+02  -0.155022321E+02
   0.159964710E+07   0.500000000E+04  -0.148602524E+02  -0.128275168E+02  -0.140379255E+02  -0.147615312E+02  -0.150383341E+02  -0.151557764E+02  -0.137568774E+02  -0.138092043E+02  -0.145540889E+02  -0.151002524E+02  -0.155470553E+02
   0.164918742E+07   0.500000000E+04  -0.149009553E+02  -0.128682197E+02  -0.140786284E+02  -0.148022341E+02  -0.150790370E+02  -0.151964793E+02  -0.137975803E+02  -0.138499072E+02  -0.145947918E+02  -0.151409553E+02  -0.155877582E+02
   0.170778425E+07   0.500000000E+04  -0.149326030E+02  -0.128998674E+02  -0.141102761E+02  -0.148338819E+02  -0.151106848E+02  -0.152281271E+02  -0.138292280E+02  -0.138815549E+02  -0.146264396E+02  -0.151726030E+02  -0.156194059E+02
   0.176369046E+07   0.500000000E+04  -0.149655727E+02  -0.129328371E+02  -0.141432458E+02  -0.148668516E+02  -0.151436544E+02  -0.152610968E+02  -0.138621977E+02  -0.139145246E+02  -0.146594092E+02  -0.152055727E+02  -0.156523756E+02
   0.186988277E+07   0.500000000E+04  -0.150104949E+02  -0.129777593E+02  -0.141881680E+02  -0.149117738E+02  -0.151885767E+02  -0.153060190E+02  -0.139071199E+02  -0.139594468E+02  -0.147043314E+02  -0.152504949E+02  -0.156972978E+02
   0.196671839E+07   0.500000000E+04  -0.150345990E+02  -0.130018634E+02  -0.142122721E+02  -0.149358779E+02  -0.152126808E+02  -0.153301231E+02  -0.139312240E+02  -0.139835510E+02  -0.147284356E+02  -0.152745990E+02  -0.157214019E+02
   0.207149873E+07   0.500000000E+04  -0.150532404E+02  -0.130205048E+02  -0.142309135E+02  -0.149545193E+02  -0.152313222E+02  -0.153487645E+02  -0.139498654E+02  -0.140021923E+02  -0.147470770E+02  -0.152932404E+02  -0.157400433E+02
   0.217414987E+07   0.500000000E+04  -0.150586904E+02  -0.130259548E+02  -0.142363635E+02  -0.149599693E+02  -0.152367721E+02  -0.153542145E+02  -0.139553154E+02  -0.140076423E+02  -0.147525269E+02  -0.152986904E+02  -0.157454933E+02
   0.227874658E+07   0.500000000E+04  -0.150568802E+02  -0.130241446E+02  -0.142345533E+02  -0.149581590E+02  -0.152349619E+02  -0.153524042E+02  -0.139535052E+02  -0.140058321E+02  -0.147507167E+02  -0.152968802E+02  -0.157436831E+02
   0.238121782E+07   0.500000000E+04  -0.150476671E+02  -0.130149315E+02  -0.142253402E+02  -0.149489460E+02  -0.152257488E+02  -0.153431912E+02  -0.139442921E+02  -0.139966190E+02  -0.147415036E+02  -0.152876671E+02  -0.157344700E+02
   0.248563123E+07   0.500000000E+04  -0.150381377E+02  -0.130054020E+02  -0.142158107E+02  -0.149394165E+02  -0.152162194E+02  -0.153336617E+02  -0.139347626E+02  -0.139870896E+02  -0.147319742E+02  -0.152781377E+02  -0.157249406E+02
   0.258425107E+07   0.500000000E+04  -0.150249644E+02  -0.129922288E+02  -0.142026374E+02  -0.149262432E+02  -0.152030461E+02  -0.153204884E+02  -0.139215893E+02  -0.139739163E+02  -0.147188009E+02  -0.152649644E+02  -0.157117673E+02
   0.268217175E+07   0.500000000E+04  -0.150100059E+02  -0.129772703E+02  -0.141876790E+02  -0.149112848E+02  -0.151880877E+02  -0.153055300E+02  -0.139066309E+02  -0.139589578E+02  -0.147038425E+02  -0.152500059E+02  -0.156968088E+02
   0.278219477E+07   0.500000000E+04  -0.149907405E+02  -0.129580049E+02  -0.141684135E+02  -0.148920193E+02  -0.151688222E+02  -0.152862645E+02  -0.138873654E+02  -0.139396924E+02  -0.146845770E+02  -0.152307405E+02  -0.156775434E+02
   0.288707789E+07   0.500000000E+04  -0.149699752E+02  -0.129372396E+02  -0.141476483E+02  -0.148712541E+02  -0.151480570E+02  -0.152654993E+02  -0.138666002E+02  -0.139189271E+02  -0.146638118E+02  -0.152099752E+02  -0.156567781E+02
   0.299336807E+07   0.500000000E+04  -0.149512901E+02  -0.129185545E+02  -0.141289632E+02  -0.148525690E+02  -0.151293719E+02  -0.152468142E+02  -0.138479151E+02  -0.139002420E+02  -0.146451267E+02  -0.151912901E+02  -0.156380930E+02
   0.309806739E+07   0.500000000E+04  -0.149279037E+02  -0.128951681E+02  -0.141055768E+02  -0.148291826E+02  -0.151059855E+02  -0.152234278E+02  -0.138245287E+02  -0.138768556E+02  -0.146217403E+02  -0.151679037E+02  -0.156147066E+02
   0.320362998E+07   0.500000000E+04  -0.149047888E+02  -0.128720532E+02  -0.140824618E+02  -0.148060676E+02  -0.150828705E+02  -0.152003128E+02  -0.138014137E+02  -0.138537407E+02  -0.145986253E+02  -0.151447888E+02  -0.155915917E+02
   0.331066014E+07   0.500000000E+04  -0.148813775E+02  -0.128486419E+02  -0.140590506E+02  -0.147826564E+02  -0.150594593E+02  -0.151769016E+02  -0.137780025E+02  -0.138303294E+02  -0.145752141E+02  -0.151213775E+02  -0.155681804E+02
   0.341616118E+07   0.500000000E+04  -0.148543451E+02  -0.128216095E+02  -0.140320182E+02  -0.147556240E+02  -0.150324269E+02  -0.151498692E+02  -0.137509701E+02  -0.138032970E+02  -0.145481817E+02  -0.150943451E+02  -0.155411480E+02
   0.353138789E+07   0.500000000E+04  -0.148225413E+02  -0.127898057E+02  -0.140002143E+02  -0.147238201E+02  -0.150006230E+02  -0.151180653E+02  -0.137191662E+02  -0.137714932E+02  -0.145163778E+02  -0.150625413E+02  -0.155093442E+02
   0.364640463E+07   0.500000000E+04  -0.147846129E+02  -0.127518773E+02  -0.139622860E+02  -0.146858917E+02  -0.149626946E+02  -0.150801369E+02  -0.136812379E+02  -0.137335648E+02  -0.144784494E+02  -0.150246129E+02  -0.154714158E+02
   0.375091342E+07   0.500000000E+04  -0.147537760E+02  -0.127210404E+02  -0.139314491E+02  -0.146550549E+02  -0.149318577E+02  -0.150493001E+02  -0.136504010E+02  -0.137027279E+02  -0.144476125E+02  -0.149937760E+02  -0.154405789E+02
   0.386313271E+07   0.500000000E+04  -0.147155473E+02  -0.126828117E+02  -0.138932204E+02  -0.146168262E+02  -0.148936291E+02  -0.150110714E+02  -0.136121723E+02  -0.136644992E+02  -0.144093839E+02  -0.149555473E+02  -0.154023502E+02
   0.397514751E+07   0.500000000E+04  -0.146692281E+02  -0.126364925E+02  -0.138469012E+02  -0.145705070E+02  -0.148473099E+02  -0.149647522E+02  -0.135658531E+02  -0.136181800E+02  -0.143630647E+02  -0.149092281E+02  -0.153560310E+02
   0.407493934E+07   0.500000000E+04  -0.146237210E+02  -0.125909854E+02  -0.138013941E+02  -0.145249999E+02  -0.148018028E+02  -0.149192451E+02  -0.135203460E+02  -0.135726729E+02  -0.143175576E+02  -0.148637210E+02  -0.153105239E+02
   0.419092349E+07   0.500000000E+04  -0.145723151E+02  -0.125395795E+02  -0.137499881E+02  -0.144735939E+02  -0.147503968E+02  -0.148678391E+02  -0.134689400E+02  -0.135212670E+02  -0.142661516E+02  -0.148123151E+02  -0.152591180E+02
   0.429811206E+07   0.500000000E+04  -0.145106279E+02  -0.124778923E+02  -0.136883009E+02  -0.144119067E+02  -0.146887096E+02  -0.148061519E+02  -0.134072528E+02  -0.134595798E+02  -0.142044644E+02  -0.147506279E+02  -0.151974308E+02
   0.439960647E+07   0.500000000E+04  -0.144525175E+02  -0.124197818E+02  -0.136301905E+02  -0.143537963E+02  -0.146305992E+02  -0.147480415E+02  -0.133491424E+02  -0.134014694E+02  -0.141463540E+02  -0.146925175E+02  -0.151393204E+02
   0.450171383E+07   0.500000000E+04  -0.143828102E+02  -0.123500746E+02  -0.135604832E+02  -0.142840890E+02  -0.145608919E+02  -0.146783342E+02  -0.132794351E+02  -0.133317621E+02  -0.140766467E+02  -0.146228102E+02  -0.150696131E+02
   0.459915349E+07   0.500000000E+04  -0.143172584E+02  -0.122845228E+02  -0.134949315E+02  -0.142185373E+02  -0.144953402E+02  -0.146127825E+02  -0.132138834E+02  -0.132662103E+02  -0.140110950E+02  -0.145572584E+02  -0.150040613E+02
   0.470939752E+07   0.500000000E+04  -0.142275036E+02  -0.121947680E+02  -0.134051767E+02  -0.141287824E+02  -0.144055853E+02  -0.145230276E+02  -0.131241286E+02  -0.131764555E+02  -0.139213401E+02  -0.144675036E+02  -0.149143065E+02
   0.480793539E+07   0.500000000E+04  -0.141402030E+02  -0.121074674E+02  -0.133178761E+02  -0.140414818E+02  -0.143182847E+02  -0.144357270E+02  -0.130368280E+02  -0.130891549E+02  -0.138340395E+02  -0.143802030E+02  -0.148270059E+02
   0.491987736E+07   0.500000000E+04  -0.140326921E+02  -0.119999565E+02  -0.132103652E+02  -0.139339710E+02  -0.142107739E+02  -0.143282162E+02  -0.129293171E+02  -0.129816440E+02  -0.137265286E+02  -0.142726921E+02  -0.147194950E+02
