  0.0000000000E+000  0.0000000000E+000
  2.2311918107E+001  1.3096526236E+012
  1.0057474123E+004  4.6678198721E+013
  2.0164399863E+004  7.6127865600E+013
  3.0213502192E+004  9.8085759632E+013
  4.0316176277E+004  1.1961100161E+014
  5.0489164060E+004  1.3585708607E+014
  6.0708563822E+004  1.4805970630E+014
  7.0958841593E+004  1.5755488511E+014
  8.1049666649E+004  1.6578844773E+014
  9.1740264487E+004  1.7328072102E+014
  1.0208773871E+005  1.8078436153E+014
  1.1268742958E+005  1.8921673513E+014
  1.2325980336E+005  1.9906790361E+014
  1.3339746912E+005  2.0878552522E+014
  1.4360544371E+005  2.1887820825E+014
  1.5373355008E+005  2.2889172581E+014
  1.6476452683E+005  2.3953225544E+014
  1.7558967542E+005  2.4956833559E+014
  1.8610035895E+005  2.5881773538E+014
  1.9597403587E+005  2.6702069544E+014
  2.0654470279E+005  2.7530537839E+014
  2.1621325692E+005  2.8269006793E+014
  2.2649510777E+005  2.9025745810E+014
  2.3744501009E+005  2.9788348719E+014
  2.4712369552E+005  3.0418049163E+014
  2.5734652608E+005  3.1082864053E+014
  2.6825335025E+005  3.1762338932E+014
  2.7749934723E+005  3.2312941236E+014
  2.8718764689E+005  3.2840543864E+014
  2.9734667830E+005  3.3456830217E+014
  3.0800709190E+005  3.4034840744E+014
  3.1920191893E+005  3.4675880190E+014
  3.3096674593E+005  3.5339869277E+014
  3.4018738050E+005  3.5849916307E+014
  3.4976739954E+005  3.6388007580E+014
  3.5983543450E+005  3.6938670574E+014
  3.7030889818E+005  3.7562734972E+014
  3.8120865403E+005  3.8137305918E+014
  3.9255674335E+005  3.8796334756E+014
  4.0437647407E+005  3.9436390247E+014
  4.1669251245E+005  4.0123722025E+014
  4.2519176551E+005  4.0604251252E+014
  4.3393129001E+005  4.1040819222E+014
  4.4296782463E+005  4.1584265641E+014
  4.5231900880E+005  4.2044535307E+014
  4.6194260250E+005  4.2546288404E+014
  4.7184831721E+005  4.3098407510E+014
  4.8204622881E+005  4.3592252637E+014
  4.9254679997E+005  4.4138169047E+014
  5.0336090468E+005  4.4744240238E+014
  5.1449985435E+005  4.5286071684E+014
  5.2597542478E+005  4.5863817629E+014
  5.3792019853E+005  4.6487429556E+014
  5.5023779839E+005  4.7063780409E+014
  5.6293799271E+005  4.7736556734E+014
  5.7603507999E+005  4.8338911573E+014
  5.8954394689E+005  4.8993780610E+014
  5.9645433699E+005  4.9361778241E+014
  6.0346661992E+005  4.9714774516E+014
  6.1058254745E+005  5.0051059884E+014
  6.1780390496E+005  5.0368147505E+014
  6.2520579640E+005  5.0747436793E+014
  6.3272661308E+005  5.1109674580E+014
  6.4036061155E+005  5.1452473371E+014
  6.4810976914E+005  5.1776635515E+014
  6.5597610011E+005  5.2105336193E+014
  6.6396165644E+005  5.2524857698E+014
  6.7206852839E+005  5.2932177587E+014
  6.8029884504E+005  5.3325931118E+014
  6.8865477468E+005  5.3703917536E+014
  6.9713852531E+005  5.4063421126E+014
  7.0575234512E+005  5.4427392333E+014
  7.1458151042E+005  5.4921785543E+014
  7.2359298554E+005  5.5306397231E+014
  7.3274502104E+005  5.5672661788E+014
  7.4204011736E+005  5.6084932201E+014
  7.5148082044E+005  5.6562584199E+014
  7.6106972574E+005  5.7030940656E+014
  7.7080948054E+005  5.7488583118E+014
  7.8070278574E+005  5.7933347982E+014
  7.9075239750E+005  5.8362625861E+014
  8.0096112875E+005  5.8791741302E+014
  8.1142507828E+005  5.9361710266E+014
  8.2210296126E+005  5.9824940184E+014
  8.3295270849E+005  6.0275165846E+014
  8.4397744180E+005  6.0734013205E+014
  8.5518036831E+005  6.1293139799E+014
  8.6656477014E+005  6.1845545550E+014
  8.7813400196E+005  6.2389345928E+014
  9.2669316700E+005  6.4542649985E+014
  9.7870153382E+005  6.6771331841E+014
  1.0347823647E+006  6.9125812622E+014
  1.0793816389E+006  7.1083949952E+014
  1.1266251671E+006  7.2914281193E+014
  1.1763185983E+006  7.4856402145E+014
  1.2290585544E+006  7.6776177337E+014
  1.2847018537E+006  7.8705404761E+014
  1.3435087956E+006  8.0632038950E+014
  1.4056255993E+006  8.2618961573E+014
  1.4489293233E+006  8.3913842078E+014
  1.4938902763E+006  8.5204892975E+014
  1.5405768672E+006  8.6474596253E+014
  1.5890067985E+006  8.7753244967E+014
  1.6392507368E+006  8.8983127968E+014
  1.6914055951E+006  9.0237993728E+014
  1.7455485400E+006  9.1418679906E+014
  1.8016953767E+006  9.2595293819E+014
  1.9191038211E+006  9.4706481600E+014
  2.0095435198E+006  9.6074760745E+014
  2.1014259863E+006  9.7131408960E+014
  2.1947890601E+006  9.7931097888E+014
  2.2895809137E+006  9.8805515676E+014
  2.3857752205E+006  9.9580205317E+014
  2.4834805323E+006  1.0020655048E+015
  2.5827448187E+006  1.0142643966E+015
  2.6836255073E+006  1.0261586442E+015
  2.7862438787E+006  1.0410144606E+015
  2.8906706309E+006  1.0591596545E+015
  2.9970006912E+006  1.0775316567E+015
  3.1053070524E+006  1.0988276770E+015
  3.2157078241E+006  1.1202619805E+015
  3.3283070487E+006  1.1414409258E+015
  3.4432695168E+006  1.1626798827E+015
  3.5608417024E+006  1.1832265225E+015
  3.6811381993E+006  1.2025120208E+015
  3.7629230354E+006  1.2143578634E+015
  3.8461484347E+006  1.2265187649E+015
  3.9305592013E+006  1.2369134903E+015
  4.0165592473E+006  1.2471894132E+015
  4.1040393009E+006  1.2562225385E+015
  4.1932332345E+006  1.2638688855E+015
  4.2842528352E+006  1.2709369120E+015
  4.3771462411E+006  1.2765054706E+015
  4.4719515419E+006  1.2804183923E+015
  4.5687165135E+006  1.2827829652E+015
  4.6674819380E+006  1.2845372669E+015
  4.7682822298E+006  1.2856742072E+015
  4.8711883353E+006  1.2870509352E+015
  4.9762266727E+006  1.2894123942E+015
  5.0000000000E+006  1.2894123942E+015
