   0.000000000E+00  -2.096069546E+51   1.219185881E+51   3.954042005E+48  -8.729296230E+50   0.000000000E+00
   2.206963217E+01  -1.734916727E+50   5.429582136E+50   7.473720010E+50   1.116838542E+51   1.989768165E+51
   1.004492789E+04  -6.476277023E+47   1.897533507E+48   1.122035807E+51   1.123285713E+51   1.996215336E+51
   2.008921248E+04  -3.241668854E+47   9.118828577E+47   1.122700283E+51   1.123287999E+51   1.996217622E+51
   3.011584131E+04  -2.163610124E+47   6.038230694E+47   1.122905389E+51   1.123292851E+51   1.996222474E+51
   4.019543740E+04  -1.621307781E+47   4.573160573E+47   1.123006111E+51   1.123301297E+51   1.996230920E+51
   5.034219828E+04  -1.294461162E+47   3.737689695E+47   1.123067190E+51   1.123311513E+51   1.996241136E+51
   6.053340896E+04  -1.076388758E+47   3.214049524E+47   1.123108952E+51   1.123322718E+51   1.996252341E+51
   7.075425691E+04  -9.207475042E+46   2.867047538E+47   1.123139941E+51   1.123334571E+51   1.996264194E+51
   8.081530001E+04  -8.059818082E+46   2.633006088E+47   1.123164014E+51   1.123346717E+51   1.996276340E+51
   9.146476204E+04  -7.118582698E+46   2.500753795E+47   1.123838240E+51   1.124017130E+51   1.996946753E+51
   1.017792862E+05  -6.396076744E+46   2.458476454E+47   1.123856987E+51   1.124038874E+51   1.996968497E+51
   1.123420815E+05  -5.793671028E+46   2.443194042E+47   1.123875167E+51   1.124061550E+51   1.996991173E+51
   1.228727218E+05  -5.296197160E+46   2.447775569E+47   1.123892628E+51   1.124084444E+51   1.997014067E+51
   1.329876995E+05  -4.892879399E+46   2.466078011E+47   1.123908932E+51   1.124106611E+51   1.997036234E+51
   1.431829550E+05  -4.544105644E+46   2.495487856E+47   1.123924974E+51   1.124129082E+51   1.997058705E+51
   1.533056707E+05  -4.243702519E+46   2.533761771E+47   1.123940550E+51   1.124151489E+51   1.997081112E+51
   1.631917721E+05  -3.986281145E+46   2.578623099E+47   1.123955441E+51   1.124173440E+51   1.997103063E+51
   1.738965935E+05  -3.739730212E+46   2.632119863E+47   1.124598737E+51   1.124824552E+51   1.997754175E+51
   1.843248373E+05  -3.527795201E+46   2.675596662E+47   1.124613747E+51   1.124846029E+51   1.997775652E+51
   1.941252857E+05  -3.349358601E+46   2.722247913E+47   1.124627494E+51   1.124866225E+51   1.997795848E+51
   2.046240873E+05  -3.177154532E+46   2.777624393E+47   1.124641876E+51   1.124887867E+51   1.997817490E+51
   2.142350666E+05  -3.034298848E+46   2.832581863E+47   1.124654767E+51   1.124907683E+51   1.997837306E+51
   2.244666648E+05  -2.895653226E+46   2.895001377E+47   1.124668235E+51   1.124928779E+51   1.997858402E+51
   2.353780078E+05  -2.761071158E+46   2.965458685E+47   1.124682342E+51   1.124951277E+51   1.997880900E+51
   2.450372759E+05  -2.651930690E+46   3.030767450E+47   1.124694635E+51   1.124971192E+51   1.997900815E+51
   2.552559944E+05  -2.545459311E+46   3.102493271E+47   1.124707463E+51   1.124992258E+51   1.997921881E+51
   2.661414833E+05  -2.440456045E+46   3.170044396E+47   1.125367992E+51   1.125660592E+51   1.998590215E+51
   2.754086977E+05  -2.358080489E+46   3.223954776E+47   1.125379289E+51   1.125678104E+51   1.998607727E+51
   2.851345113E+05  -2.277391581E+46   3.282703327E+47   1.125390970E+51   1.125696466E+51   1.998626089E+51
   2.953481951E+05  -2.198381577E+46   3.346534245E+47   1.125403062E+51   1.125715732E+51   1.998645355E+51
   3.060807266E+05  -2.121046109E+46   3.415706582E+47   1.125415597E+51   1.125735957E+51   1.998665580E+51
   3.173650534E+05  -2.045382540E+46   3.490487486E+47   1.125428604E+51   1.125757199E+51   1.998686822E+51
   3.262114934E+05  -1.989730781E+46   3.550423306E+47   1.125438690E+51   1.125773835E+51   1.998703458E+51
   3.354038309E+05  -1.935017314E+46   3.613800847E+47   1.125449076E+51   1.125791106E+51   1.998720729E+51
   3.449587017E+05  -1.881240953E+46   3.680755998E+47   1.125459776E+51   1.125809039E+51   1.998738662E+51
   3.549620069E+05  -1.827682915E+46   3.736279963E+47   1.126112058E+51   1.126467409E+51   1.999397032E+51
   3.654049486E+05  -1.775271425E+46   3.795994135E+47   1.126123493E+51   1.126485340E+51   1.999414963E+51
   3.762751045E+05  -1.723809838E+46   3.859656168E+47   1.126135248E+51   1.126503975E+51   1.999433598E+51
   3.875942132E+05  -1.673294477E+46   3.927428923E+47   1.126147339E+51   1.126523349E+51   1.999452972E+51
   3.993853149E+05  -1.623721537E+46   3.999492306E+47   1.126159787E+51   1.126543499E+51   1.999473122E+51
   4.075202618E+05  -1.591194571E+46   4.050012331E+47   1.126168294E+51   1.126557383E+51   1.999487006E+51
   4.158833853E+05  -1.559083587E+46   4.102582957E+47   1.126176974E+51   1.126571642E+51   1.999501265E+51
   4.244825661E+05  -1.527387427E+46   4.157265045E+47   1.126185834E+51   1.126586287E+51   1.999515910E+51
   4.333259926E+05  -1.496104925E+46   4.214121618E+47   1.126194881E+51   1.126601332E+51   1.999530955E+51
   4.424703969E+05  -1.464765425E+46   4.260500277E+47   1.126955445E+51   1.127366848E+51   2.000296471E+51
   4.519286416E+05  -1.433998831E+46   4.309660804E+47   1.126964952E+51   1.127381578E+51   2.000311201E+51
   4.616633508E+05  -1.403651203E+46   4.361163655E+47   1.126974636E+51   1.127396716E+51   2.000326339E+51
   4.716844640E+05  -1.373721041E+46   4.415070974E+47   1.126984506E+51   1.127412276E+51   2.000341899E+51
   4.820023069E+05  -1.344206884E+46   4.471456667E+47   1.126994567E+51   1.127428271E+51   2.000357894E+51
   4.926276118E+05  -1.315107289E+46   4.530400240E+47   1.127004829E+51   1.127444718E+51   2.000374341E+51
   5.035715412E+05  -1.286423601E+46   4.591978644E+47   1.127015298E+51   1.127461632E+51   2.000391255E+51
   5.148386967E+05  -1.258189300E+46   4.656194434E+47   1.127025972E+51   1.127479010E+51   2.000408633E+51
   5.264281354E+05  -1.230144800E+46   4.715528980E+47   1.127891306E+51   1.128350558E+51   2.001280181E+51
   5.385783619E+05  -1.208873299E+46   4.758132752E+47   1.127901231E+51   1.128364955E+51   2.001294578E+51
   5.484218057E+05  -1.186773756E+46   4.804773184E+47   1.127910332E+51   1.128378942E+51   2.001308565E+51
   5.590221180E+05  -1.163861007E+46   4.855830871E+47   1.127920038E+51   1.128393983E+51   2.001323606E+51
   5.704374950E+05  -1.140155611E+46   4.911712561E+47   1.127930386E+51   1.128410156E+51   2.001339779E+51
   5.827306074E+05  -1.115684068E+46   4.972865997E+47   1.127941416E+51   1.128427545E+51   2.001357168E+51
   5.914467654E+05  -1.098959901E+46   5.016803195E+47   1.127949169E+51   1.128439859E+51   2.001369482E+51
   6.006041789E+05  -1.081920735E+46   5.063454419E+47   1.127957257E+51   1.128452783E+51   2.001382406E+51
   6.102251864E+05  -1.064578938E+46   5.112982330E+47   1.127965695E+51   1.128466347E+51   2.001395970E+51
   6.203332575E+05  -1.046863032E+46   5.153512428E+47   1.128837152E+51   1.129342034E+51   2.002271657E+51
   6.309530497E+05  -1.028959309E+46   5.197224326E+47   1.128846308E+51   1.129355741E+51   2.002285364E+51
   6.421104688E+05  -1.010797143E+46   5.243962654E+47   1.128855834E+51   1.129370122E+51   2.002299745E+51
   6.538327323E+05  -9.923935076E+45   5.293904542E+47   1.128865744E+51   1.129385211E+51   2.002314834E+51
   6.661484354E+05  -9.737664242E+45   5.347241128E+47   1.128876053E+51   1.129401040E+51   2.002330663E+51
   6.790876210E+05  -9.549349066E+45   5.404178284E+47   1.128886777E+51   1.129417646E+51   2.002347269E+51
   6.858008218E+05  -9.454486810E+45   5.434064199E+47   1.128892299E+51   1.129426251E+51   2.002355874E+51
   6.926818528E+05  -9.359188910E+45   5.464932076E+47   1.128897932E+51   1.129435066E+51   2.002364689E+51
   6.997349095E+05  -9.263481601E+45   5.496810435E+47   1.128903676E+51   1.129444093E+51   2.002373716E+51
   7.069642926E+05  -9.166552796E+45   5.521256859E+47   1.130075329E+51   1.130618288E+51   2.003547911E+51
   7.143744103E+05  -9.070116293E+45   5.547326036E+47   1.130081298E+51   1.130626961E+51   2.003556584E+51
   7.219697809E+05  -8.973351864E+45   5.574391241E+47   1.130087376E+51   1.130635842E+51   2.003565465E+51
   7.297550358E+05  -8.876287476E+45   5.602475263E+47   1.130093565E+51   1.130644937E+51   2.003574560E+51
   7.377349220E+05  -8.778951451E+45   5.631602356E+47   1.130099867E+51   1.130654249E+51   2.003583872E+51
   7.459143055E+05  -8.681372437E+45   5.661800002E+47   1.130106285E+51   1.130663783E+51   2.003593406E+51
   7.542981735E+05  -8.583579373E+45   5.693097995E+47   1.130112819E+51   1.130673546E+51   2.003603169E+51
   7.628916382E+05  -8.485601455E+45   5.725528707E+47   1.130119474E+51   1.130683541E+51   2.003613164E+51
   7.716999395E+05  -8.387468105E+45   5.759124890E+47   1.130126250E+51   1.130693775E+51   2.003623398E+51
   7.807284484E+05  -8.289208929E+45   5.793919968E+47   1.130133150E+51   1.130704253E+51   2.003633876E+51
   7.899826700E+05  -8.190853691E+45   5.829947446E+47   1.130140177E+51   1.130714981E+51   2.003644604E+51
   7.994682471E+05  -8.091740303E+45   5.857333600E+47   1.131408057E+51   1.131985699E+51   2.004915322E+51
   7.994682471E+05  -8.140649356E+45   5.843561246E+47   1.131406209E+51   1.131982424E+51   2.004912047E+51
   8.093124976E+05  -8.039784189E+45   5.873001259E+47   1.131413593E+51   1.131992853E+51   2.004922476E+51
   8.196551133E+05  -7.936470052E+45   5.904474113E+47   1.131421286E+51   1.132003796E+51   2.004933420E+51
   8.305213239E+05  -7.830747189E+45   5.938096308E+47   1.131429298E+51   1.132015277E+51   2.004944900E+51
   8.419376364E+05  -7.722663750E+45   5.973994899E+47   1.131437641E+51   1.132027318E+51   2.004956941E+51
   8.539318998E+05  -7.612275939E+45   6.012309743E+47   1.131446330E+51   1.132039948E+51   2.004969571E+51
   8.665333727E+05  -7.499648117E+45   6.053189468E+47   1.131455376E+51   1.132053196E+51   2.004982819E+51
   9.209162846E+05  -7.076483290E+45   6.194035758E+47   1.132732370E+51   1.133344697E+51   2.006274321E+51
   9.744603979E+05  -6.679757421E+45   6.338250997E+47   1.134000070E+51   1.134627216E+51   2.007556839E+51
   1.030482491E+06  -6.310004786E+45   6.466401012E+47   1.134036532E+51   1.134676862E+51   2.007606485E+51
   1.083630412E+06  -6.017272269E+45   6.571945860E+47   1.135607131E+51   1.136258308E+51   2.009187931E+51
   1.137080690E+06  -5.728723382E+45   6.671973503E+47   1.135639544E+51   1.136301013E+51   2.009230636E+51
   1.193004605E+06  -5.454669130E+45   6.759537036E+47   1.137371154E+51   1.138041653E+51   2.010971276E+51
   1.245957679E+06  -5.218305234E+45   6.838432391E+47   1.139206765E+51   1.139885390E+51   2.012815013E+51
   1.299230556E+06  -5.000557300E+45   6.899780021E+47   1.139235888E+51   1.139920865E+51   2.012850488E+51
   1.350068131E+06  -4.808774588E+45   6.951112065E+47   1.141270540E+51   1.141960842E+51   2.014890465E+51
   1.350068131E+06  -4.828189176E+45   6.947138799E+47   1.141269128E+51   1.141959013E+51   2.014888636E+51
   1.411365354E+06  -4.614257668E+45   6.995122679E+47   1.141300486E+51   1.141995384E+51   2.014925007E+51
   1.464225629E+06  -4.444237906E+45   7.025384043E+47   1.143425360E+51   1.144123454E+51   2.017053077E+51
   1.517405145E+06  -4.285552002E+45   7.054073480E+47   1.143450766E+51   1.144151888E+51   2.017081511E+51
   1.568153628E+06  -4.144194750E+45   7.061836609E+47   1.145931763E+51   1.146633802E+51   2.019563425E+51
   1.625570879E+06  -3.995100980E+45   7.066767630E+47   1.148388832E+51   1.149091514E+51   2.022021137E+51
   1.676891334E+06  -3.870745602E+45   7.064926766E+47   1.148411037E+51   1.149113659E+51   2.022043282E+51
   1.733539513E+06  -3.742014298E+45   7.052450756E+47   1.151360584E+51   1.152062087E+51   2.024991710E+51
   1.847189462E+06  -3.508113077E+45   7.010366058E+47   1.154577213E+51   1.155274741E+51   2.028204364E+51
   1.961525782E+06  -3.300526252E+45   6.942220115E+47   1.158149953E+51   1.158840874E+51   2.031770497E+51
   2.070635364E+06  -3.124066432E+45   6.853539209E+47   1.165488169E+51   1.166170399E+51   2.039100022E+51
   2.168159250E+06  -2.981603229E+45   6.760066655E+47   1.170018178E+51   1.170691203E+51   2.043620826E+51
   2.168159250E+06  -2.999329777E+45   6.772721436E+47   1.170016146E+51   1.170690419E+51   2.043620042E+51
   2.281395003E+06  -2.847652188E+45   6.657442821E+47   1.173882761E+51   1.174545657E+51   2.047475280E+51
   2.382274549E+06  -2.724864839E+45   6.546299955E+47   1.178815562E+51   1.179467468E+51   2.052397091E+51
   2.478542516E+06  -2.617242922E+45   6.437311902E+47   1.184372476E+51   1.185013589E+51   2.057943213E+51
   2.587460885E+06  -2.505267469E+45   6.309214192E+47   1.190569116E+51   1.191197532E+51   2.064127155E+51
   2.587460885E+06  -2.516571493E+45   6.322834391E+47   1.190567663E+51   1.191197430E+51   2.064127053E+51
   2.689867107E+06  -2.418827324E+45   6.200719139E+47   1.196549062E+51   1.197166715E+51   2.070096338E+51
   2.797661951E+06  -2.323921786E+45   6.070068042E+47   1.203162177E+51   1.203766860E+51   2.076696483E+51
   2.906107804E+06  -2.235663111E+45   5.938609316E+47   1.210834461E+51   1.211426086E+51   2.084355709E+51
   3.009596194E+06  -2.157486427E+45   5.813433012E+47   1.218736913E+51   1.219316099E+51   2.092245722E+51
   3.102095769E+06  -2.092103154E+45   5.702919883E+47   1.227573813E+51   1.228142013E+51   2.101071636E+51
   3.204528974E+06  -2.032499932E+45   5.598275017E+47   1.236260476E+51   1.236818271E+51   2.109747894E+51
   3.309510373E+06  -1.966789480E+45   5.478621754E+47   1.246355551E+51   1.246901446E+51   2.119831069E+51
   3.415125790E+06  -1.904921011E+45   5.359015337E+47   1.257096227E+51   1.257630224E+51   2.130559847E+51
   3.515913135E+06  -1.849436006E+45   5.247505435E+47   1.268341904E+51   1.268864805E+51   2.141794428E+51
   3.629944765E+06  -1.790585090E+45   5.122172434E+47   1.293334679E+51   1.293845105E+51   2.166774728E+51
   3.731868054E+06  -1.740948376E+45   5.012416402E+47   1.307122656E+51   1.307622157E+51   2.180551780E+51
   3.844372295E+06  -1.689260520E+45   4.895604796E+47   1.321452115E+51   1.321939986E+51   2.194869609E+51
   3.936350825E+06  -1.649201331E+45   4.802395255E+47   1.331771930E+51   1.332250521E+51   2.205180144E+51
   4.035401641E+06  -1.608037159E+45   4.702286529E+47   1.341283943E+51   1.341752563E+51   2.214682186E+51
   4.142068536E+06  -1.565910083E+45   4.595533888E+47   1.350015102E+51   1.350473090E+51   2.223402713E+51
   4.256937116E+06  -1.522948520E+45   4.483349252E+47   1.357313109E+51   1.357759921E+51   2.230689544E+51
   4.338382128E+06  -1.493911265E+45   4.406938895E+47   1.357322044E+51   1.357761244E+51   2.230690867E+51
   4.423950294E+06  -1.464530024E+45   4.327073662E+47   1.364056827E+51   1.364488070E+51   2.237417693E+51
   4.513850348E+06  -1.434897232E+45   4.248092611E+47   1.367809195E+51   1.368232569E+51   2.241162192E+51
   4.608301592E+06  -1.405023085E+45   4.167407537E+47   1.371618973E+51   1.372034309E+51   2.244963932E+51
   4.707376708E+06  -1.375250404E+45   4.084017285E+47   1.374839494E+51   1.375246520E+51   2.248176143E+51
   4.809103227E+06  -1.346133432E+45   4.004262075E+47   1.377507826E+51   1.377906906E+51   2.250836529E+51
   4.912924963E+06  -1.317665069E+45   3.924022263E+47   1.380346227E+51   1.380737312E+51   2.253666935E+51
