  0.0000000000E+000  0.0000000000E+000
  2.2316719414E+001  1.0660365091E+038
  1.0072383902E+004  3.5024511746E+042
  2.0165576819E+004  1.9873479380E+042
  3.0236935294E+004  1.3361416366E+042
  4.0367461227E+004  9.4838736443E+041
  5.0573320415E+004  7.2914734514E+041
  6.0830304659E+004  5.9382536505E+041
  7.1122420645E+004  5.0173425458E+041
  8.1257928139E+004  4.3552082209E+041
  9.1999182939E+004  3.7979745009E+041
  1.0239832579E+005  3.3426158274E+041
  1.1305178015E+005  2.9273547258E+041
  1.2367670626E+005  2.6047240935E+041
  1.3387661502E+005  2.3297553226E+041
  1.4415705742E+005  2.1274577374E+041
  1.5436633233E+005  1.9734893259E+041
  1.6433915202E+005  1.8118178458E+041
  1.7515782861E+005  1.6774365668E+041
  1.8568470318E+005  1.5625190828E+041
  1.9558072900E+005  1.4637492077E+041
  2.0618514033E+005  1.3707007936E+041
  2.1589571606E+005  1.2919450763E+041
  2.2623632652E+005  1.2170673267E+041
  2.3726716661E+005  1.1471196111E+041
  2.4703485959E+005  1.0919607932E+041
  2.5737081763E+005  1.0418675719E+041
  2.6841683697E+005  9.9339081670E+040
  2.7779604081E+005  9.6064986032E+040
  2.8764101548E+005  9.3121327706E+040
  2.9798143479E+005  9.0465686147E+040
  3.0884874325E+005  8.7938401344E+040
  3.2027642412E+005  8.5728028070E+040
  3.2923636985E+005  8.4367206573E+040
  3.3854765854E+005  8.3009329636E+040
  3.4822723054E+005  8.1853533909E+040
  3.5839680920E+005  8.0317750568E+040
  3.6897981831E+005  7.9065321790E+040
  3.7999714661E+005  7.8022796353E+040
  3.9147096035E+005  7.7083307444E+040
  4.0342474710E+005  7.6182115268E+040
  4.1167281601E+005  7.5629366929E+040
  4.2015296417E+005  7.5156367297E+040
  4.2887322454E+005  7.4718168390E+040
  4.3784194403E+005  7.4297007314E+040
  4.4716556766E+005  7.3412124607E+040
  4.5676082579E+005  7.2781789224E+040
  4.6663747081E+005  7.2359372065E+040
  4.7680563322E+005  7.2058678273E+040
  4.8727583934E+005  7.1823294383E+040
  4.9805903331E+005  7.1807172023E+040
  5.0916549518E+005  7.1840303502E+040
  5.2059246274E+005  7.1905291434E+040
  5.3240969988E+005  7.1224074136E+040
  5.4177883137E+005  7.1251680855E+040
  5.5186836123E+005  7.1322875609E+040
  5.6273368134E+005  7.1538178538E+040
  5.7443444271E+005  7.1850635720E+040
  5.8703488294E+005  7.2321479556E+040
  5.9596894489E+005  7.2774272122E+040
  6.0535529373E+005  7.3285244627E+040
  6.1521682648E+005  7.3861520823E+040
  6.2557759933E+005  7.3407250253E+040
  6.3646288630E+005  7.4007166574E+040
  6.4789924093E+005  7.4701127058E+040
  6.5991456100E+005  7.5551163247E+040
  6.7253815666E+005  7.6600135100E+040
  6.8580082185E+005  7.7807252450E+040
  6.9268185277E+005  7.8478302412E+040
  6.9973490946E+005  7.9199142148E+040
  7.0696429257E+005  7.9986079124E+040
  7.1437441026E+005  7.9070429702E+040
  7.2196978089E+005  7.9860922989E+040
  7.2975503578E+005  8.0708093219E+040
  7.3773492205E+005  8.1632395668E+040
  7.4591430547E+005  8.2658195018E+040
  7.5429817348E+005  8.3760932994E+040
  7.6289163819E+005  8.4940637168E+040
  7.7169993952E+005  8.6207951987E+040
  7.8072844838E+005  8.7566867594E+040
  7.8998266996E+005  8.9024226894E+040
  7.9946824709E+005  9.0582308582E+040
  8.0432960536E+005  8.9286152649E+040
  8.1441996213E+005  9.1001590506E+040
  8.2502114321E+005  9.2787691915E+040
  8.3615900909E+005  9.4716291593E+040
  8.4786072942E+005  9.6822585062E+040
  8.6015484934E+005  9.9119475434E+040
  8.7307135909E+005  1.0161713200E+041
  9.2520548700E+005  1.1015972732E+041
  9.8008820315E+005  1.2032869358E+041
  1.0375108482E+006  1.3348692025E+041
  1.0879120979E+006  1.4348151337E+041
  1.1426986326E+006  1.5683910067E+041
  1.2000206450E+006  1.6836155151E+041
  1.2542975466E+006  1.7978476804E+041
  1.3089022450E+006  1.9335135253E+041
  1.3555394457E+006  2.0215707389E+041
  1.4183690989E+006  2.1765751509E+041
  1.4725508807E+006  2.2865399955E+041
  1.5270598848E+006  2.4090395232E+041
  1.5790770801E+006  2.5077069089E+041
  1.6379297621E+006  2.6069647110E+041
  1.6905332281E+006  2.6992401585E+041
  1.7485976120E+006  2.7722105273E+041
  1.8650888098E+006  2.9091015458E+041
  1.9822835375E+006  2.9956691024E+041
  2.0941208595E+006  3.0425788660E+041
  2.1811210459E+006  3.0551167841E+041
  2.2971876929E+006  3.0433672224E+041
  2.4005892272E+006  3.0095713930E+041
  2.4992638937E+006  2.9839772370E+041
  2.5991830533E+006  2.9468898809E+041
  2.7041494315E+006  2.9039340924E+041
  2.8146391457E+006  2.8524222493E+041
  2.9257961450E+006  2.7988568886E+041
  3.0318717455E+006  2.7378628075E+041
  3.1266838094E+006  2.6830194136E+041
  3.2184385300E+006  2.6367137783E+041
  3.3260444637E+006  2.5798563364E+041
  3.4343002663E+006  2.5192008221E+041
  3.5376072946E+006  2.4455726997E+041
  3.6544897148E+006  2.3790042333E+041
  3.7589610866E+006  2.3026301055E+041
  3.8742779335E+006  2.2243858579E+041
  3.9685559263E+006  2.1460598067E+041
  4.0700830129E+006  2.0595935408E+041
  4.1794165807E+006  1.9677220693E+041
  4.2971568748E+006  1.8607397324E+041
  4.3806380122E+006  1.7845527438E+041
  4.4683453822E+006  1.6947335502E+041
  4.5604929378E+006  1.5976644691E+041
  4.6573054634E+006  1.5054352419E+041
  4.7579866437E+006  1.3924546202E+041
  4.8607692941E+006  1.2787043524E+041
  4.9656405734E+006  1.1545295404E+041
  5.0000000000E+006  1.1545295404E+041
