   0.000000000E+00   0.171849944E+05  -0.480624731E+01  -0.537145843E+01  -0.518131768E+01  -0.487624731E+01  -0.461871212E+01  -0.435364175E+01  -0.617392325E+01  -0.513131768E+01  -0.503378250E+01  -0.501624731E+01  -0.497871212E+01
   0.220696322E+02   0.171853773E+05  -0.480629198E+01  -0.537152261E+01  -0.518136886E+01  -0.487629198E+01  -0.461875354E+01  -0.435367667E+01  -0.617398417E+01  -0.513136886E+01  -0.503383042E+01  -0.501629198E+01  -0.497875354E+01
   0.100449279E+05   0.387361041E+05  -0.138985258E+02  -0.149265139E+02  -0.145025199E+02  -0.140085258E+02  -0.136485258E+02  -0.133145317E+02  -0.157065139E+02  -0.144825199E+02  -0.142185258E+02  -0.141085258E+02  -0.139845317E+02
   0.200892125E+05   0.263582541E+05  -0.143746703E+02  -0.152401421E+02  -0.148924062E+02  -0.144735382E+02  -0.141446703E+02  -0.138358023E+02  -0.160301421E+02  -0.148624062E+02  -0.146635382E+02  -0.145846703E+02  -0.144858023E+02
   0.301158413E+05   0.210086707E+05  -0.145485084E+02  -0.152700638E+02  -0.150011306E+02  -0.146348195E+02  -0.143385084E+02  -0.140521973E+02  -0.160700638E+02  -0.149674417E+02  -0.148048195E+02  -0.147585084E+02  -0.146921973E+02
   0.401954374E+05   0.174617040E+05  -0.146417882E+02  -0.152210955E+02  -0.150215573E+02  -0.147117882E+02  -0.144519036E+02  -0.141821345E+02  -0.160212110E+02  -0.149715573E+02  -0.148716727E+02  -0.148517882E+02  -0.148119036E+02
   0.503421983E+05   0.153447275E+05  -0.146533020E+02  -0.151125827E+02  -0.149872795E+02  -0.147233020E+02  -0.144819762E+02  -0.142406504E+02  -0.159225827E+02  -0.149286053E+02  -0.148646278E+02  -0.148719762E+02  -0.148506504E+02
   0.605334090E+05   0.139690468E+05  -0.146439151E+02  -0.149945402E+02  -0.149253040E+02  -0.147039151E+02  -0.144860678E+02  -0.142503733E+02  -0.158066930E+02  -0.148553040E+02  -0.148296095E+02  -0.148539151E+02  -0.148582206E+02
   0.707542569E+05   0.129837318E+05  -0.146156951E+02  -0.148718876E+02  -0.148551140E+02  -0.146730499E+02  -0.144709857E+02  -0.142536310E+02  -0.156945329E+02  -0.147824687E+02  -0.147804046E+02  -0.148283404E+02  -0.148509857E+02
   0.808153000E+05   0.122156372E+05  -0.145840156E+02  -0.147604324E+02  -0.147872240E+02  -0.146326573E+02  -0.144553739E+02  -0.142467322E+02  -0.155904324E+02  -0.147058657E+02  -0.147312990E+02  -0.148026573E+02  -0.148353739E+02
   0.914647620E+05   0.115413471E+05  -0.145489859E+02  -0.146442509E+02  -0.147116184E+02  -0.145895124E+02  -0.144284594E+02  -0.142279329E+02  -0.154742509E+02  -0.146221449E+02  -0.146800389E+02  -0.147595124E+02  -0.148084594E+02
   0.101779286E+06   0.109428242E+05  -0.145107641E+02  -0.145220116E+02  -0.146278082E+02  -0.145436048E+02  -0.143979235E+02  -0.142122421E+02  -0.153520116E+02  -0.145378082E+02  -0.146264455E+02  -0.147207641E+02  -0.147850828E+02
   0.112342082E+06   0.103430657E+05  -0.144614482E+02  -0.143836652E+02  -0.145404362E+02  -0.144914482E+02  -0.143619542E+02  -0.141924602E+02  -0.152189182E+02  -0.144451832E+02  -0.145609422E+02  -0.146767012E+02  -0.147572072E+02
   0.122872722E+06   0.979415332E+04  -0.144204763E+02  -0.142507729E+02  -0.144621516E+02  -0.144474222E+02  -0.143365845E+02  -0.141826927E+02  -0.150907729E+02  -0.143590975E+02  -0.145013140E+02  -0.146404763E+02  -0.147396386E+02
   0.132987700E+06   0.929906425E+04  -0.143800383E+02  -0.141136097E+02  -0.143770383E+02  -0.143996097E+02  -0.143108954E+02  -0.141717526E+02  -0.149544669E+02  -0.142666097E+02  -0.144387526E+02  -0.146000383E+02  -0.147208954E+02
   0.143182955E+06   0.887685053E+04  -0.143485929E+02  -0.139813973E+02  -0.142985683E+02  -0.143614465E+02  -0.142928856E+02  -0.141671784E+02  -0.148356900E+02  -0.141814219E+02  -0.143871538E+02  -0.145685929E+02  -0.147028856E+02
   0.153305671E+06   0.851747701E+04  -0.143232029E+02  -0.138671377E+02  -0.142317058E+02  -0.143301319E+02  -0.142793449E+02  -0.141654870E+02  -0.147271377E+02  -0.141086348E+02  -0.143439899E+02  -0.145432029E+02  -0.146924160E+02
   0.163191772E+06   0.816772437E+04  -0.142841002E+02  -0.137385384E+02  -0.141508380E+02  -0.142850628E+02  -0.142521751E+02  -0.141502501E+02  -0.145985384E+02  -0.140218006E+02  -0.142869879E+02  -0.145041002E+02  -0.146712126E+02
   0.173896594E+06   0.784869893E+04  -0.142475191E+02  -0.136058616E+02  -0.140642887E+02  -0.142427158E+02  -0.142271259E+02  -0.141367327E+02  -0.144706650E+02  -0.139342887E+02  -0.142283056E+02  -0.144675191E+02  -0.146519293E+02
   0.184324837E+06   0.757127396E+04  -0.142110635E+02  -0.134831388E+02  -0.139821622E+02  -0.142011856E+02  -0.142008194E+02  -0.141205752E+02  -0.143530167E+02  -0.138521622E+02  -0.141715518E+02  -0.144310635E+02  -0.146306973E+02
   0.194125286E+06   0.733292940E+04  -0.141684095E+02  -0.133566114E+02  -0.139020548E+02  -0.141538652E+02  -0.141674982E+02  -0.141056756E+02  -0.142311557E+02  -0.137629661E+02  -0.141147765E+02  -0.143884095E+02  -0.146065869E+02
   0.204624087E+06   0.710362690E+04  -0.141240869E+02  -0.132313267E+02  -0.138217490E+02  -0.141050446E+02  -0.141321713E+02  -0.140883403E+02  -0.141103689E+02  -0.136736645E+02  -0.140569602E+02  -0.143440869E+02  -0.145802558E+02
   0.214235067E+06   0.690659240E+04  -0.140811713E+02  -0.131088337E+02  -0.137431194E+02  -0.140549376E+02  -0.141005220E+02  -0.140667557E+02  -0.139919506E+02  -0.135900025E+02  -0.139955869E+02  -0.143011713E+02  -0.145505220E+02
   0.224466665E+06   0.671443381E+04  -0.140365537E+02  -0.129833923E+02  -0.136621310E+02  -0.140022375E+02  -0.140680279E+02  -0.140423440E+02  -0.138705503E+02  -0.135049730E+02  -0.139307633E+02  -0.142565537E+02  -0.145180279E+02
   0.235378008E+06   0.652987888E+04  -0.139898423E+02  -0.128564359E+02  -0.135786964E+02  -0.139487278E+02  -0.140331861E+02  -0.140165299E+02  -0.137475505E+02  -0.134164672E+02  -0.138653840E+02  -0.142109569E+02  -0.144843007E+02
   0.245037276E+06   0.638209091E+04  -0.139463374E+02  -0.127429366E+02  -0.135018608E+02  -0.139018897E+02  -0.139996804E+02  -0.139930233E+02  -0.136373843E+02  -0.133329655E+02  -0.138085468E+02  -0.141707850E+02  -0.144541280E+02
   0.255255994E+06   0.623929300E+04  -0.139050126E+02  -0.126339809E+02  -0.134283309E+02  -0.138573445E+02  -0.139680172E+02  -0.139710217E+02  -0.135316491E+02  -0.132529945E+02  -0.137543399E+02  -0.141326808E+02  -0.144256853E+02
   0.266141483E+06   0.609844115E+04  -0.138611830E+02  -0.125212533E+02  -0.133521241E+02  -0.138093713E+02  -0.139348066E+02  -0.139475243E+02  -0.134221592E+02  -0.131712182E+02  -0.136975595E+02  -0.140911830E+02  -0.143957125E+02
   0.275408698E+06   0.599481035E+04  -0.138273017E+02  -0.124322359E+02  -0.132931809E+02  -0.137704775E+02  -0.139109500E+02  -0.139311863E+02  -0.133356479E+02  -0.131097688E+02  -0.136536534E+02  -0.140573017E+02  -0.143743621E+02
   0.285134511E+06   0.589959677E+04  -0.137958144E+02  -0.123500908E+02  -0.132386673E+02  -0.137343850E+02  -0.138886732E+02  -0.139158174E+02  -0.132558055E+02  -0.130529526E+02  -0.136129556E+02  -0.140258144E+02  -0.143543880E+02
   0.295348195E+06   0.580227634E+04  -0.137667548E+02  -0.122692525E+02  -0.131860719E+02  -0.137006182E+02  -0.138690279E+02  -0.139032328E+02  -0.131773208E+02  -0.129980036E+02  -0.135744816E+02  -0.139967548E+02  -0.143370962E+02
   0.306080727E+06   0.571059117E+04  -0.137376170E+02  -0.121902691E+02  -0.131342492E+02  -0.136673109E+02  -0.138488417E+02  -0.138900664E+02  -0.131005752E+02  -0.129436369E+02  -0.135360862E+02  -0.139679232E+02  -0.143194540E+02
   0.317365053E+06   0.562190486E+04  -0.137076784E+02  -0.121051457E+02  -0.130790176E+02  -0.136350728E+02  -0.138281005E+02  -0.138785226E+02  -0.130177513E+02  -0.128838065E+02  -0.134946507E+02  -0.139402839E+02  -0.143033115E+02
   0.326211493E+06   0.555887017E+04  -0.136886712E+02  -0.120469155E+02  -0.130420331E+02  -0.136144313E+02  -0.138156304E+02  -0.138725897E+02  -0.129611553E+02  -0.128435535E+02  -0.134674721E+02  -0.139229110E+02  -0.142941101E+02
   0.335403831E+06   0.549517667E+04  -0.136694029E+02  -0.119880142E+02  -0.130045997E+02  -0.135935117E+02  -0.138029676E+02  -0.138665324E+02  -0.129039054E+02  -0.128028174E+02  -0.134399469E+02  -0.139052941E+02  -0.142847500E+02
   0.344958702E+06   0.543601807E+04  -0.136526454E+02  -0.119344456E+02  -0.129709705E+02  -0.135752204E+02  -0.137923454E+02  -0.138620453E+02  -0.128518706E+02  -0.127661205E+02  -0.134155204E+02  -0.138900704E+02  -0.142771953E+02
   0.354962007E+06   0.536781588E+04  -0.136303124E+02  -0.118696741E+02  -0.129291865E+02  -0.135511191E+02  -0.137770854E+02  -0.138538585E+02  -0.127888673E+02  -0.127208000E+02  -0.133843461E+02  -0.138695056E+02  -0.142654720E+02
   0.365404949E+06   0.530273805E+04  -0.136105536E+02  -0.118050609E+02  -0.128892235E+02  -0.135286652E+02  -0.137633861E+02  -0.138471628E+02  -0.127260050E+02  -0.126773351E+02  -0.133548885E+02  -0.138505536E+02  -0.142552744E+02
   0.376275104E+06   0.524383760E+04  -0.135928673E+02  -0.117431624E+02  -0.128518873E+02  -0.135077039E+02  -0.137506122E+02  -0.138409389E+02  -0.126657440E+02  -0.126367240E+02  -0.133273773E+02  -0.138328673E+02  -0.142457756E+02
   0.387594213E+06   0.518353722E+04  -0.135763615E+02  -0.116813936E+02  -0.128152647E+02  -0.134878454E+02  -0.137391357E+02  -0.138361680E+02  -0.126056517E+02  -0.125967485E+02  -0.133008131E+02  -0.138163615E+02  -0.142376519E+02
   0.399385315E+06   0.512505594E+04  -0.135603416E+02  -0.116214761E+02  -0.127797347E+02  -0.134685737E+02  -0.137279933E+02  -0.138315289E+02  -0.125473600E+02  -0.125579669E+02  -0.132750381E+02  -0.138003416E+02  -0.142297611E+02
   0.407520262E+06   0.508794278E+04  -0.135503716E+02  -0.115836481E+02  -0.127573834E+02  -0.134565402E+02  -0.137211186E+02  -0.138287814E+02  -0.125105638E+02  -0.125335520E+02  -0.132588775E+02  -0.137903716E+02  -0.142249500E+02
   0.415883385E+06   0.504793597E+04  -0.135413354E+02  -0.115445818E+02  -0.127350005E+02  -0.134452796E+02  -0.137154192E+02  -0.138275308E+02  -0.124726097E+02  -0.125089446E+02  -0.132431679E+02  -0.137813354E+02  -0.142214750E+02
   0.424482566E+06   0.501129820E+04  -0.135329494E+02  -0.115086945E+02  -0.127143917E+02  -0.134348564E+02  -0.137100888E+02  -0.138262747E+02  -0.124377410E+02  -0.124862987E+02  -0.132286705E+02  -0.137729494E+02  -0.142181818E+02
   0.433325993E+06   0.500000000E+04  -0.135261839E+02  -0.114934483E+02  -0.127038570E+02  -0.134274628E+02  -0.137042657E+02  -0.138217080E+02  -0.124228089E+02  -0.124751358E+02  -0.132200205E+02  -0.137661839E+02  -0.142129868E+02
   0.442470397E+06   0.500000000E+04  -0.135131751E+02  -0.114804395E+02  -0.126908482E+02  -0.134144540E+02  -0.136912569E+02  -0.138086992E+02  -0.124098001E+02  -0.124621270E+02  -0.132070117E+02  -0.137531751E+02  -0.141999780E+02
   0.451928642E+06   0.500000000E+04  -0.135038125E+02  -0.114710769E+02  -0.126814855E+02  -0.134050913E+02  -0.136818942E+02  -0.137993365E+02  -0.124004374E+02  -0.124527644E+02  -0.131976490E+02  -0.137438125E+02  -0.141906154E+02
   0.461663351E+06   0.500000000E+04  -0.134974926E+02  -0.114647570E+02  -0.126751657E+02  -0.133987715E+02  -0.136755744E+02  -0.137930167E+02  -0.123941176E+02  -0.124464445E+02  -0.131913291E+02  -0.137374926E+02  -0.141842955E+02
   0.471684464E+06   0.500000000E+04  -0.134929714E+02  -0.114602358E+02  -0.126706444E+02  -0.133942502E+02  -0.136710531E+02  -0.137884954E+02  -0.123895963E+02  -0.124419233E+02  -0.131868079E+02  -0.137329714E+02  -0.141797743E+02
   0.482002307E+06   0.500000000E+04  -0.134894189E+02  -0.114566833E+02  -0.126670920E+02  -0.133906978E+02  -0.136675007E+02  -0.137849430E+02  -0.123860439E+02  -0.124383709E+02  -0.131832555E+02  -0.137294189E+02  -0.141762218E+02
   0.492627612E+06   0.500000000E+04  -0.134891752E+02  -0.114564396E+02  -0.126668483E+02  -0.133904540E+02  -0.136672569E+02  -0.137846992E+02  -0.123858002E+02  -0.124381271E+02  -0.131830117E+02  -0.137291752E+02  -0.141759781E+02
   0.503571541E+06   0.500000000E+04  -0.134896760E+02  -0.114569404E+02  -0.126673491E+02  -0.133909549E+02  -0.136677578E+02  -0.137852001E+02  -0.123863010E+02  -0.124386279E+02  -0.131835126E+02  -0.137296760E+02  -0.141764789E+02
   0.514838697E+06   0.500000000E+04  -0.134906578E+02  -0.114579222E+02  -0.126683308E+02  -0.133919366E+02  -0.136687395E+02  -0.137861818E+02  -0.123872827E+02  -0.124396097E+02  -0.131844943E+02  -0.137306578E+02  -0.141774607E+02
   0.526428135E+06   0.500000000E+04  -0.134803227E+02  -0.114475871E+02  -0.126579957E+02  -0.133816015E+02  -0.136584044E+02  -0.137758467E+02  -0.123769476E+02  -0.124292746E+02  -0.131741592E+02  -0.137203227E+02  -0.141671256E+02
   0.538578362E+06   0.500000000E+04  -0.134807434E+02  -0.114480078E+02  -0.126584165E+02  -0.133820223E+02  -0.136588252E+02  -0.137762675E+02  -0.123773684E+02  -0.124296953E+02  -0.131745800E+02  -0.137207434E+02  -0.141675463E+02
   0.548421806E+06   0.500000000E+04  -0.134818278E+02  -0.114490921E+02  -0.126595008E+02  -0.133831066E+02  -0.136599095E+02  -0.137773518E+02  -0.123784527E+02  -0.124307797E+02  -0.131756643E+02  -0.137218278E+02  -0.141686306E+02
   0.559022118E+06   0.500000000E+04  -0.134851003E+02  -0.114523647E+02  -0.126627734E+02  -0.133863792E+02  -0.136631821E+02  -0.137806244E+02  -0.123817253E+02  -0.124340522E+02  -0.131789369E+02  -0.137251003E+02  -0.141719032E+02
   0.570437495E+06   0.500000000E+04  -0.134898322E+02  -0.114570966E+02  -0.126675052E+02  -0.133911110E+02  -0.136679139E+02  -0.137853562E+02  -0.123864571E+02  -0.124387841E+02  -0.131836687E+02  -0.137298322E+02  -0.141766351E+02
   0.582730607E+06   0.500000000E+04  -0.134969239E+02  -0.114641883E+02  -0.126745970E+02  -0.133982027E+02  -0.136750056E+02  -0.137924479E+02  -0.123935489E+02  -0.124458758E+02  -0.131907604E+02  -0.137369239E+02  -0.141837268E+02
   0.591446765E+06   0.500000000E+04  -0.135037003E+02  -0.114709647E+02  -0.126813734E+02  -0.134049792E+02  -0.136817821E+02  -0.137992244E+02  -0.124003253E+02  -0.124526522E+02  -0.131975369E+02  -0.137437003E+02  -0.141905032E+02
   0.600604179E+06   0.500000000E+04  -0.135112970E+02  -0.114785614E+02  -0.126889701E+02  -0.134125758E+02  -0.136893787E+02  -0.138068210E+02  -0.124079220E+02  -0.124602489E+02  -0.132051335E+02  -0.137512970E+02  -0.141980999E+02
   0.610225186E+06   0.500000000E+04  -0.135198013E+02  -0.114870656E+02  -0.126974743E+02  -0.134210801E+02  -0.136978830E+02  -0.138153253E+02  -0.124164262E+02  -0.124687532E+02  -0.132136378E+02  -0.137598013E+02  -0.142066041E+02
   0.620333258E+06   0.500000000E+04  -0.135131030E+02  -0.114803674E+02  -0.126907761E+02  -0.134143819E+02  -0.136911848E+02  -0.138086271E+02  -0.124097280E+02  -0.124620549E+02  -0.132069396E+02  -0.137531030E+02  -0.141999059E+02
   0.630953050E+06   0.500000000E+04  -0.135219401E+02  -0.114892045E+02  -0.126996131E+02  -0.134232189E+02  -0.137000218E+02  -0.138174641E+02  -0.124185651E+02  -0.124708920E+02  -0.132157766E+02  -0.137619401E+02  -0.142087430E+02
   0.642110469E+06   0.500000000E+04  -0.135320735E+02  -0.114993379E+02  -0.127097466E+02  -0.134333524E+02  -0.137101553E+02  -0.138275976E+02  -0.124286985E+02  -0.124810254E+02  -0.132259101E+02  -0.137720735E+02  -0.142188764E+02
   0.653832732E+06   0.500000000E+04  -0.135443585E+02  -0.115116229E+02  -0.127220316E+02  -0.134456374E+02  -0.137224403E+02  -0.138398826E+02  -0.124409835E+02  -0.124933104E+02  -0.132381951E+02  -0.137843585E+02  -0.142311614E+02
   0.666148435E+06   0.500000000E+04  -0.135593295E+02  -0.115265939E+02  -0.127370025E+02  -0.134606083E+02  -0.137374112E+02  -0.138548535E+02  -0.124559544E+02  -0.125082814E+02  -0.132531660E+02  -0.137993295E+02  -0.142461324E+02
   0.679087621E+06   0.500000000E+04  -0.135763058E+02  -0.115435702E+02  -0.127539789E+02  -0.134775847E+02  -0.137543876E+02  -0.138718299E+02  -0.124729308E+02  -0.125252577E+02  -0.132701424E+02  -0.138163058E+02  -0.142631087E+02
   0.685800822E+06   0.500000000E+04  -0.135856296E+02  -0.115528940E+02  -0.127633027E+02  -0.134869085E+02  -0.137637114E+02  -0.138811537E+02  -0.124822546E+02  -0.125345815E+02  -0.132794662E+02  -0.138256296E+02  -0.142724325E+02
   0.692681853E+06   0.500000000E+04  -0.135955568E+02  -0.115628212E+02  -0.127732299E+02  -0.134968357E+02  -0.137736386E+02  -0.138910809E+02  -0.124921818E+02  -0.125445087E+02  -0.132893934E+02  -0.138355568E+02  -0.142823597E+02
   0.699734909E+06   0.500000000E+04  -0.136062917E+02  -0.115735561E+02  -0.127839647E+02  -0.135075705E+02  -0.137843734E+02  -0.139018157E+02  -0.125029166E+02  -0.125552436E+02  -0.133001282E+02  -0.138462917E+02  -0.142930946E+02
   0.706964293E+06   0.500000000E+04  -0.135937909E+02  -0.115610553E+02  -0.127714640E+02  -0.134950697E+02  -0.137718726E+02  -0.138893149E+02  -0.124904159E+02  -0.125427428E+02  -0.132876274E+02  -0.138337909E+02  -0.142805938E+02
   0.714374410E+06   0.500000000E+04  -0.136045915E+02  -0.115718558E+02  -0.127822645E+02  -0.135058703E+02  -0.137826732E+02  -0.139001155E+02  -0.125012164E+02  -0.125535434E+02  -0.132984280E+02  -0.138445915E+02  -0.142913943E+02
   0.721969781E+06   0.500000000E+04  -0.136160484E+02  -0.115833127E+02  -0.127937214E+02  -0.135173272E+02  -0.137941301E+02  -0.139115724E+02  -0.125126733E+02  -0.125650003E+02  -0.133098849E+02  -0.138560484E+02  -0.143028513E+02
   0.729755036E+06   0.500000000E+04  -0.136284120E+02  -0.115956764E+02  -0.128060851E+02  -0.135296908E+02  -0.138064937E+02  -0.139239360E+02  -0.125250370E+02  -0.125773639E+02  -0.133222485E+02  -0.138684120E+02  -0.143152149E+02
   0.737734922E+06   0.500000000E+04  -0.136419704E+02  -0.116092348E+02  -0.128196435E+02  -0.135432493E+02  -0.138200522E+02  -0.139374945E+02  -0.125385954E+02  -0.125909223E+02  -0.133358070E+02  -0.138819704E+02  -0.143287733E+02
   0.745914305E+06   0.500000000E+04  -0.136563594E+02  -0.116236238E+02  -0.128340325E+02  -0.135576383E+02  -0.138344411E+02  -0.139518835E+02  -0.125529844E+02  -0.126053113E+02  -0.133501959E+02  -0.138963594E+02  -0.143431623E+02
   0.754298173E+06   0.500000000E+04  -0.136715444E+02  -0.116388088E+02  -0.128492175E+02  -0.135728233E+02  -0.138496262E+02  -0.139670685E+02  -0.125681694E+02  -0.126204963E+02  -0.133653810E+02  -0.139115444E+02  -0.143583473E+02
   0.762891638E+06   0.500000000E+04  -0.136876240E+02  -0.116548884E+02  -0.128652970E+02  -0.135889028E+02  -0.138657057E+02  -0.139831480E+02  -0.125842489E+02  -0.126365759E+02  -0.133814605E+02  -0.139276240E+02  -0.143744269E+02
   0.771699940E+06   0.500000000E+04  -0.137046052E+02  -0.116718696E+02  -0.128822782E+02  -0.136058840E+02  -0.138826869E+02  -0.140001292E+02  -0.126012301E+02  -0.126535571E+02  -0.133984417E+02  -0.139446052E+02  -0.143914081E+02
   0.780728448E+06   0.500000000E+04  -0.137225262E+02  -0.116897906E+02  -0.129001992E+02  -0.136238050E+02  -0.139006079E+02  -0.140180502E+02  -0.126191511E+02  -0.126714781E+02  -0.134163627E+02  -0.139625262E+02  -0.144093291E+02
   0.789982670E+06   0.500000000E+04  -0.137413641E+02  -0.117086285E+02  -0.129190372E+02  -0.136426429E+02  -0.139194458E+02  -0.140368882E+02  -0.126379891E+02  -0.126903160E+02  -0.134352006E+02  -0.139813641E+02  -0.144281670E+02
   0.799468247E+06   0.500000000E+04  -0.137345969E+02  -0.117018613E+02  -0.129122700E+02  -0.136358757E+02  -0.139126786E+02  -0.140301209E+02  -0.126312219E+02  -0.126835488E+02  -0.134284334E+02  -0.139745969E+02  -0.144213998E+02
   0.799468247E+06   0.500000000E+04  -0.137257159E+02  -0.116929803E+02  -0.129033890E+02  -0.136269948E+02  -0.139037977E+02  -0.140212400E+02  -0.126223409E+02  -0.126746678E+02  -0.134195524E+02  -0.139657159E+02  -0.144125188E+02
   0.809312498E+06   0.500000000E+04  -0.137463781E+02  -0.117136425E+02  -0.129240512E+02  -0.136476569E+02  -0.139244598E+02  -0.140419021E+02  -0.126430031E+02  -0.126953300E+02  -0.134402146E+02  -0.139863781E+02  -0.144331810E+02
   0.819655113E+06   0.500000000E+04  -0.137674816E+02  -0.117347460E+02  -0.129451546E+02  -0.136687604E+02  -0.139455633E+02  -0.140630056E+02  -0.126641065E+02  -0.127164335E+02  -0.134613181E+02  -0.140074816E+02  -0.144542845E+02
   0.830521324E+06   0.500000000E+04  -0.137898174E+02  -0.117570817E+02  -0.129674904E+02  -0.136910962E+02  -0.139678991E+02  -0.140853414E+02  -0.126864423E+02  -0.127387693E+02  -0.134836539E+02  -0.140298174E+02  -0.144766202E+02
   0.841937636E+06   0.500000000E+04  -0.138136973E+02  -0.117809617E+02  -0.129913704E+02  -0.137149762E+02  -0.139917791E+02  -0.141092214E+02  -0.127103223E+02  -0.127626492E+02  -0.135075339E+02  -0.140536973E+02  -0.145005002E+02
   0.853931900E+06   0.500000000E+04  -0.138391531E+02  -0.118064175E+02  -0.130168262E+02  -0.137404320E+02  -0.140172349E+02  -0.141346772E+02  -0.127357781E+02  -0.127881050E+02  -0.135329897E+02  -0.140791531E+02  -0.145259560E+02
   0.866533373E+06   0.500000000E+04  -0.138661730E+02  -0.118334374E+02  -0.130438460E+02  -0.137674518E+02  -0.140442547E+02  -0.141616970E+02  -0.127627979E+02  -0.128151249E+02  -0.135600095E+02  -0.141061730E+02  -0.145529759E+02
   0.920916285E+06   0.500000000E+04  -0.139538128E+02  -0.119210772E+02  -0.131314858E+02  -0.138550916E+02  -0.141318945E+02  -0.142493368E+02  -0.128504377E+02  -0.129027647E+02  -0.136476493E+02  -0.141938128E+02  -0.146406157E+02
   0.974460398E+06   0.500000000E+04  -0.140496786E+02  -0.120169430E+02  -0.132273517E+02  -0.139509575E+02  -0.142277604E+02  -0.143452027E+02  -0.129463036E+02  -0.129986306E+02  -0.137435152E+02  -0.142896786E+02  -0.147364815E+02
   0.103048249E+07   0.500000000E+04  -0.141623524E+02  -0.121296168E+02  -0.133400255E+02  -0.140636313E+02  -0.143404342E+02  -0.144578765E+02  -0.130589774E+02  -0.131113043E+02  -0.138561890E+02  -0.144023524E+02  -0.148491553E+02
   0.108363041E+07   0.500000000E+04  -0.142407455E+02  -0.122080099E+02  -0.134184186E+02  -0.141420244E+02  -0.144188273E+02  -0.145362696E+02  -0.131373705E+02  -0.131896974E+02  -0.139345820E+02  -0.144807455E+02  -0.149275484E+02
   0.113708069E+07   0.500000000E+04  -0.143373915E+02  -0.123046559E+02  -0.135150646E+02  -0.142386703E+02  -0.145154732E+02  -0.146329155E+02  -0.132340165E+02  -0.132863434E+02  -0.140312280E+02  -0.145773915E+02  -0.150241944E+02
   0.119300460E+07   0.500000000E+04  -0.144143629E+02  -0.123816273E+02  -0.135920360E+02  -0.143156418E+02  -0.145924447E+02  -0.147098870E+02  -0.133109879E+02  -0.133633148E+02  -0.141081995E+02  -0.146543629E+02  -0.151011658E+02
   0.124595768E+07   0.500000000E+04  -0.144856379E+02  -0.124529023E+02  -0.136633109E+02  -0.143869167E+02  -0.146637196E+02  -0.147811619E+02  -0.133822628E+02  -0.134345898E+02  -0.141794744E+02  -0.147256379E+02  -0.151724408E+02
   0.129923056E+07   0.500000000E+04  -0.145646237E+02  -0.125318881E+02  -0.137422967E+02  -0.144659025E+02  -0.147427054E+02  -0.148601477E+02  -0.134612486E+02  -0.135135756E+02  -0.142584602E+02  -0.148046237E+02  -0.152514266E+02
   0.135006813E+07   0.500000000E+04  -0.146198497E+02  -0.125871141E+02  -0.137975228E+02  -0.145211286E+02  -0.147979315E+02  -0.149153738E+02  -0.135164747E+02  -0.135688016E+02  -0.143136863E+02  -0.148598497E+02  -0.153066526E+02
   0.135006813E+07   0.500000000E+04  -0.146129780E+02  -0.125802424E+02  -0.137906511E+02  -0.145142568E+02  -0.147910597E+02  -0.149085020E+02  -0.135096030E+02  -0.135619299E+02  -0.143068145E+02  -0.148529780E+02  -0.152997809E+02
   0.141136535E+07   0.500000000E+04  -0.146931898E+02  -0.126604542E+02  -0.138708629E+02  -0.145944687E+02  -0.148712715E+02  -0.149887139E+02  -0.135898148E+02  -0.136421417E+02  -0.143870263E+02  -0.149331898E+02  -0.153799927E+02
   0.146422563E+07   0.500000000E+04  -0.147467026E+02  -0.127139670E+02  -0.139243757E+02  -0.146479815E+02  -0.149247844E+02  -0.150422267E+02  -0.136433276E+02  -0.136956546E+02  -0.144405392E+02  -0.149867026E+02  -0.154335055E+02
   0.151740515E+07   0.500000000E+04  -0.148033655E+02  -0.127706298E+02  -0.139810385E+02  -0.147046443E+02  -0.149814472E+02  -0.150988895E+02  -0.136999904E+02  -0.137523174E+02  -0.144972020E+02  -0.150433655E+02  -0.154901683E+02
   0.156815363E+07   0.500000000E+04  -0.148469476E+02  -0.128142120E+02  -0.140246206E+02  -0.147482264E+02  -0.150250293E+02  -0.151424716E+02  -0.137435726E+02  -0.137958995E+02  -0.145407841E+02  -0.150869476E+02  -0.155337505E+02
   0.162557088E+07   0.500000000E+04  -0.148890935E+02  -0.128563579E+02  -0.140667666E+02  -0.147903724E+02  -0.150671753E+02  -0.151846176E+02  -0.137857185E+02  -0.138380454E+02  -0.145829301E+02  -0.151290935E+02  -0.155758964E+02
   0.167689133E+07   0.500000000E+04  -0.149268595E+02  -0.128941238E+02  -0.141045325E+02  -0.148281383E+02  -0.151049412E+02  -0.152223835E+02  -0.138234844E+02  -0.138758114E+02  -0.146206960E+02  -0.151668595E+02  -0.156136624E+02
   0.173353951E+07   0.500000000E+04  -0.149558212E+02  -0.129230856E+02  -0.141334942E+02  -0.148571000E+02  -0.151339029E+02  -0.152513452E+02  -0.138524461E+02  -0.139047731E+02  -0.146496577E+02  -0.151958212E+02  -0.156426241E+02
   0.184718946E+07   0.500000000E+04  -0.150081528E+02  -0.129754172E+02  -0.141858259E+02  -0.149094317E+02  -0.151862346E+02  -0.153036769E+02  -0.139047778E+02  -0.139571048E+02  -0.147019894E+02  -0.152481528E+02  -0.156949557E+02
   0.196152578E+07   0.500000000E+04  -0.150399902E+02  -0.130072546E+02  -0.142176633E+02  -0.149412691E+02  -0.152180720E+02  -0.153355143E+02  -0.139366152E+02  -0.139889421E+02  -0.147338268E+02  -0.152799902E+02  -0.157267931E+02
   0.207063536E+07   0.500000000E+04  -0.150568603E+02  -0.130241246E+02  -0.142345333E+02  -0.149581391E+02  -0.152349420E+02  -0.153523843E+02  -0.139534852E+02  -0.140058122E+02  -0.147506968E+02  -0.152968603E+02  -0.157436631E+02
   0.216815925E+07   0.500000000E+04  -0.150614166E+02  -0.130286810E+02  -0.142390897E+02  -0.149626954E+02  -0.152394983E+02  -0.153569406E+02  -0.139580416E+02  -0.140103685E+02  -0.147552531E+02  -0.153014166E+02  -0.157482195E+02
   0.216815925E+07   0.500000000E+04  -0.150613252E+02  -0.130285896E+02  -0.142389982E+02  -0.149626040E+02  -0.152394069E+02  -0.153568492E+02  -0.139579501E+02  -0.140102771E+02  -0.147551617E+02  -0.153013252E+02  -0.157481281E+02
   0.228139500E+07   0.500000000E+04  -0.150571415E+02  -0.130244059E+02  -0.142348146E+02  -0.149584204E+02  -0.152352233E+02  -0.153526656E+02  -0.139537665E+02  -0.140060934E+02  -0.147509781E+02  -0.152971415E+02  -0.157439444E+02
   0.238227455E+07   0.500000000E+04  -0.150450173E+02  -0.130122817E+02  -0.142226903E+02  -0.149462961E+02  -0.152230990E+02  -0.153405413E+02  -0.139416422E+02  -0.139939692E+02  -0.147388538E+02  -0.152850173E+02  -0.157318202E+02
   0.247854252E+07   0.500000000E+04  -0.150357444E+02  -0.130030088E+02  -0.142134175E+02  -0.149370233E+02  -0.152138261E+02  -0.153312685E+02  -0.139323694E+02  -0.139846963E+02  -0.147295809E+02  -0.152757444E+02  -0.157225473E+02
   0.258746088E+07   0.500000000E+04  -0.150214188E+02  -0.129886832E+02  -0.141990918E+02  -0.149226976E+02  -0.151995005E+02  -0.153169428E+02  -0.139180437E+02  -0.139703707E+02  -0.147152553E+02  -0.152614188E+02  -0.157082217E+02
   0.258746088E+07   0.500000000E+04  -0.150221654E+02  -0.129894298E+02  -0.141998385E+02  -0.149234443E+02  -0.152002471E+02  -0.153176895E+02  -0.139187904E+02  -0.139711173E+02  -0.147160019E+02  -0.152621654E+02  -0.157089683E+02
   0.268986711E+07   0.500000000E+04  -0.150062225E+02  -0.129734869E+02  -0.141838956E+02  -0.149075014E+02  -0.151843043E+02  -0.153017466E+02  -0.139028475E+02  -0.139551744E+02  -0.147000591E+02  -0.152462225E+02  -0.156930254E+02
   0.279766195E+07   0.500000000E+04  -0.149867902E+02  -0.129540546E+02  -0.141644632E+02  -0.148880690E+02  -0.151648719E+02  -0.152823142E+02  -0.138834151E+02  -0.139357421E+02  -0.146806267E+02  -0.152267902E+02  -0.156735931E+02
   0.290610780E+07   0.500000000E+04  -0.149662074E+02  -0.129334718E+02  -0.141438804E+02  -0.148674862E+02  -0.151442891E+02  -0.152617314E+02  -0.138628323E+02  -0.139151593E+02  -0.146600439E+02  -0.152062074E+02  -0.156530103E+02
   0.300959619E+07   0.500000000E+04  -0.149422848E+02  -0.129095492E+02  -0.141199579E+02  -0.148435637E+02  -0.151203666E+02  -0.152378089E+02  -0.138389098E+02  -0.138912368E+02  -0.146361214E+02  -0.151822848E+02  -0.156290877E+02
   0.310209577E+07   0.500000000E+04  -0.149203152E+02  -0.128875796E+02  -0.140979882E+02  -0.148215940E+02  -0.150983969E+02  -0.152158392E+02  -0.138169401E+02  -0.138692671E+02  -0.146141517E+02  -0.151603152E+02  -0.156071181E+02
   0.320452897E+07   0.500000000E+04  -0.149014131E+02  -0.128686775E+02  -0.140790862E+02  -0.148026920E+02  -0.150794949E+02  -0.151969372E+02  -0.137980381E+02  -0.138503650E+02  -0.145952496E+02  -0.151414131E+02  -0.155882160E+02
   0.330951037E+07   0.500000000E+04  -0.148777444E+02  -0.128450088E+02  -0.140554175E+02  -0.147790233E+02  -0.150558262E+02  -0.151732685E+02  -0.137743694E+02  -0.138266964E+02  -0.145715810E+02  -0.151177444E+02  -0.155645473E+02
   0.341512579E+07   0.500000000E+04  -0.148519126E+02  -0.128191770E+02  -0.140295857E+02  -0.147531915E+02  -0.150299944E+02  -0.151474367E+02  -0.137485376E+02  -0.138008645E+02  -0.145457491E+02  -0.150919126E+02  -0.155387155E+02
   0.351591314E+07   0.500000000E+04  -0.148197071E+02  -0.127869715E+02  -0.139973801E+02  -0.147209859E+02  -0.149977888E+02  -0.151152311E+02  -0.137163321E+02  -0.137686590E+02  -0.145135436E+02  -0.150597071E+02  -0.155065100E+02
   0.362994476E+07   0.500000000E+04  -0.147897437E+02  -0.127570081E+02  -0.139674167E+02  -0.146910225E+02  -0.149678254E+02  -0.150852677E+02  -0.136863686E+02  -0.137386956E+02  -0.144835802E+02  -0.150297437E+02  -0.154765466E+02
   0.373186805E+07   0.500000000E+04  -0.147543161E+02  -0.127215805E+02  -0.139319892E+02  -0.146555949E+02  -0.149323978E+02  -0.150498401E+02  -0.136509411E+02  -0.137032680E+02  -0.144481526E+02  -0.149943161E+02  -0.154411190E+02
   0.384437229E+07   0.500000000E+04  -0.147167810E+02  -0.126840453E+02  -0.138944540E+02  -0.146180598E+02  -0.148948627E+02  -0.150123050E+02  -0.136134059E+02  -0.136657329E+02  -0.144106175E+02  -0.149567810E+02  -0.154035838E+02
   0.393635082E+07   0.500000000E+04  -0.146778602E+02  -0.126451246E+02  -0.138555333E+02  -0.145791390E+02  -0.148559419E+02  -0.149733842E+02  -0.135744852E+02  -0.136268121E+02  -0.143716967E+02  -0.149178602E+02  -0.153646631E+02
   0.403540164E+07   0.500000000E+04  -0.146332094E+02  -0.126004738E+02  -0.138108825E+02  -0.145344883E+02  -0.148112912E+02  -0.149287335E+02  -0.135298344E+02  -0.135821614E+02  -0.143270460E+02  -0.148732094E+02  -0.153200123E+02
   0.414206854E+07   0.500000000E+04  -0.145836650E+02  -0.125509294E+02  -0.137613381E+02  -0.144849439E+02  -0.147617468E+02  -0.148791891E+02  -0.134802900E+02  -0.135326169E+02  -0.142775016E+02  -0.148236650E+02  -0.152704679E+02
   0.425693712E+07   0.500000000E+04  -0.145229697E+02  -0.124902341E+02  -0.137006428E+02  -0.144242486E+02  -0.147010515E+02  -0.148184938E+02  -0.134195947E+02  -0.134719216E+02  -0.142168063E+02  -0.147629697E+02  -0.152097726E+02
   0.433838213E+07   0.500000000E+04  -0.144775791E+02  -0.124448435E+02  -0.136552522E+02  -0.143788580E+02  -0.146556608E+02  -0.147731032E+02  -0.133742041E+02  -0.134265310E+02  -0.141714156E+02  -0.147175791E+02  -0.151643820E+02
   0.442395029E+07   0.500000000E+04  -0.144215092E+02  -0.123887736E+02  -0.135991823E+02  -0.143227881E+02  -0.145995909E+02  -0.147170333E+02  -0.133181342E+02  -0.133704611E+02  -0.141153457E+02  -0.146615092E+02  -0.151083121E+02
   0.451385035E+07   0.500000000E+04  -0.143574696E+02  -0.123247340E+02  -0.135351426E+02  -0.142587484E+02  -0.145355513E+02  -0.146529936E+02  -0.132540946E+02  -0.133064215E+02  -0.140513061E+02  -0.145974696E+02  -0.150442725E+02
   0.460830159E+07   0.500000000E+04  -0.142929108E+02  -0.122601752E+02  -0.134705839E+02  -0.141941897E+02  -0.144709926E+02  -0.145884349E+02  -0.131895358E+02  -0.132418627E+02  -0.139867474E+02  -0.145329108E+02  -0.149797137E+02
   0.470737671E+07   0.500000000E+04  -0.142082083E+02  -0.121754727E+02  -0.133858813E+02  -0.141094871E+02  -0.143862900E+02  -0.145037323E+02  -0.131048332E+02  -0.131571602E+02  -0.139020448E+02  -0.144482083E+02  -0.148950112E+02
   0.480910323E+07   0.500000000E+04  -0.141156810E+02  -0.120829454E+02  -0.132933541E+02  -0.140169598E+02  -0.142937627E+02  -0.144112051E+02  -0.130123060E+02  -0.130646329E+02  -0.138095175E+02  -0.143556810E+02  -0.148024839E+02
   0.491292496E+07   0.500000000E+04  -0.140047683E+02  -0.119720327E+02  -0.131824413E+02  -0.139060471E+02  -0.141828500E+02  -0.143002923E+02  -0.129013932E+02  -0.129537202E+02  -0.136986048E+02  -0.142447683E+02  -0.146915712E+02
