  0.0000000000E+000  0.0000000000E+000
  2.2316719414E+001  9.8525756240E+033
  1.0072383902E+004  9.8524984282E+033
  2.0165576819E+004  9.8522004116E+033
  3.0236935294E+004  9.8516812224E+033
  4.0367461227E+004  9.8511621501E+033
  5.0573320415E+004  9.8502950593E+033
  6.0830304659E+004  9.8488154621E+033
  7.1122420645E+004  9.8464119514E+033
  8.1257928139E+004  9.8431271453E+033
  9.1999182939E+004  9.8387765560E+033
  1.0239832579E+005  9.8339096328E+033
  1.1305178015E+005  9.8283908196E+033
  1.2367670626E+005  9.8228513369E+033
  1.3387661502E+005  9.8174649126E+033
  1.4415705742E+005  9.8120959857E+033
  1.5436633233E+005  9.8066333157E+033
  1.6433915202E+005  9.8009657563E+033
  1.7515782861E+005  9.7941869272E+033
  1.8568470318E+005  9.7869223993E+033
  1.9558072900E+005  9.7793767984E+033
  2.0618514033E+005  9.7704150234E+033
  2.1589571606E+005  9.7615198416E+033
  2.2623632652E+005  9.7512562178E+033
  2.3726716661E+005  9.7393456982E+033
  2.4703485959E+005  9.7278760127E+033
  2.5737081763E+005  9.7152313448E+033
  2.6841683697E+005  9.7008032952E+033
  2.7779604081E+005  9.6880478574E+033
  2.8764101548E+005  9.6737145804E+033
  2.9798143479E+005  9.6592037425E+033
  3.0884874325E+005  9.6426676056E+033
  3.2027642412E+005  9.6249715271E+033
  3.2923636985E+005  9.6108326331E+033
  3.3854765854E+005  9.5958484754E+033
  3.4822723054E+005  9.5793733546E+033
  3.5839680920E+005  9.5615259498E+033
  3.6897981831E+005  9.5432753040E+033
  3.7999714661E+005  9.5225351760E+033
  3.9147096035E+005  9.5016605754E+033
  4.0342474710E+005  9.4785421988E+033
  4.1167281601E+005  9.4617794121E+033
  4.2015296417E+005  9.4462932694E+033
  4.2887322454E+005  9.4286373912E+033
  4.3784194403E+005  9.4087569189E+033
  4.4716556766E+005  9.3908936526E+033
  4.5676082579E+005  9.3673182497E+033
  4.6663747081E+005  9.3480330260E+033
  4.7680563322E+005  9.3259939256E+033
  4.8727583934E+005  9.2993771288E+033
  4.9805903331E+005  9.2784545596E+033
  5.0916549518E+005  9.2540930319E+033
  5.2059246274E+005  9.2243147789E+033
  5.3240969988E+005  9.2010155366E+033
  5.4177883137E+005  9.1757349291E+033
  5.5186836123E+005  9.1521698475E+033
  5.6273368134E+005  9.1287598532E+033
  5.7443444271E+005  9.0999700056E+033
  5.8703488294E+005  9.0690723855E+033
  5.9596894489E+005  9.0514564931E+033
  6.0535529373E+005  9.0311769043E+033
  6.1521682648E+005  9.0078061603E+033
  6.2557759933E+005  8.9841668669E+033
  6.3646288630E+005  8.9598735147E+033
  6.4789924093E+005  8.9318813757E+033
  6.5991456100E+005  8.9039724701E+033
  6.7253815666E+005  8.8797859218E+033
  6.8580082185E+005  8.8519536772E+033
  6.9268185277E+005  8.8364733992E+033
  6.9973490946E+005  8.8197685716E+033
  7.0696429257E+005  8.8033003856E+033
  7.1437441026E+005  8.7918208050E+033
  7.2196978089E+005  8.7746220292E+033
  7.2975503578E+005  8.7562955143E+033
  7.3773492205E+005  8.7364133790E+033
  7.4591430547E+005  8.7225799142E+033
  7.5429817348E+005  8.7078389541E+033
  7.6289163819E+005  8.6921529285E+033
  7.7169993952E+005  8.6754280823E+033
  7.8072844838E+005  8.6575667187E+033
  7.8998266996E+005  8.6384414052E+033
  7.9946824709E+005  8.6178206618E+033
  8.0432960536E+005  8.6133728156E+033
  8.1441996213E+005  8.5940658498E+033
  8.2502114321E+005  8.5730859151E+033
  8.3615900909E+005  8.5500694061E+033
  8.4786072942E+005  8.5295244306E+033
  8.6015484934E+005  8.5109102365E+033
  8.7307135909E+005  8.4905646633E+033
  9.2520548700E+005  8.4016239695E+033
  9.8008820315E+005  8.3127099807E+033
  1.0375108482E+006  8.2184684371E+033
  1.0879120979E+006  8.1448665604E+033
  1.1426986326E+006  8.0629850370E+033
  1.2000206450E+006  7.9738682209E+033
  1.2542975466E+006  7.8907744858E+033
  1.3089022450E+006  7.8137329963E+033
  1.3555394457E+006  7.7445211072E+033
  1.4183690989E+006  7.6543832759E+033
  1.4725508807E+006  7.5800815798E+033
  1.5270598848E+006  7.5040303842E+033
  1.5790770801E+006  7.4366812671E+033
  1.6379297621E+006  7.3596327514E+033
  1.6905332281E+006  7.2929130539E+033
  1.7485976120E+006  7.2216378087E+033
  1.8650888098E+006  7.0824356107E+033
  1.9822835375E+006  6.9486561056E+033
  2.0941208595E+006  6.8245193987E+033
  2.1811210459E+006  6.7311664862E+033
  2.2971876929E+006  6.6133625272E+033
  2.4005892272E+006  6.5123761284E+033
  2.4992638937E+006  6.4145963376E+033
  2.5991830533E+006  6.3226120253E+033
  2.7041494315E+006  6.2260613181E+033
  2.8146391457E+006  6.1202679434E+033
  2.9257961450E+006  6.0192424207E+033
  3.0318717455E+006  5.9180217173E+033
  3.1266838094E+006  5.8252230895E+033
  3.2184385300E+006  5.7367457812E+033
  3.3260444637E+006  5.6278545293E+033
  3.4343002663E+006  5.5182638654E+033
  3.5376072946E+006  5.4118900756E+033
  3.6544897148E+006  5.2844537479E+033
  3.7589610866E+006  5.1741601107E+033
  3.8742779335E+006  5.0521134819E+033
  3.9685559263E+006  4.9510031172E+033
  4.0700830129E+006  4.8410698951E+033
  4.1794165807E+006  4.7254769490E+033
  4.2971568748E+006  4.6000718281E+033
  4.3806380122E+006  4.5110926807E+033
  4.4683453822E+006  4.4147936215E+033
  4.5604929378E+006  4.3139936809E+033
  4.6573054634E+006  4.2074596204E+033
  4.7579866437E+006  4.0934462321E+033
  4.8607692941E+006  3.9748123658E+033
  4.9656405734E+006  3.8450864676E+033
  5.0000000000E+006  3.8450864676E+033
