  0.0000000000E+000  0.0000000000E+000
  2.2316719414E+001  1.3488964265E+042
  1.0072383902E+004  1.3488964265E+042
  2.0165576819E+004  1.3488964265E+042
  3.0236935294E+004  1.3488964265E+042
  4.0367461227E+004  1.3488964265E+042
  5.0573320415E+004  1.3488964265E+042
  6.0830304659E+004  1.3488964265E+042
  7.1122420645E+004  1.3488964265E+042
  8.1257928139E+004  1.3488964265E+042
  9.1999182939E+004  2.1496104726E+042
  1.0239832579E+005  2.1496104726E+042
  1.1305178015E+005  2.1496104726E+042
  1.2367670626E+005  2.1496104726E+042
  1.3387661502E+005  2.1496104726E+042
  1.4415705742E+005  2.1496104726E+042
  1.5436633233E+005  2.1496104726E+042
  1.6433915202E+005  2.1496104726E+042
  1.7515782861E+005  1.9794299273E+042
  1.8568470318E+005  1.9794299273E+042
  1.9558072900E+005  1.9794299273E+042
  2.0618514033E+005  1.9794299273E+042
  2.1589571606E+005  1.9794299273E+042
  2.2623632652E+005  1.9794299273E+042
  2.3726716661E+005  1.9794299273E+042
  2.4703485959E+005  1.9794299273E+042
  2.5737081763E+005  1.9794299273E+042
  2.6841683697E+005  1.8094777338E+042
  2.7779604081E+005  1.8094777338E+042
  2.8764101548E+005  1.8094777338E+042
  2.9798143479E+005  1.8094777338E+042
  3.0884874325E+005  1.8094777338E+042
  3.2027642412E+005  1.8094777338E+042
  3.2923636985E+005  1.8094777338E+042
  3.3854765854E+005  1.8094777338E+042
  3.4822723054E+005  1.8094777985E+042
  3.5839680920E+005  1.6550511723E+042
  3.6897981831E+005  1.6550511723E+042
  3.7999714661E+005  1.6550511723E+042
  3.9147096035E+005  1.6550511723E+042
  4.0342474710E+005  1.6550511723E+042
  4.1167281601E+005  1.6550511723E+042
  4.2015296417E+005  1.6550511723E+042
  4.2887322454E+005  1.6550511723E+042
  4.3784194403E+005  1.6550512316E+042
  4.4716556766E+005  1.5162920684E+042
  4.5676082579E+005  1.5162920684E+042
  4.6663747081E+005  1.5162920684E+042
  4.7680563322E+005  1.5162920684E+042
  4.8727583934E+005  1.5162920684E+042
  4.9805903331E+005  1.5162920684E+042
  5.0916549518E+005  1.5162920684E+042
  5.2059246274E+005  1.5162920684E+042
  5.3240969988E+005  1.3934398448E+042
  5.4177883137E+005  1.3934398448E+042
  5.5186836123E+005  1.3934398448E+042
  5.6273368134E+005  1.3934398448E+042
  5.7443444271E+005  1.3934398448E+042
  5.8703488294E+005  1.3934398448E+042
  5.9596894489E+005  1.3934398448E+042
  6.0535529373E+005  1.3934398448E+042
  6.1521682648E+005  1.3934399021E+042
  6.2557759933E+005  1.2799148915E+042
  6.3646288630E+005  1.2799148915E+042
  6.4789924093E+005  1.2799148915E+042
  6.5991456100E+005  1.2799148915E+042
  6.7253815666E+005  1.2799148915E+042
  6.8580082185E+005  1.2799148915E+042
  6.9268185277E+005  1.2799148915E+042
  6.9973490946E+005  1.2799148915E+042
  7.0696429257E+005  1.2799149582E+042
  7.1437441026E+005  1.1745813994E+042
  7.2196978089E+005  1.1745813994E+042
  7.2975503578E+005  1.1745813994E+042
  7.3773492205E+005  1.1745813994E+042
  7.4591430547E+005  1.1745813994E+042
  7.5429817348E+005  1.1745813994E+042
  7.6289163819E+005  1.1745813994E+042
  7.7169993952E+005  1.1745813994E+042
  7.8072844838E+005  1.1745813994E+042
  7.8998266996E+005  1.1745813994E+042
  7.9946824709E+005  1.1745814714E+042
  8.0432960536E+005  1.0801854404E+042
  8.1441996213E+005  1.0801854404E+042
  8.2502114321E+005  1.0801854404E+042
  8.3615900909E+005  1.0801854404E+042
  8.4786072942E+005  1.0801854404E+042
  8.6015484934E+005  1.0801854404E+042
  8.7307135909E+005  1.0801854404E+042
  9.2520548700E+005  1.0021412270E+042
  9.8008820315E+005  9.3803503707E+041
  1.0375108482E+006  9.3803503707E+041
  1.0879120979E+006  8.6943942225E+041
  1.1426986326E+006  8.6943942225E+041
  1.2000206450E+006  8.1711188891E+041
  1.2542975466E+006  7.6598616850E+041
  1.3089022450E+006  7.6598616850E+041
  1.3555394457E+006  7.1317147290E+041
  1.4183690989E+006  7.1317147290E+041
  1.4725508807E+006  6.7447756801E+041
  1.5270598848E+006  6.7447771351E+041
  1.5790770801E+006  6.3057538184E+041
  1.6379297621E+006  6.0077052018E+041
  1.6905332281E+006  6.0077052018E+041
  1.7485976120E+006  5.7097767026E+041
  1.8650888098E+006  5.4563323395E+041
  1.9822835375E+006  5.2045099393E+041
  2.0941208595E+006  4.7345557372E+041
  2.1811210459E+006  4.6127647973E+041
  2.2971876929E+006  4.4076758905E+041
  2.4005892272E+006  4.3015275957E+041
  2.4992638937E+006  4.1274450245E+041
  2.5991830533E+006  3.9920859561E+041
  2.7041494315E+006  3.8821396776E+041
  2.8146391457E+006  3.7642442532E+041
  2.9257961450E+006  3.6649583375E+041
  3.0318717455E+006  3.5711626066E+041
  3.1266838094E+006  3.4861089459E+041
  3.2184385300E+006  3.4246578346E+041
  3.3260444637E+006  3.3542230075E+041
  3.4343002663E+006  3.2662383525E+041
  3.5376072946E+006  3.2124052503E+041
  3.6544897148E+006  3.0777422263E+041
  3.7589610866E+006  3.0411037231E+041
  3.8742779335E+006  3.0004706771E+041
  3.9685559263E+006  2.9433835940E+041
  4.0700830129E+006  2.8879883863E+041
  4.1794165807E+006  2.8358541234E+041
  4.2971568748E+006  2.7882509077E+041
  4.3806380122E+006  2.7882791665E+041
  4.4683453822E+006  2.7294659747E+041
  4.5604929378E+006  2.7199734221E+041
  4.6573054634E+006  2.6798986553E+041
  4.7579866437E+006  2.6184411751E+041
  4.8607692941E+006  2.6042493964E+041
  4.9656405734E+006  2.5496185230E+041
  5.0000000000E+006  2.5036962298E+041
