  0.0000000000E+000  0.0000000000E+000
  2.2316719414E+001  1.3096526236E+012
  1.0072383902E+004  4.6724255064E+013
  2.0165576819E+004  7.6013703787E+013
  3.0236935294E+004  9.8110914039E+013
  4.0367461227E+004  1.1964866391E+014
  5.0573320415E+004  1.3585558883E+014
  6.0830304659E+004  1.4793946628E+014
  7.1122420645E+004  1.5740771858E+014
  8.1257928139E+004  1.6567631762E+014
  9.1999182939E+004  1.7332102135E+014
  1.0239832579E+005  1.8087252874E+014
  1.1305178015E+005  1.8946427499E+014
  1.2367670626E+005  1.9931284452E+014
  1.3387661502E+005  2.0910522266E+014
  1.4415705742E+005  2.1928093582E+014
  1.5436633233E+005  2.2939485403E+014
  1.6433915202E+005  2.3902500720E+014
  1.7515782861E+005  2.4906685280E+014
  1.8568470318E+005  2.5832293328E+014
  1.9558072900E+005  2.6654255070E+014
  2.0618514033E+005  2.7485223050E+014
  2.1589571606E+005  2.8228161478E+014
  2.2623632652E+005  2.8988565733E+014
  2.3726716661E+005  2.9756532428E+014
  2.4703485959E+005  3.0392454141E+014
  2.5737081763E+005  3.1061592542E+014
  2.6841683697E+005  3.1747579262E+014
  2.7779604081E+005  3.2308729909E+014
  2.8764101548E+005  3.2844914940E+014
  2.9798143479E+005  3.3468276105E+014
  3.0884874325E+005  3.4065546813E+014
  3.2027642412E+005  3.4704249238E+014
  3.2923636985E+005  3.5212916158E+014
  3.3854765854E+005  3.5742782124E+014
  3.4822723054E+005  3.6269799356E+014
  3.5839680920E+005  3.6846714339E+014
  3.6897981831E+005  3.7461131698E+014
  3.7999714661E+005  3.8054017159E+014
  3.9147096035E+005  3.8709356096E+014
  4.0342474710E+005  3.9365657823E+014
  4.1167281601E+005  3.9796879054E+014
  4.2015296417E+005  4.0303562401E+014
  4.2887322454E+005  4.0775644587E+014
  4.3784194403E+005  4.1217343037E+014
  4.4716556766E+005  4.1782951941E+014
  4.5676082579E+005  4.2215928171E+014
  4.6663747081E+005  4.2793365833E+014
  4.7680563322E+005  4.3334154267E+014
  4.8727583934E+005  4.3804095871E+014
  4.9805903331E+005  4.4435608889E+014
  5.0916549518E+005  4.5024306869E+014
  5.2059246274E+005  4.5532064364E+014
  5.3240969988E+005  4.6229482821E+014
  5.4177883137E+005  4.6635948184E+014
  5.5186836123E+005  4.7137548106E+014
  5.6273368134E+005  4.7711437664E+014
  5.7443444271E+005  4.8258842563E+014
  5.8703488294E+005  4.8839331083E+014
  5.9596894489E+005  4.9322307968E+014
  6.0535529373E+005  4.9794717696E+014
  6.1521682648E+005  5.0249364138E+014
  6.2557759933E+005  5.0749456171E+014
  6.3646288630E+005  5.1268600461E+014
  6.4789924093E+005  5.1762949757E+014
  6.5991456100E+005  5.2298906710E+014
  6.7253815666E+005  5.2943947228E+014
  6.8580082185E+005  5.3570974006E+014
  6.9268185277E+005  5.3874187737E+014
  6.9973490946E+005  5.4167340499E+014
  7.0696429257E+005  5.4476328344E+014
  7.1437441026E+005  5.4905570700E+014
  7.2196978089E+005  5.5231123178E+014
  7.2975503578E+005  5.5548582509E+014
  7.3773492205E+005  5.5851114317E+014
  7.4591430547E+005  5.6271692115E+014
  7.5429817348E+005  5.6690102669E+014
  7.6289163819E+005  5.7105562937E+014
  7.7169993952E+005  5.7516411019E+014
  7.8072844838E+005  5.7920840261E+014
  7.8998266996E+005  5.8316498348E+014
  7.9946824709E+005  5.8699680575E+014
  8.0432960536E+005  5.9020411738E+014
  8.1441996213E+005  5.9471905318E+014
  8.2502114321E+005  5.9927995057E+014
  8.3615900909E+005  6.0383392371E+014
  8.4786072942E+005  6.0918407786E+014
  8.6015484934E+005  6.1526412873E+014
  8.7307135909E+005  6.2144869311E+014
  9.2520548700E+005  6.4471734957E+014
  9.8008820315E+005  6.6881787423E+014
  1.0375108482E+006  6.9248558670E+014
  1.0879120979E+006  7.1402838144E+014
  1.1426986326E+006  7.3594647165E+014
  1.2000206450E+006  7.5716843822E+014
  1.2542975466E+006  7.7629416722E+014
  1.3089022450E+006  7.9564829160E+014
  1.3555394457E+006  8.1060807023E+014
  1.4183690989E+006  8.2998833849E+014
  1.4725508807E+006  8.4616147466E+014
  1.5270598848E+006  8.6098970394E+014
  1.5790770801E+006  8.7517909475E+014
  1.6379297621E+006  8.8978078679E+014
  1.6905332281E+006  9.0219853038E+014
  1.7485976120E+006  9.1517024979E+014
  1.8650888098E+006  9.3810949335E+014
  1.9822835375E+006  9.5708498823E+014
  2.0941208595E+006  9.7079222848E+014
  2.1811210459E+006  9.7891821562E+014
  2.2971876929E+006  9.8876950796E+014
  2.4005892272E+006  9.9747634978E+014
  2.4992638937E+006  1.0044840260E+015
  2.5991830533E+006  1.0160619845E+015
  2.7041494315E+006  1.0296632632E+015
  2.8146391457E+006  1.0445917370E+015
  2.9257961450E+006  1.0651555897E+015
  3.0318717455E+006  1.0843496079E+015
  3.1266838094E+006  1.1021852707E+015
  3.2184385300E+006  1.1202294601E+015
  3.3260444637E+006  1.1403594310E+015
  3.4343002663E+006  1.1604234098E+015
  3.5376072946E+006  1.1785098430E+015
  3.6544897148E+006  1.1967477349E+015
  3.7589610866E+006  1.2124642916E+015
  3.8742779335E+006  1.2283218163E+015
  3.9685559263E+006  1.2398578716E+015
  4.0700830129E+006  1.2507973397E+015
  4.1794165807E+006  1.2613454296E+015
  4.2971568748E+006  1.2705241200E+015
  4.3806380122E+006  1.2757127944E+015
  4.4683453822E+006  1.2794493082E+015
  4.5604929378E+006  1.2822544691E+015
  4.6573054634E+006  1.2841830189E+015
  4.7579866437E+006  1.2853469762E+015
  4.8607692941E+006  1.2870285853E+015
  4.9656405734E+006  1.2890720278E+015
  5.0000000000E+006  1.2890720278E+015
