  0.0000000000E+000  0.0000000000E+000
  2.2316719414E+001 -4.1207846016E+003
  1.0072383902E+004  4.8912965998E+009
  2.0165576819E+004  3.8633282365E+009
  3.0236935294E+004  3.2948486440E+009
  4.0367461227E+004  2.9964773957E+009
  5.0573320415E+004  2.7087138173E+009
  6.0830304659E+004  2.4476449568E+009
  7.1122420645E+004  2.2242701422E+009
  8.1257928139E+004  2.0469435572E+009
  9.1999182939E+004  1.8897968273E+009
  1.0239832579E+005  1.7708166865E+009
  1.1305178015E+005  1.6794326222E+009
  1.2367670626E+005  1.6145195018E+009
  1.3387661502E+005  1.5644853764E+009
  1.4415705742E+005  1.5233742617E+009
  1.5436633233E+005  1.4880344594E+009
  1.6433915202E+005  1.4562369967E+009
  1.7515782861E+005  1.4235261307E+009
  1.8568470318E+005  1.3925848888E+009
  1.9558072900E+005  1.3640733421E+009
  2.0618514033E+005  1.3341442772E+009
  2.1589571606E+005  1.3084886348E+009
  2.2623632652E+005  1.2822342746E+009
  2.3726716661E+005  1.2549316009E+009
  2.4703485959E+005  1.2310061475E+009
  2.5737081763E+005  1.2075228256E+009
  2.6841683697E+005  1.1833417121E+009
  2.7779604081E+005  1.1635544427E+009
  2.8764101548E+005  1.1423362108E+009
  2.9798143479E+005  1.1235913077E+009
  3.0884874325E+005  1.1033724332E+009
  3.2027642412E+005  1.0839294585E+009
  3.2923636985E+005  1.0698711183E+009
  3.3854765854E+005  1.0560887776E+009
  3.4822723054E+005  1.0418592847E+009
  3.5839680920E+005  1.0283865590E+009
  3.6897981831E+005  1.0155356818E+009
  3.7999714661E+005  1.0016873359E+009
  3.9147096035E+005  9.8906215408E+008
  4.0342474710E+005  9.7601671569E+008
  4.1167281601E+005  9.6693164986E+008
  4.2015296417E+005  9.5947082954E+008
  4.2887322454E+005  9.5096463747E+008
  4.3784194403E+005  9.4156795946E+008
  4.4716556766E+005  9.3458052771E+008
  4.5676082579E+005  9.2442122644E+008
  4.6663747081E+005  9.1722594778E+008
  4.7680563322E+005  9.0900315284E+008
  4.8727583934E+005  8.9911032619E+008
  4.9805903331E+005  8.9232050163E+008
  5.0916549518E+005  8.8441460602E+008
  5.2059246274E+005  8.7475077927E+008
  5.3240969988E+005  8.6843167442E+008
  5.4177883137E+005  8.6091284371E+008
  5.5186836123E+005  8.5425954289E+008
  5.6273368134E+005  8.4796110455E+008
  5.7443444271E+005  8.4021517363E+008
  5.8703488294E+005  8.3206563578E+008
  5.9596894489E+005  8.2769474749E+008
  6.0535529373E+005  8.2266291400E+008
  6.1521682648E+005  8.1686406985E+008
  6.2557759933E+005  8.1132745497E+008
  6.3646288630E+005  8.0560632096E+008
  6.4789924093E+005  7.9901409096E+008
  6.5991456100E+005  7.9258576721E+008
  6.7253815666E+005  7.8729859109E+008
  6.8580082185E+005  7.8121443999E+008
  6.9268185277E+005  7.7783042931E+008
  6.9973490946E+005  7.7417872349E+008
  7.0696429257E+005  7.7063175039E+008
  7.1437441026E+005  7.6864653209E+008
  7.2196978089E+005  7.6506851942E+008
  7.2975503578E+005  7.6125588973E+008
  7.3773492205E+005  7.5712147955E+008
  7.4591430547E+005  7.5445720898E+008
  7.5429817348E+005  7.5161815321E+008
  7.6289163819E+005  7.4859707685E+008
  7.7169993952E+005  7.4537592266E+008
  7.8072844838E+005  7.4193587426E+008
  7.8998266996E+005  7.3825238805E+008
  7.9946824709E+005  7.3428550993E+008
  8.0432960536E+005  7.3383539593E+008
  8.1441996213E+005  7.3028682588E+008
  8.2502114321E+005  7.2643076832E+008
  8.3615900909E+005  7.2220039074E+008
  8.4786072942E+005  7.1854293562E+008
  8.6015484934E+005  7.1534138092E+008
  8.7307135909E+005  7.1184203436E+008
  9.2520548700E+005  6.9688065481E+008
  9.8008820315E+005  6.8244814156E+008
  1.0375108482E+006  6.6749073607E+008
  1.0879120979E+006  6.5637134791E+008
  1.1426986326E+006  6.4408573491E+008
  1.2000206450E+006  6.3100803275E+008
  1.2542975466E+006  6.1895521051E+008
  1.3089022450E+006  6.0792546406E+008
  1.3555394457E+006  5.9805126045E+008
  1.4183690989E+006  5.8523069192E+008
  1.4725508807E+006  5.7468810303E+008
  1.5270598848E+006  5.6389288943E+008
  1.5790770801E+006  5.5431199103E+008
  1.6379297621E+006  5.4332029322E+008
  1.6905332281E+006  5.3376968948E+008
  1.7485976120E+006  5.2347575899E+008
  1.8650888098E+006  5.0310616292E+008
  1.9822835375E+006  4.8296633214E+008
  2.0941208595E+006  4.6375484857E+008
  2.1811210459E+006  4.4901541083E+008
  2.2971876929E+006  4.3066685795E+008
  2.4005892272E+006  4.1579246720E+008
  2.4992638937E+006  4.0223016187E+008
  2.5991830533E+006  3.9127195977E+008
  2.7041494315E+006  3.8116252896E+008
  2.8146391457E+006  3.7155255023E+008
  2.9257961450E+006  3.6450185321E+008
  3.0318717455E+006  3.5811123322E+008
  3.1266838094E+006  3.5297976349E+008
  3.2184385300E+006  3.4854264397E+008
  3.3260444637E+006  3.4333919420E+008
  3.4343002663E+006  3.3837761586E+008
  3.5376072946E+006  3.3362648744E+008
  3.6544897148E+006  3.2796640618E+008
  3.7589610866E+006  3.2304874290E+008
  3.8742779335E+006  3.1754238140E+008
  3.9685559263E+006  3.1291764038E+008
  4.0700830129E+006  3.0781157332E+008
  4.1794165807E+006  3.0229529634E+008
  4.2971568748E+006  2.9616279675E+008
  4.3806380122E+006  2.9171524377E+008
  4.4683453822E+006  2.8684028134E+008
  4.5604929378E+006  2.8167857191E+008
  4.6573054634E+006  2.7626473541E+008
  4.7579866437E+006  2.7069704066E+008
  4.8607692941E+006  2.6534760581E+008
  4.9656405734E+006  2.6015294271E+008
  5.0000000000E+006  2.6015294271E+008
