   0.000000000E+00  -2.096069546E+51   1.219185881E+51   3.954042005E+48  -8.729296230E+50   0.000000000E+00
   2.206939177E+01  -1.734919215E+50   5.429642764E+50   7.473837622E+50   1.116856117E+51   1.989785740E+51
   1.004485632E+04  -6.476250849E+47   1.897562436E+48   1.122053402E+51   1.123303339E+51   1.996232962E+51
   2.008931903E+04  -3.241615841E+47   9.118858552E+47   1.122717902E+51   1.123305627E+51   1.996235250E+51
   3.011598630E+04  -2.163575669E+47   6.038254849E+47   1.122923011E+51   1.123310479E+51   1.996240102E+51
   4.019564994E+04  -1.621281141E+47   4.573177655E+47   1.123023734E+51   1.123318924E+51   1.996248547E+51
   5.034252964E+04  -1.294438184E+47   3.737700180E+47   1.123084814E+51   1.123329140E+51   1.996258763E+51
   6.053389108E+04  -1.076368154E+47   3.214055828E+47   1.123126577E+51   1.123340345E+51   1.996269968E+51
   7.075489513E+04  -9.207289081E+46   2.867052096E+47   1.123157567E+51   1.123352199E+51   1.996281822E+51
   8.081607927E+04  -8.059650348E+46   2.633010438E+47   1.123181641E+51   1.123364345E+51   1.996293968E+51
   9.146562954E+04  -7.118436216E+46   2.501715835E+47   1.123855883E+51   1.124034870E+51   1.996964494E+51
   1.017807861E+05  -6.395904064E+46   2.461196468E+47   1.123874689E+51   1.124056850E+51   1.996986473E+51
   1.123484783E+05  -5.793248417E+46   2.447548975E+47   1.123892972E+51   1.124079794E+51   1.997009417E+51
   1.228927017E+05  -5.295219294E+46   2.453667487E+47   1.123910570E+51   1.124102984E+51   1.997032607E+51
   1.330307851E+05  -4.891155987E+46   2.473416841E+47   1.123927030E+51   1.124125460E+51   1.997055083E+51
   1.432633522E+05  -4.541385187E+46   2.504314028E+47   1.123943255E+51   1.124148272E+51   1.997077895E+51
   1.534398463E+05  -4.239789754E+46   2.544145734E+47   1.123959035E+51   1.124171052E+51   1.997100675E+51
   1.633960228E+05  -3.981067207E+46   2.590647186E+47   1.123974150E+51   1.124193404E+51   1.997123027E+51
   1.741971782E+05  -3.733033816E+46   2.645597140E+47   1.124618404E+51   1.124845633E+51   1.997775256E+51
   1.847320955E+05  -3.519750154E+46   2.687181441E+47   1.124633666E+51   1.124867187E+51   1.997796810E+51
   1.946499203E+05  -3.340047131E+46   2.732397027E+47   1.124647642E+51   1.124887481E+51   1.997817104E+51
   2.052905013E+05  -3.166547590E+46   2.786567468E+47   1.124662264E+51   1.124909255E+51   1.997838879E+51
   2.150430588E+05  -3.022603364E+46   2.840685349E+47   1.124675369E+51   1.124929211E+51   1.997858834E+51
   2.254346392E+05  -2.882930303E+46   2.902446777E+47   1.124689058E+51   1.124950473E+51   1.997880096E+51
   2.365236920E+05  -2.747418515E+46   2.972423198E+47   1.124703391E+51   1.124973159E+51   1.997902782E+51
   2.463437571E+05  -2.637601171E+46   3.037458520E+47   1.124715876E+51   1.124993246E+51   1.997922869E+51
   2.567338584E+05  -2.530558231E+46   3.109015089E+47   1.124728898E+51   1.125014494E+51   1.997944117E+51
   2.678326148E+05  -2.424822492E+46   3.173164334E+47   1.125387255E+51   1.125680323E+51   1.998609946E+51
   2.772509938E+05  -2.342201379E+46   3.227273206E+47   1.125398687E+51   1.125697992E+51   1.998627615E+51
   2.871343795E+05  -2.261332789E+46   3.286279843E+47   1.125410501E+51   1.125716516E+51   1.998646139E+51
   2.975128497E+05  -2.182200725E+46   3.350432085E+47   1.125422726E+51   1.125735947E+51   1.998665570E+51
   3.084186570E+05  -2.104790938E+46   3.419992203E+47   1.125435393E+51   1.125756344E+51   1.998685967E+51
   3.198864053E+05  -2.029090686E+46   3.495234404E+47   1.125448535E+51   1.125777768E+51   1.998707391E+51
   3.288782380E+05  -1.973430429E+46   3.555571339E+47   1.125458724E+51   1.125794547E+51   1.998724170E+51
   3.382236889E+05  -1.918720838E+46   3.619403638E+47   1.125469215E+51   1.125811968E+51   1.998741591E+51
   3.479403754E+05  -1.864575787E+46   3.681864776E+47   1.126107972E+51   1.126457513E+51   1.999387136E+51
   3.581554465E+05  -1.811213571E+46   3.739249869E+47   1.126119210E+51   1.126475023E+51   1.999404646E+51
   3.687884530E+05  -1.758812374E+46   3.800511838E+47   1.126130756E+51   1.126493219E+51   1.999422842E+51
   3.798605283E+05  -1.707369407E+46   3.865801285E+47   1.126142627E+51   1.126512133E+51   1.999441756E+51
   3.913940262E+05  -1.656881833E+46   3.935289393E+47   1.126154842E+51   1.126531802E+51   1.999461425E+51
   4.034126101E+05  -1.607346626E+46   4.009161625E+47   1.126167422E+51   1.126552265E+51   1.999481888E+51
   4.117068146E+05  -1.574850637E+46   4.060941615E+47   1.126176021E+51   1.126566367E+51   1.999495990E+51
   4.202355280E+05  -1.542775433E+46   4.114817062E+47   1.126184798E+51   1.126580852E+51   1.999510475E+51
   4.290068631E+05  -1.511119929E+46   4.170850288E+47   1.126193759E+51   1.126595733E+51   1.999525356E+51
   4.380292577E+05  -1.479566270E+46   4.222450664E+47   1.126924604E+51   1.127332054E+51   2.000261677E+51
   4.474123443E+05  -1.448417362E+46   4.270739352E+47   1.126934039E+51   1.127346629E+51   2.000276252E+51
   4.570724422E+05  -1.417694261E+46   4.321357557E+47   1.126943651E+51   1.127361610E+51   2.000291233E+51
   4.670171339E+05  -1.387395839E+46   4.374365747E+47   1.126953447E+51   1.127377010E+51   2.000306633E+51
   4.772565454E+05  -1.357520968E+46   4.429833474E+47   1.126963433E+51   1.127392841E+51   2.000322464E+51
   4.878011955E+05  -1.328068498E+46   4.487837941E+47   1.126973617E+51   1.127409120E+51   2.000338743E+51
   4.986620195E+05  -1.299037232E+46   4.548460699E+47   1.126984006E+51   1.127425861E+51   2.000355485E+51
   5.098503951E+05  -1.270425901E+46   4.611785924E+47   1.126994608E+51   1.127443083E+51   2.000372706E+51
   5.213781702E+05  -1.242234847E+46   4.677895321E+47   1.127005432E+51   1.127460799E+51   2.000390422E+51
   5.333140858E+05  -1.214068698E+46   4.732061973E+47   1.127882904E+51   1.128343969E+51   2.001273593E+51
   5.333140858E+05  -1.221015978E+46   4.718154625E+47   1.127881491E+51   1.128341096E+51   2.001270719E+51
   5.460606903E+05  -1.191983907E+46   4.777896688E+47   1.127893277E+51   1.128359147E+51   2.001288770E+51
   5.564817548E+05  -1.169254632E+46   4.827685261E+47   1.127902806E+51   1.128373882E+51   2.001303505E+51
   5.677041014E+05  -1.145727430E+46   4.882182208E+47   1.127912966E+51   1.128389727E+51   2.001319350E+51
   5.797893412E+05  -1.121427428E+46   4.941823353E+47   1.127923796E+51   1.128406764E+51   2.001336387E+51
   5.883581118E+05  -1.104813236E+46   4.984675925E+47   1.127931410E+51   1.128418829E+51   2.001348452E+51
   5.973606764E+05  -1.087880051E+46   5.030177441E+47   1.127939353E+51   1.128431492E+51   2.001361115E+51
   6.068189958E+05  -1.070639828E+46   5.078487415E+47   1.127947639E+51   1.128444782E+51   2.001374405E+51
   6.167561427E+05  -1.053020267E+46   5.123718441E+47   1.128828469E+51   1.129330311E+51   2.002259934E+51
   6.271963576E+05  -1.035208081E+46   5.166430708E+47   1.128837472E+51   1.129343763E+51   2.002273386E+51
   6.381651083E+05  -1.017131853E+46   5.212105948E+47   1.128846838E+51   1.129357877E+51   2.002287500E+51
   6.496891521E+05  -9.988081814E+45   5.260920274E+47   1.128856581E+51   1.129372685E+51   2.002302308E+51
   6.617966006E+05  -9.802547359E+45   5.313057336E+47   1.128866716E+51   1.129388219E+51   2.002317842E+51
   6.745169887E+05  -9.614901970E+45   5.368717371E+47   1.128877258E+51   1.129404515E+51   2.002334138E+51
   6.878813465E+05  -9.425341931E+45   5.428112382E+47   1.128888224E+51   1.129421610E+51   2.002351233E+51
   6.948151382E+05  -9.329907666E+45   5.459279453E+47   1.128893871E+51   1.129430469E+51   2.002360092E+51
   7.019222748E+05  -9.234072259E+45   5.491464179E+47   1.128899630E+51   1.129439543E+51   2.002369166E+51
   7.092070898E+05  -9.137026277E+45   5.516107931E+47   1.130076599E+51   1.130619073E+51   2.003548696E+51
   7.166740252E+05  -9.040478642E+45   5.542381134E+47   1.130082584E+51   1.130627782E+51   2.003557405E+51
   7.243276339E+05  -8.943611754E+45   5.569656194E+47   1.130088679E+51   1.130636701E+51   2.003566324E+51
   7.321725829E+05  -8.846453695E+45   5.597955809E+47   1.130094885E+51   1.130645834E+51   2.003575457E+51
   7.402136555E+05  -8.749032895E+45   5.627304087E+47   1.130101205E+51   1.130655187E+51   2.003584810E+51
   7.484557550E+05  -8.651378097E+45   5.657728539E+47   1.130107641E+51   1.130664762E+51   2.003594385E+51
   7.569039070E+05  -8.553518327E+45   5.689259017E+47   1.130114195E+51   1.130674567E+51   2.003604190E+51
   7.655632628E+05  -8.455482856E+45   5.721928050E+47   1.130120868E+51   1.130684606E+51   2.003614229E+51
   7.744391025E+05  -8.357301170E+45   5.755768493E+47   1.130127665E+51   1.130694884E+51   2.003624507E+51
   7.835368382E+05  -8.259002931E+45   5.790813870E+47   1.130134586E+51   1.130705408E+51   2.003635031E+51
   7.928620173E+05  -8.160617941E+45   5.827097777E+47   1.130141634E+51   1.130716183E+51   2.003645806E+51
   8.024203258E+05  -8.061600697E+45   5.855012141E+47   1.131353818E+51   1.131931258E+51   2.004860881E+51
   8.024203258E+05  -8.110519442E+45   5.840974640E+47   1.131351977E+51   1.131927964E+51   2.004857587E+51
   8.123400579E+05  -8.009636820E+45   5.870703123E+47   1.131359383E+51   1.131938443E+51   2.004868066E+51
   8.227619764E+05  -7.906315002E+45   5.902479282E+47   1.131367098E+51   1.131949440E+51   2.004879063E+51
   8.337115046E+05  -7.800594963E+45   5.936419954E+47   1.131375134E+51   1.131960976E+51   2.004890599E+51
   8.452153526E+05  -7.692525582E+45   5.972652607E+47   1.131383504E+51   1.131973076E+51   2.004902699E+51
   8.573015829E+05  -7.582163783E+45   6.011317080E+47   1.131392219E+51   1.131985768E+51   2.004915391E+51
   8.699996786E+05  -7.469574638E+45   6.052561923E+47   1.131401294E+51   1.131999081E+51   2.004928704E+51
   9.247995759E+05  -7.046652058E+45   6.196213091E+47   1.132713011E+51   1.133325585E+51   2.006255208E+51
   9.787542430E+05  -6.650309132E+45   6.343288247E+47   1.134012797E+51   1.134640476E+51   2.007570099E+51
   1.035205890E+06  -6.281063655E+45   6.470754239E+47   1.134049398E+51   1.134690192E+51   2.007619815E+51
   1.088761327E+06  -5.988821594E+45   6.576752029E+47   1.135628120E+51   1.136279806E+51   2.009209429E+51
   1.142621439E+06  -5.700841769E+45   6.678889005E+47   1.135660655E+51   1.136322843E+51   2.009252466E+51
   1.198974155E+06  -5.427396666E+45   6.763047484E+47   1.137418921E+51   1.138089798E+51   2.011019421E+51
   1.252333252E+06  -5.191614398E+45   6.837807237E+47   1.139280828E+51   1.139959417E+51   2.012889040E+51
   1.306014602E+06  -4.974456609E+45   6.896333547E+47   1.139310011E+51   1.139994670E+51   2.012924293E+51
   1.357241979E+06  -4.783226743E+45   6.946828710E+47   1.141366066E+51   1.142055966E+51   2.014985589E+51
   1.357241979E+06  -4.802583254E+45   6.942679209E+47   1.141364652E+51   1.142054117E+51   2.014983740E+51
   1.419009203E+06  -4.589311743E+45   6.992620550E+47   1.141396064E+51   1.142090736E+51   2.015020359E+51
   1.472274788E+06  -4.419835579E+45   7.020151952E+47   1.143705599E+51   1.144403195E+51   2.017332818E+51
   1.525862063E+06  -4.261484197E+45   7.044626764E+47   1.146037151E+51   1.146737352E+51   2.019666975E+51
   1.576999664E+06  -4.120779673E+45   7.054358261E+47   1.146060658E+51   1.146761973E+51   2.019691596E+51
   1.634857166E+06  -3.972242624E+45   7.060232263E+47   1.148663126E+51   1.149365177E+51   2.022294800E+51
   1.686571124E+06  -3.848367506E+45   7.057926284E+47   1.148685352E+51   1.149387296E+51   2.022316919E+51
   1.743653658E+06  -3.720153888E+45   7.043903666E+47   1.151555525E+51   1.152256195E+51   2.025185818E+51
   1.858175027E+06  -3.487229320E+45   6.998973235E+47   1.154757184E+51   1.155453594E+51   2.028383218E+51
   1.973388030E+06  -3.280551873E+45   6.932183124E+47   1.158340675E+51   1.159030612E+51   2.031960235E+51
   2.083334219E+06  -3.104901532E+45   6.842071740E+47   1.165635286E+51   1.166316388E+51   2.039246011E+51
   2.083334219E+06  -3.122444359E+45   6.852667051E+47   1.165633336E+51   1.166315480E+51   2.039245103E+51
   2.186706809E+06  -2.972004569E+45   6.756239751E+47   1.169958860E+51   1.170631512E+51   2.043561135E+51
   2.295518870E+06  -2.828539006E+45   6.644894491E+47   1.174952047E+51   1.175613708E+51   2.048543331E+51
   2.404988084E+06  -2.697522839E+45   6.524928122E+47   1.179837917E+51   1.180487713E+51   2.053417336E+51
   2.509453054E+06  -2.583410727E+45   6.405720422E+47   1.185405065E+51   1.186043054E+51   2.058972677E+51
   2.603128194E+06  -2.500498556E+45   6.308879025E+47   1.191648375E+51   1.192276762E+51   2.065206385E+51
   2.714254079E+06  -2.396097490E+45   6.173196924E+47   1.196861316E+51   1.197476240E+51   2.070405863E+51
   2.813253983E+06  -2.310273322E+45   6.053111357E+47   1.203421930E+51   1.204024931E+51   2.076954554E+51
   2.928063520E+06  -2.218199725E+45   5.917283890E+47   1.218953497E+51   1.219543007E+51   2.092472630E+51
   3.037624687E+06  -2.136836898E+45   5.786033398E+47   1.224949357E+51   1.225525823E+51   2.098455446E+51
   3.135552206E+06  -2.069037956E+45   5.669571809E+47   1.233966344E+51   1.234531232E+51   2.107460855E+51
   3.135552206E+06  -2.077595213E+45   5.684680674E+47   1.233965136E+51   1.234531526E+51   2.107461149E+51
   3.249256621E+06  -2.003477876E+45   5.551443739E+47   1.243974240E+51   1.244527381E+51   2.117457004E+51
   3.350553689E+06  -1.941775099E+45   5.435798423E+47   1.253660178E+51   1.254201817E+51   2.127131440E+51
   3.447220092E+06  -1.886447425E+45   5.327079380E+47   1.264782056E+51   1.265312878E+51   2.138242501E+51
   3.556589255E+06  -1.827509790E+45   5.205112172E+47   1.276851004E+51   1.277369687E+51   2.150299310E+51
   3.654345157E+06  -1.777902639E+45   5.098254354E+47   1.289454409E+51   1.289962456E+51   2.162892079E+51
   3.762249381E+06  -1.726162388E+45   4.983921738E+47   1.303052007E+51   1.303548673E+51   2.176478296E+51
   3.850467140E+06  -1.686089823E+45   4.892031670E+47   1.317185315E+51   1.317672832E+51   2.190602455E+51
   3.945468017E+06  -1.644909648E+45   4.793303825E+47   1.328174778E+51   1.328652464E+51   2.201582087E+51
   4.047773570E+06  -1.602656930E+45   4.690247661E+47   1.338296366E+51   1.338763788E+51   2.211693411E+51
   4.157945462E+06  -1.559468681E+45   4.577596050E+47   1.347570494E+51   1.348026694E+51   2.220956317E+51
   4.276588539E+06  -1.515492753E+45   4.463626695E+47   1.355357420E+51   1.355802267E+51   2.228731890E+51
   4.360709775E+06  -1.485766250E+45   4.383680622E+47   1.362509824E+51   1.362946706E+51   2.235876329E+51
   4.449089648E+06  -1.455772020E+45   4.303198454E+47   1.368275572E+51   1.368704436E+51   2.241634059E+51
   4.541943753E+06  -1.425550733E+45   4.220571506E+47   1.371440333E+51   1.371860965E+51   2.244790588E+51
   4.639498596E+06  -1.395329664E+45   4.137034620E+47   1.374748179E+51   1.375160487E+51   2.248090110E+51
   4.739819477E+06  -1.365770293E+45   4.055127593E+47   1.377457218E+51   1.377861365E+51   2.250790988E+51
   4.842229708E+06  -1.336863700E+45   3.973824281E+47   1.380327989E+51   1.380724035E+51   2.253653658E+51
   4.946717450E+06  -1.308604665E+45   3.894106833E+47   1.382636634E+51   1.383024736E+51   2.255954359E+51
