  0.0000000000E+000  0.0000000000E+000
  2.2316474382E+001  1.0660365081E+038
  1.0072313322E+004  3.5025079549E+042
  2.0165683171E+004  1.9873602145E+042
  3.0237080855E+004  1.3361463823E+042
  4.0367675372E+004  9.4838960673E+041
  5.0573654960E+004  7.2914839260E+041
  6.0830791354E+004  5.9382490869E+041
  7.1123064318E+004  5.0173194899E+041
  8.1258713160E+004  4.3551940129E+041
  9.2000049960E+004  3.7978855656E+041
  1.0239994949E+005  3.3424470919E+041
  1.1305877357E+005  2.9273031123E+041
  1.2369818704E+005  2.6046055136E+041
  1.3392233465E+005  2.3290186488E+041
  1.4424187457E+005  2.1266892023E+041
  1.5450717651E+005  1.9728405574E+041
  1.6455270067E+005  1.8086513974E+041
  1.7547026692E+005  1.6754457665E+041
  1.8610729426E+005  1.5573886547E+041
  1.9612409361E+005  1.4591353538E+041
  2.0687386026E+005  1.3662575126E+041
  2.1672910554E+005  1.2867213791E+041
  2.2723271405E+005  1.2111704329E+041
  2.3844411666E+005  1.1404210930E+041
  2.4837480315E+005  1.0858656048E+041
  2.5888413520E+005  1.0358465227E+041
  2.7014518287E+005  9.8614438340E+040
  2.7967710657E+005  9.5538795229E+040
  2.8968136150E+005  9.2535342728E+040
  3.0018855361E+005  8.9894410464E+040
  3.1123150597E+005  8.7500888901E+040
  3.2284544042E+005  8.5279163223E+040
  3.3195324719E+005  8.3959740803E+040
  3.4142043797E+005  8.2636512969E+040
  3.5130020955E+005  8.1259917972E+040
  3.6165232587E+005  7.9811700573E+040
  3.7242928120E+005  7.8721097536E+040
  3.8365261782E+005  7.7655549588E+040
  3.9534511404E+005  7.6768478623E+040
  4.0753089345E+005  7.5880795685E+040
  4.1594135812E+005  7.5382816189E+040
  4.2459034827E+005  7.4934886848E+040
  4.3348613756E+005  7.4499234346E+040
  4.4268595582E+005  7.3926207519E+040
  4.5220743713E+005  7.3099000272E+040
  4.6200858989E+005  7.2563537547E+040
  4.7209935175E+005  7.2219837016E+040
  4.8249004226E+005  7.1967085581E+040
  4.9319138533E+005  7.1878236423E+040
  5.0421453415E+005  7.1907163547E+040
  5.1557109807E+005  7.1966895582E+040
  5.2727244950E+005  7.2169115762E+040
  5.3638369603E+005  7.1323639513E+040
  5.4944896571E+005  7.1405970215E+040
  5.6013055676E+005  7.1594284053E+040
  5.7163346202E+005  7.1871803913E+040
  5.8402083286E+005  7.2277891155E+040
  5.9280382271E+005  7.2704632957E+040
  6.0203145141E+005  7.3188296554E+040
  6.1172622882E+005  7.3735421356E+040
  6.2191180434E+005  7.3508899255E+040
  6.3261302461E+005  7.3910399684E+040
  6.4385599416E+005  7.4551692664E+040
  6.5566813905E+005  7.5329325374E+040
  6.6807827377E+005  7.6340662667E+040
  6.8111667156E+005  7.7504152539E+040
  6.9481513824E+005  7.8845947579E+040
  7.0192227481E+005  7.9592181703E+040
  7.0920708979E+005  8.0424681211E+040
  7.1667402515E+005  7.9453533175E+040
  7.2432763389E+005  8.0257553765E+040
  7.3217258286E+005  8.1103156016E+040
  7.4021365554E+005  8.2062673116E+040
  7.4845575504E+005  8.3100621025E+040
  7.5690390703E+005  8.4222358401E+040
  7.6556326282E+005  8.5420220935E+040
  7.7443910251E+005  8.6707989799E+040
  7.8353683818E+005  8.8087821060E+040
  7.9286201725E+005  8.9566324696E+040
  8.0242032580E+005  9.1155179656E+040
  8.0731895893E+005  9.0382838990E+040
  8.1748668432E+005  9.2128040652E+040
  8.2816915080E+005  9.3949561513E+040
  8.3939241716E+005  9.5909453148E+040
  8.5118386137E+005  9.8036180835E+040
  8.6357224744E+005  1.0035341661E+041
  8.7658779557E+005  1.0286754427E+041
  9.2912166608E+005  1.1134362112E+041
  9.8442519985E+005  1.2137169783E+041
  1.0422881376E+006  1.3445889626E+041
  1.0930758430E+006  1.4436666385E+041
  1.1482824578E+006  1.5775811087E+041
  1.2060439913E+006  1.6950399897E+041
  1.2607370655E+006  1.8097568076E+041
  1.3157604497E+006  1.9480254052E+041
  1.3627552449E+006  2.0361467458E+041
  1.4260666495E+006  2.1921563061E+041
  1.4806638745E+006  2.3000995553E+041
  1.5355908308E+006  2.3966781338E+041
  1.5880068721E+006  2.5090705325E+041
  1.6473108117E+006  2.6106337171E+041
  1.7003176190E+006  2.7046179874E+041
  1.7588272162E+006  2.7797018144E+041
  1.8762116196E+006  2.9142288355E+041
  1.9943049473E+006  2.9985491998E+041
  2.0951670049E+006  3.0439256824E+041
  2.2011239097E+006  3.0563001739E+041
  2.3126562721E+006  3.0376550267E+041
  2.4248622164E+006  3.0069269826E+041
  2.5319388108E+006  2.9767421877E+041
  2.6158484795E+006  2.9431121127E+041
  2.7297525107E+006  2.8903444080E+041
  2.8312274123E+006  2.8415168928E+041
  2.9489071879E+006  2.8008386969E+041
  3.0612073842E+006  2.7336855240E+041
  3.1485676487E+006  2.6879288493E+041
  3.2651146745E+006  2.6209379241E+041
  3.3689441690E+006  2.5599116950E+041
  3.4680272321E+006  2.5033052310E+041
  3.5801306235E+006  2.4277439334E+041
  3.6803304231E+006  2.3592198984E+041
  3.7909322535E+006  2.2752087053E+041
  3.8813554557E+006  2.2119645414E+041
  3.9787313545E+006  2.1341701978E+041
  4.0835945470E+006  2.0562955686E+041
  4.1965207359E+006  1.9537466692E+041
  4.3181298901E+006  1.8411150556E+041
  4.4043541567E+006  1.7598716987E+041
  4.4949435269E+006  1.6689733104E+041
  4.5901189838E+006  1.5774258706E+041
  4.6893905965E+006  1.4594814328E+041
  4.7907507933E+006  1.3549238481E+041
  4.8941945791E+006  1.2262626932E+041
  4.9997510138E+006  1.1061113556E+041
  5.0000000000E+006  1.1061113556E+041
