   0.000000000E+00   0.171849944E+05  -0.480624731E+01  -0.537145843E+01  -0.518131768E+01  -0.487624731E+01  -0.461871212E+01  -0.435364175E+01  -0.617392325E+01  -0.513131768E+01  -0.503378250E+01  -0.501624731E+01  -0.497871212E+01
   0.220693918E+02   0.171853773E+05  -0.480629198E+01  -0.537152261E+01  -0.518136886E+01  -0.487629198E+01  -0.461875354E+01  -0.435367666E+01  -0.617398417E+01  -0.513136886E+01  -0.503383042E+01  -0.501629198E+01  -0.497875354E+01
   0.100448563E+05   0.387362646E+05  -0.138985316E+02  -0.149265209E+02  -0.145025263E+02  -0.140085316E+02  -0.136485316E+02  -0.133145370E+02  -0.157065209E+02  -0.144825263E+02  -0.142185316E+02  -0.141085316E+02  -0.139845370E+02
   0.200893190E+05   0.263582244E+05  -0.143746801E+02  -0.152401513E+02  -0.148924157E+02  -0.144735479E+02  -0.141446801E+02  -0.138358123E+02  -0.160301513E+02  -0.148624157E+02  -0.146635479E+02  -0.145846801E+02  -0.144858123E+02
   0.301159863E+05   0.210085997E+05  -0.145485210E+02  -0.152700740E+02  -0.150011422E+02  -0.146348316E+02  -0.143385210E+02  -0.140522104E+02  -0.160700740E+02  -0.149674528E+02  -0.148048316E+02  -0.147585210E+02  -0.146922104E+02
   0.401956499E+05   0.174616526E+05  -0.146417977E+02  -0.152211025E+02  -0.150215660E+02  -0.147117977E+02  -0.144519136E+02  -0.141821453E+02  -0.160212184E+02  -0.149715660E+02  -0.148716818E+02  -0.148517977E+02  -0.148119136E+02
   0.503425296E+05   0.153446665E+05  -0.146533124E+02  -0.151125893E+02  -0.149872882E+02  -0.147233124E+02  -0.144819872E+02  -0.142406619E+02  -0.159225893E+02  -0.149286135E+02  -0.148646377E+02  -0.148719872E+02  -0.148506619E+02
   0.605338911E+05   0.139689957E+05  -0.146439223E+02  -0.149945426E+02  -0.149253091E+02  -0.147039223E+02  -0.144860756E+02  -0.142503821E+02  -0.158066959E+02  -0.148553091E+02  -0.148296157E+02  -0.148539223E+02  -0.148582289E+02
   0.707548951E+05   0.129836736E+05  -0.146156993E+02  -0.148718859E+02  -0.148551155E+02  -0.146730534E+02  -0.144709912E+02  -0.142536371E+02  -0.156945318E+02  -0.147824696E+02  -0.147804074E+02  -0.148283452E+02  -0.148509912E+02
   0.808160793E+05   0.122155845E+05  -0.145840209E+02  -0.147604314E+02  -0.147872262E+02  -0.146326620E+02  -0.144553799E+02  -0.142467388E+02  -0.155904314E+02  -0.147058672E+02  -0.147313030E+02  -0.148026620E+02  -0.148353799E+02
   0.914656295E+05   0.115412273E+05  -0.145489806E+02  -0.146442312E+02  -0.147116059E+02  -0.145895057E+02  -0.144284556E+02  -0.142279305E+02  -0.154742312E+02  -0.146221310E+02  -0.146800308E+02  -0.147595057E+02  -0.148084556E+02
   0.101780786E+06   0.109426212E+05  -0.145107434E+02  -0.145219620E+02  -0.146277717E+02  -0.145435815E+02  -0.143979053E+02  -0.142122292E+02  -0.153519620E+02  -0.145377717E+02  -0.146264195E+02  -0.147207434E+02  -0.147850673E+02
   0.112348478E+06   0.103427976E+05  -0.144614698E+02  -0.143836460E+02  -0.145404430E+02  -0.144914698E+02  -0.143619833E+02  -0.141924967E+02  -0.152189027E+02  -0.144451863E+02  -0.145609564E+02  -0.146767265E+02  -0.147572400E+02
   0.122892702E+06   0.979354474E+04  -0.144205262E+02  -0.142507054E+02  -0.144621474E+02  -0.144474630E+02  -0.143366524E+02  -0.141827787E+02  -0.150907054E+02  -0.143590842E+02  -0.145013368E+02  -0.146405262E+02  -0.147397156E+02
   0.133030785E+06   0.929738560E+04  -0.143799620E+02  -0.141131328E+02  -0.143767751E+02  -0.143995067E+02  -0.143108726E+02  -0.141717831E+02  -0.149540434E+02  -0.142663198E+02  -0.144385962E+02  -0.145999620E+02  -0.147208726E+02
   0.143263352E+06   0.887444531E+04  -0.143485833E+02  -0.139808137E+02  -0.142982908E+02  -0.143613986E+02  -0.142929526E+02  -0.141673218E+02  -0.148351829E+02  -0.141811061E+02  -0.143870294E+02  -0.145685833E+02  -0.147029526E+02
   0.153439846E+06   0.851427428E+04  -0.143233376E+02  -0.138664529E+02  -0.142314581E+02  -0.143302120E+02  -0.142795889E+02  -0.141658402E+02  -0.147264529E+02  -0.141083324E+02  -0.143439607E+02  -0.145433376E+02  -0.146927146E+02
   0.163396023E+06   0.816072681E+04  -0.142832754E+02  -0.137359230E+02  -0.141491776E+02  -0.142841186E+02  -0.142515891E+02  -0.141499027E+02  -0.145959230E+02  -0.140200208E+02  -0.142858049E+02  -0.145032754E+02  -0.146707459E+02
   0.174197178E+06   0.784199608E+04  -0.142472107E+02  -0.136034688E+02  -0.140628767E+02  -0.142422847E+02  -0.142270626E+02  -0.141369146E+02  -0.144683948E+02  -0.139328767E+02  -0.142275067E+02  -0.144672107E+02  -0.146519886E+02
   0.184732096E+06   0.755975076E+04  -0.142090400E+02  -0.134773279E+02  -0.139782791E+02  -0.141989449E+02  -0.141992303E+02  -0.141196108E+02  -0.143474230E+02  -0.138480888E+02  -0.141687547E+02  -0.144290400E+02  -0.146294205E+02
   0.194649920E+06   0.732091009E+04  -0.141663964E+02  -0.133503545E+02  -0.138981555E+02  -0.141516163E+02  -0.141659566E+02  -0.141050770E+02  -0.142251346E+02  -0.137585953E+02  -0.141120561E+02  -0.143863964E+02  -0.146055168E+02
   0.205290501E+06   0.709055123E+04  -0.141221005E+02  -0.132247236E+02  -0.138177108E+02  -0.141028018E+02  -0.141306980E+02  -0.140878929E+02  -0.141040223E+02  -0.136691133E+02  -0.140542044E+02  -0.143421005E+02  -0.145792954E+02
   0.215043059E+06   0.689252977E+04  -0.140782512E+02  -0.130999987E+02  -0.137375376E+02  -0.140514260E+02  -0.140984891E+02  -0.140653143E+02  -0.139834114E+02  -0.135841250E+02  -0.139911881E+02  -0.142982512E+02  -0.145484891E+02
   0.225434639E+06   0.669822404E+04  -0.140329848E+02  -0.129730054E+02  -0.136554941E+02  -0.139979869E+02  -0.140654817E+02  -0.140404796E+02  -0.138605044E+02  -0.134979951E+02  -0.139254900E+02  -0.142529848E+02  -0.145154817E+02
   0.236523692E+06   0.651140614E+04  -0.139847335E+02  -0.128425781E+02  -0.135694214E+02  -0.139432023E+02  -0.140293272E+02  -0.140139208E+02  -0.137341093E+02  -0.134063590E+02  -0.138586087E+02  -0.142062647E+02  -0.144808584E+02
   0.246343757E+06   0.636331767E+04  -0.139415301E+02  -0.127292381E+02  -0.134928196E+02  -0.138966591E+02  -0.139961433E+02  -0.139907564E+02  -0.136241092E+02  -0.133230775E+02  -0.138020459E+02  -0.141664012E+02  -0.144510143E+02
   0.256733858E+06   0.622169940E+04  -0.138999102E+02  -0.126205459E+02  -0.134192606E+02  -0.138518453E+02  -0.139641051E+02  -0.139683000E+02  -0.135186109E+02  -0.132431306E+02  -0.137476504E+02  -0.141279752E+02  -0.144221701E+02
   0.267832615E+06   0.607875325E+04  -0.138537101E+02  -0.125033055E+02  -0.133398898E+02  -0.138009460E+02  -0.139292382E+02  -0.139433843E+02  -0.134046876E+02  -0.131585078E+02  -0.136881820E+02  -0.140837101E+02  -0.143906202E+02
   0.277250994E+06   0.597629681E+04  -0.138217860E+02  -0.124168702E+02  -0.132831879E+02  -0.137640664E+02  -0.139072253E+02  -0.139288047E+02  -0.133207300E+02  -0.130993281E+02  -0.136463468E+02  -0.140517860E+02  -0.143710851E+02
   0.287134380E+06   0.587851739E+04  -0.137894704E+02  -0.123325316E+02  -0.132272255E+02  -0.137270214E+02  -0.138843683E+02  -0.139130418E+02  -0.132387561E+02  -0.130410010E+02  -0.136045724E+02  -0.140194704E+02  -0.143505928E+02
   0.297512850E+06   0.578296561E+04  -0.137603438E+02  -0.122525674E+02  -0.131749909E+02  -0.136932732E+02  -0.138644850E+02  -0.139000909E+02  -0.131611027E+02  -0.129864556E+02  -0.135662026E+02  -0.139903438E+02  -0.143330203E+02
   0.308418657E+06   0.569141258E+04  -0.137317046E+02  -0.121724228E+02  -0.131228671E+02  -0.136609011E+02  -0.138449182E+02  -0.138881318E+02  -0.130832262E+02  -0.129312603E+02  -0.135276875E+02  -0.139625080E+02  -0.143165250E+02
   0.319886405E+06   0.560491199E+04  -0.137015380E+02  -0.120884317E+02  -0.130680309E+02  -0.136284919E+02  -0.138237224E+02  -0.138759068E+02  -0.130014778E+02  -0.128719388E+02  -0.134863075E+02  -0.139345841E+02  -0.142998146E+02
   0.328878238E+06   0.553927257E+04  -0.136829066E+02  -0.120289564E+02  -0.130306794E+02  -0.136081587E+02  -0.138118983E+02  -0.138708900E+02  -0.129437043E+02  -0.128311836E+02  -0.134591670E+02  -0.139176545E+02  -0.142913941E+02
   0.338223689E+06   0.547814243E+04  -0.136640739E+02  -0.119720858E+02  -0.129944127E+02  -0.135877411E+02  -0.137994053E+02  -0.138647366E+02  -0.128884186E+02  -0.127917470E+02  -0.134324097E+02  -0.139004068E+02  -0.142820709E+02
   0.347940375E+06   0.540988782E+04  -0.136440653E+02  -0.119096061E+02  -0.129549381E+02  -0.135659628E+02  -0.137864752E+02  -0.138588850E+02  -0.128277085E+02  -0.127487332E+02  -0.134035529E+02  -0.138821677E+02  -0.142726801E+02
   0.358155446E+06   0.534764669E+04  -0.136229270E+02  -0.118497386E+02  -0.129160490E+02  -0.135432108E+02  -0.137717918E+02  -0.138506565E+02  -0.127694547E+02  -0.127066166E+02  -0.133743461E+02  -0.138626432E+02  -0.142612241E+02
   0.368788453E+06   0.528303502E+04  -0.136047208E+02  -0.117844385E+02  -0.128768175E+02  -0.135217369E+02  -0.137591966E+02  -0.138451643E+02  -0.127059304E+02  -0.126638337E+02  -0.133457692E+02  -0.138447208E+02  -0.142521805E+02
   0.379860528E+06   0.522621121E+04  -0.135867647E+02  -0.117238290E+02  -0.128399043E+02  -0.135006213E+02  -0.137459797E+02  -0.138382665E+02  -0.126469006E+02  -0.126237610E+02  -0.133183345E+02  -0.138267647E+02  -0.142421231E+02
   0.391394026E+06   0.516323869E+04  -0.135707894E+02  -0.116605849E+02  -0.128029207E+02  -0.134811446E+02  -0.137352565E+02  -0.138345461E+02  -0.125854073E+02  -0.125832759E+02  -0.132918550E+02  -0.138107894E+02  -0.142349013E+02
   0.403412610E+06   0.510747720E+04  -0.135550613E+02  -0.116030008E+02  -0.127685899E+02  -0.134623160E+02  -0.137241791E+02  -0.138296695E+02  -0.125293734E+02  -0.125458447E+02  -0.132668256E+02  -0.137950613E+02  -0.142269243E+02
   0.411706815E+06   0.506713408E+04  -0.135456693E+02  -0.115633263E+02  -0.127457391E+02  -0.134506809E+02  -0.137181519E+02  -0.138281286E+02  -0.124908205E+02  -0.125207507E+02  -0.132507042E+02  -0.137856693E+02  -0.142231403E+02
   0.420235528E+06   0.502885898E+04  -0.135370704E+02  -0.115259971E+02  -0.127243711E+02  -0.134399539E+02  -0.137127452E+02  -0.138269783E+02  -0.124545553E+02  -0.124972546E+02  -0.132357208E+02  -0.137770704E+02  -0.142198618E+02
   0.429006863E+06   0.500000000E+04  -0.135291352E+02  -0.114963996E+02  -0.127068082E+02  -0.134304140E+02  -0.137072169E+02  -0.138246592E+02  -0.124257601E+02  -0.124780871E+02  -0.132229717E+02  -0.137691352E+02  -0.142159381E+02
   0.438029258E+06   0.500000000E+04  -0.135207517E+02  -0.114880161E+02  -0.126984248E+02  -0.134220306E+02  -0.136988334E+02  -0.138162758E+02  -0.124173767E+02  -0.124697036E+02  -0.132145882E+02  -0.137607517E+02  -0.142075546E+02
   0.447412344E+06   0.500000000E+04  -0.135085342E+02  -0.114757986E+02  -0.126862073E+02  -0.134098131E+02  -0.136866160E+02  -0.138040583E+02  -0.124051592E+02  -0.124574861E+02  -0.132023708E+02  -0.137485342E+02  -0.141953371E+02
   0.457072442E+06   0.500000000E+04  -0.135005518E+02  -0.114678161E+02  -0.126782248E+02  -0.134018306E+02  -0.136786335E+02  -0.137960758E+02  -0.123971767E+02  -0.124495037E+02  -0.131943883E+02  -0.137405518E+02  -0.141873547E+02
   0.467017134E+06   0.500000000E+04  -0.134953969E+02  -0.114626613E+02  -0.126730700E+02  -0.133966757E+02  -0.136734786E+02  -0.137909210E+02  -0.123920219E+02  -0.124443488E+02  -0.131892334E+02  -0.137353969E+02  -0.141821998E+02
   0.477256545E+06   0.500000000E+04  -0.134915904E+02  -0.114588548E+02  -0.126692635E+02  -0.133928693E+02  -0.136696722E+02  -0.137871145E+02  -0.123882154E+02  -0.124405423E+02  -0.131854270E+02  -0.137315904E+02  -0.141783933E+02
   0.487801196E+06   0.500000000E+04  -0.134902492E+02  -0.114575136E+02  -0.126679222E+02  -0.133915280E+02  -0.136683309E+02  -0.137857732E+02  -0.123868741E+02  -0.124392011E+02  -0.131840857E+02  -0.137302492E+02  -0.141770521E+02
   0.498662019E+06   0.500000000E+04  -0.134906860E+02  -0.114579504E+02  -0.126683591E+02  -0.133919649E+02  -0.136687678E+02  -0.137862101E+02  -0.123873110E+02  -0.124396379E+02  -0.131845226E+02  -0.137306860E+02  -0.141774889E+02
   0.509850395E+06   0.500000000E+04  -0.134915876E+02  -0.114588520E+02  -0.126692606E+02  -0.133928664E+02  -0.136696693E+02  -0.137871116E+02  -0.123882125E+02  -0.124405395E+02  -0.131854241E+02  -0.137315876E+02  -0.141783905E+02
   0.521378170E+06   0.500000000E+04  -0.134946341E+02  -0.114618985E+02  -0.126723072E+02  -0.133959129E+02  -0.136727158E+02  -0.137901582E+02  -0.123912591E+02  -0.124435860E+02  -0.131884706E+02  -0.137346341E+02  -0.141814370E+02
   0.533314086E+06   0.500000000E+04  -0.134843879E+02  -0.114516523E+02  -0.126620610E+02  -0.133856668E+02  -0.136624697E+02  -0.137799120E+02  -0.123810129E+02  -0.124333398E+02  -0.131782244E+02  -0.137243879E+02  -0.141711908E+02
   0.533314086E+06   0.500000000E+04  -0.134818394E+02  -0.114491038E+02  -0.126595124E+02  -0.133831182E+02  -0.136599211E+02  -0.137773634E+02  -0.123784643E+02  -0.124307913E+02  -0.131756759E+02  -0.137218394E+02  -0.141686423E+02
   0.546060690E+06   0.500000000E+04  -0.134830920E+02  -0.114503563E+02  -0.126607650E+02  -0.133843708E+02  -0.136611737E+02  -0.137786160E+02  -0.123797169E+02  -0.124320439E+02  -0.131769285E+02  -0.137230920E+02  -0.141698948E+02
   0.556481755E+06   0.500000000E+04  -0.134859515E+02  -0.114532159E+02  -0.126636246E+02  -0.133872304E+02  -0.136640333E+02  -0.137814756E+02  -0.123825765E+02  -0.124349034E+02  -0.131797881E+02  -0.137259515E+02  -0.141727544E+02
   0.567704101E+06   0.500000000E+04  -0.134901520E+02  -0.114574164E+02  -0.126678251E+02  -0.133914309E+02  -0.136682337E+02  -0.137856761E+02  -0.123867770E+02  -0.124391039E+02  -0.131839885E+02  -0.137301520E+02  -0.141769549E+02
   0.579789341E+06   0.500000000E+04  -0.134962693E+02  -0.114635337E+02  -0.126739424E+02  -0.133975482E+02  -0.136743511E+02  -0.137917934E+02  -0.123928943E+02  -0.124452212E+02  -0.131901059E+02  -0.137362693E+02  -0.141830722E+02
   0.588358112E+06   0.500000000E+04  -0.135026609E+02  -0.114699252E+02  -0.126803339E+02  -0.134039397E+02  -0.136807426E+02  -0.137981849E+02  -0.123992858E+02  -0.124516128E+02  -0.131964974E+02  -0.137426609E+02  -0.141894638E+02
   0.597360676E+06   0.500000000E+04  -0.135098597E+02  -0.114771241E+02  -0.126875328E+02  -0.134111386E+02  -0.136879415E+02  -0.138053838E+02  -0.124064847E+02  -0.124588116E+02  -0.132036963E+02  -0.137498597E+02  -0.141966626E+02
   0.606818996E+06   0.500000000E+04  -0.135179461E+02  -0.114852104E+02  -0.126956191E+02  -0.134192249E+02  -0.136960278E+02  -0.138134701E+02  -0.124145710E+02  -0.124668980E+02  -0.132117826E+02  -0.137579461E+02  -0.142047490E+02
   0.616756143E+06   0.500000000E+04  -0.135146054E+02  -0.114818698E+02  -0.126922785E+02  -0.134158843E+02  -0.136926872E+02  -0.138101295E+02  -0.124112304E+02  -0.124635573E+02  -0.132084420E+02  -0.137546054E+02  -0.142014083E+02
   0.627196358E+06   0.500000000E+04  -0.135205195E+02  -0.114877839E+02  -0.126981926E+02  -0.134217984E+02  -0.136986013E+02  -0.138160436E+02  -0.124171445E+02  -0.124694714E+02  -0.132143561E+02  -0.137605195E+02  -0.142073224E+02
   0.638165108E+06   0.500000000E+04  -0.135298994E+02  -0.114971638E+02  -0.127075725E+02  -0.134311783E+02  -0.137079811E+02  -0.138254235E+02  -0.124265244E+02  -0.124788513E+02  -0.132237359E+02  -0.137698994E+02  -0.142167023E+02
   0.649689152E+06   0.500000000E+04  -0.135411658E+02  -0.115084302E+02  -0.127188389E+02  -0.134424447E+02  -0.137192476E+02  -0.138366899E+02  -0.124377908E+02  -0.124901177E+02  -0.132350024E+02  -0.137811658E+02  -0.142279687E+02
   0.661796601E+06   0.500000000E+04  -0.135556455E+02  -0.115229098E+02  -0.127333185E+02  -0.134569243E+02  -0.137337272E+02  -0.138511695E+02  -0.124522704E+02  -0.125045974E+02  -0.132494820E+02  -0.137956455E+02  -0.142424483E+02
   0.674516989E+06   0.500000000E+04  -0.135720681E+02  -0.115393325E+02  -0.127497411E+02  -0.134733469E+02  -0.137501498E+02  -0.138675921E+02  -0.124686930E+02  -0.125210200E+02  -0.132659046E+02  -0.138120681E+02  -0.142588710E+02
   0.687881346E+06   0.500000000E+04  -0.135907041E+02  -0.115579685E+02  -0.127683771E+02  -0.134919829E+02  -0.137687858E+02  -0.138862281E+02  -0.124873291E+02  -0.125396560E+02  -0.132845406E+02  -0.138307041E+02  -0.142775070E+02
   0.694815138E+06   0.500000000E+04  -0.136009317E+02  -0.115681961E+02  -0.127786047E+02  -0.135022105E+02  -0.137790134E+02  -0.138964557E+02  -0.124975566E+02  -0.125498836E+02  -0.132947682E+02  -0.138409317E+02  -0.142877346E+02
   0.701922275E+06   0.500000000E+04  -0.136122290E+02  -0.115794934E+02  -0.127899021E+02  -0.135135079E+02  -0.137903107E+02  -0.139077531E+02  -0.125088540E+02  -0.125611809E+02  -0.133060655E+02  -0.138522290E+02  -0.142990319E+02
   0.709207090E+06   0.500000000E+04  -0.135990387E+02  -0.115663031E+02  -0.127767117E+02  -0.135003175E+02  -0.137771204E+02  -0.138945627E+02  -0.124956636E+02  -0.125479906E+02  -0.132928752E+02  -0.138390387E+02  -0.142858416E+02
   0.716674025E+06   0.500000000E+04  -0.136099704E+02  -0.115772348E+02  -0.127876435E+02  -0.135112493E+02  -0.137880522E+02  -0.139054945E+02  -0.125065954E+02  -0.125589223E+02  -0.133038070E+02  -0.138499704E+02  -0.142967733E+02
   0.724327634E+06   0.500000000E+04  -0.136213500E+02  -0.115886144E+02  -0.127990231E+02  -0.135226289E+02  -0.137994318E+02  -0.139168741E+02  -0.125179750E+02  -0.125703019E+02  -0.133151866E+02  -0.138613500E+02  -0.143081529E+02
   0.732172583E+06   0.500000000E+04  -0.136341198E+02  -0.116013842E+02  -0.128117929E+02  -0.135353986E+02  -0.138122015E+02  -0.139296438E+02  -0.125307448E+02  -0.125830717E+02  -0.133279563E+02  -0.138741198E+02  -0.143209227E+02
   0.740213656E+06   0.500000000E+04  -0.136477663E+02  -0.116150307E+02  -0.128254394E+02  -0.135490452E+02  -0.138258481E+02  -0.139432904E+02  -0.125443913E+02  -0.125967182E+02  -0.133416028E+02  -0.138877663E+02  -0.143345692E+02
   0.748455755E+06   0.500000000E+04  -0.136623241E+02  -0.116295885E+02  -0.128399972E+02  -0.135636030E+02  -0.138404059E+02  -0.139578482E+02  -0.125589491E+02  -0.126112760E+02  -0.133561607E+02  -0.139023241E+02  -0.143491270E+02
   0.756903907E+06   0.500000000E+04  -0.136776574E+02  -0.116449218E+02  -0.128553304E+02  -0.135789362E+02  -0.138557391E+02  -0.139731814E+02  -0.125742823E+02  -0.126266093E+02  -0.133714939E+02  -0.139176574E+02  -0.143644603E+02
   0.765563263E+06   0.500000000E+04  -0.136939034E+02  -0.116611678E+02  -0.128715765E+02  -0.135951823E+02  -0.138719852E+02  -0.139894275E+02  -0.125905284E+02  -0.126428553E+02  -0.133877400E+02  -0.139339034E+02  -0.143807063E+02
   0.774439103E+06   0.500000000E+04  -0.137110453E+02  -0.116783097E+02  -0.128887184E+02  -0.136123242E+02  -0.138891270E+02  -0.140065694E+02  -0.126076703E+02  -0.126599972E+02  -0.134048818E+02  -0.139510453E+02  -0.143978482E+02
   0.783536838E+06   0.500000000E+04  -0.137291175E+02  -0.116963819E+02  -0.129067906E+02  -0.136303964E+02  -0.139071993E+02  -0.140246416E+02  -0.126257425E+02  -0.126780694E+02  -0.134229541E+02  -0.139691175E+02  -0.144159204E+02
   0.792862017E+06   0.500000000E+04  -0.137482090E+02  -0.117154734E+02  -0.129258821E+02  -0.136494879E+02  -0.139262908E+02  -0.140437331E+02  -0.126448340E+02  -0.126971609E+02  -0.134420456E+02  -0.139882090E+02  -0.144350119E+02
   0.802420326E+06   0.500000000E+04  -0.137478248E+02  -0.117150892E+02  -0.129254979E+02  -0.136491037E+02  -0.139259066E+02  -0.140433489E+02  -0.126444498E+02  -0.126967767E+02  -0.134416614E+02  -0.139878248E+02  -0.144346277E+02
   0.802420326E+06   0.500000000E+04  -0.137389706E+02  -0.117062350E+02  -0.129166437E+02  -0.136402494E+02  -0.139170523E+02  -0.140344946E+02  -0.126355956E+02  -0.126879225E+02  -0.134328071E+02  -0.139789706E+02  -0.144257735E+02
   0.812340058E+06   0.500000000E+04  -0.137597352E+02  -0.117269996E+02  -0.129374083E+02  -0.136610141E+02  -0.139378170E+02  -0.140552593E+02  -0.126563602E+02  -0.127086871E+02  -0.134535718E+02  -0.139997352E+02  -0.144465381E+02
   0.822761976E+06   0.500000000E+04  -0.137809925E+02  -0.117482569E+02  -0.129586656E+02  -0.136822714E+02  -0.139590743E+02  -0.140765166E+02  -0.126776175E+02  -0.127299444E+02  -0.134748291E+02  -0.140209925E+02  -0.144677954E+02
   0.833711505E+06   0.500000000E+04  -0.138034092E+02  -0.117706736E+02  -0.129810822E+02  -0.137046880E+02  -0.139814909E+02  -0.140989332E+02  -0.127000341E+02  -0.127523611E+02  -0.134972457E+02  -0.140434092E+02  -0.144902121E+02
   0.845215353E+06   0.500000000E+04  -0.138272216E+02  -0.117944860E+02  -0.130048947E+02  -0.137285004E+02  -0.140053033E+02  -0.141227457E+02  -0.127238466E+02  -0.127761735E+02  -0.135210581E+02  -0.140672216E+02  -0.145140245E+02
   0.857301583E+06   0.500000000E+04  -0.138525861E+02  -0.118198504E+02  -0.130302591E+02  -0.137538649E+02  -0.140306678E+02  -0.141481101E+02  -0.127492110E+02  -0.128015380E+02  -0.135464226E+02  -0.140925861E+02  -0.145393889E+02
   0.869999679E+06   0.500000000E+04  -0.138794516E+02  -0.118467160E+02  -0.130571246E+02  -0.137807304E+02  -0.140575333E+02  -0.141749756E+02  -0.127760765E+02  -0.128284035E+02  -0.135732881E+02  -0.141194516E+02  -0.145662545E+02
   0.924799576E+06   0.500000000E+04  -0.139654190E+02  -0.119326834E+02  -0.131430921E+02  -0.138666978E+02  -0.141435007E+02  -0.142609430E+02  -0.128620440E+02  -0.129143709E+02  -0.136592555E+02  -0.142054190E+02  -0.146522219E+02
   0.978754243E+06   0.500000000E+04  -0.140590492E+02  -0.120263136E+02  -0.132367223E+02  -0.139603281E+02  -0.142371309E+02  -0.143545733E+02  -0.129556742E+02  -0.130080011E+02  -0.137528857E+02  -0.142990492E+02  -0.147458521E+02
   0.103520589E+07   0.500000000E+04  -0.141702295E+02  -0.121374939E+02  -0.133479026E+02  -0.140715083E+02  -0.143483112E+02  -0.144657535E+02  -0.130668545E+02  -0.131191814E+02  -0.138640660E+02  -0.144102295E+02  -0.148570324E+02
   0.108876133E+07   0.500000000E+04  -0.142474229E+02  -0.122146873E+02  -0.134250960E+02  -0.141487018E+02  -0.144255047E+02  -0.145429470E+02  -0.131440479E+02  -0.131963748E+02  -0.139412595E+02  -0.144874229E+02  -0.149342258E+02
   0.114262144E+07   0.500000000E+04  -0.143437349E+02  -0.123109993E+02  -0.135214079E+02  -0.142450137E+02  -0.145218166E+02  -0.146392589E+02  -0.132403599E+02  -0.132926868E+02  -0.140375714E+02  -0.145837349E+02  -0.150305378E+02
   0.119897415E+07   0.500000000E+04  -0.144217055E+02  -0.123889699E+02  -0.135993786E+02  -0.143229844E+02  -0.145997873E+02  -0.147172296E+02  -0.133183305E+02  -0.133706574E+02  -0.141155420E+02  -0.146617055E+02  -0.151085084E+02
   0.125233325E+07   0.500000000E+04  -0.144928062E+02  -0.124600706E+02  -0.136704793E+02  -0.143940850E+02  -0.146708879E+02  -0.147883302E+02  -0.133894312E+02  -0.134417581E+02  -0.141866427E+02  -0.147328062E+02  -0.151796091E+02
   0.130601460E+07   0.500000000E+04  -0.145727422E+02  -0.125400066E+02  -0.137504152E+02  -0.144740210E+02  -0.147508239E+02  -0.148682662E+02  -0.134693672E+02  -0.135216941E+02  -0.142665787E+02  -0.148127422E+02  -0.152595451E+02
   0.135724198E+07   0.500000000E+04  -0.146277767E+02  -0.125950411E+02  -0.138054497E+02  -0.145290555E+02  -0.148058584E+02  -0.149233007E+02  -0.135244016E+02  -0.135767286E+02  -0.143216132E+02  -0.148677767E+02  -0.153145796E+02
   0.135724198E+07   0.500000000E+04  -0.146207783E+02  -0.125880427E+02  -0.137984514E+02  -0.145220572E+02  -0.147988601E+02  -0.149163024E+02  -0.135174033E+02  -0.135697302E+02  -0.143146149E+02  -0.148607783E+02  -0.153075812E+02
   0.141900920E+07   0.500000000E+04  -0.147009344E+02  -0.126681988E+02  -0.138786075E+02  -0.146022133E+02  -0.148790162E+02  -0.149964585E+02  -0.135975594E+02  -0.136498863E+02  -0.143947710E+02  -0.149409344E+02  -0.153877373E+02
   0.147227479E+07   0.500000000E+04  -0.147531222E+02  -0.127203866E+02  -0.139307953E+02  -0.146544011E+02  -0.149312040E+02  -0.150486463E+02  -0.136497472E+02  -0.137020741E+02  -0.144469588E+02  -0.149931222E+02  -0.154399251E+02
   0.152586206E+07   0.500000000E+04  -0.147977799E+02  -0.127650443E+02  -0.139754530E+02  -0.146990588E+02  -0.149758617E+02  -0.150933040E+02  -0.136944049E+02  -0.137467318E+02  -0.144916165E+02  -0.150377799E+02  -0.154845828E+02
   0.157699966E+07   0.500000000E+04  -0.148475378E+02  -0.128148022E+02  -0.140252109E+02  -0.147488167E+02  -0.150256196E+02  -0.151430619E+02  -0.137441628E+02  -0.137964897E+02  -0.145413743E+02  -0.150875378E+02  -0.155343407E+02
   0.163485717E+07   0.500000000E+04  -0.148906205E+02  -0.128578849E+02  -0.140682936E+02  -0.147918993E+02  -0.150687022E+02  -0.151861445E+02  -0.137872455E+02  -0.138395724E+02  -0.145844570E+02  -0.151306205E+02  -0.155774234E+02
   0.168657112E+07   0.500000000E+04  -0.149290205E+02  -0.128962849E+02  -0.141066935E+02  -0.148302993E+02  -0.151071022E+02  -0.152245445E+02  -0.138256454E+02  -0.138779724E+02  -0.146228570E+02  -0.151690205E+02  -0.156158234E+02
   0.174365366E+07   0.500000000E+04  -0.149587512E+02  -0.129260156E+02  -0.141364242E+02  -0.148600300E+02  -0.151368329E+02  -0.152542752E+02  -0.138553761E+02  -0.139077031E+02  -0.146525877E+02  -0.151987512E+02  -0.156455541E+02
   0.185817503E+07   0.500000000E+04  -0.150100648E+02  -0.129773292E+02  -0.141877378E+02  -0.149113436E+02  -0.151881465E+02  -0.153055888E+02  -0.139066897E+02  -0.139590167E+02  -0.147039013E+02  -0.152500648E+02  -0.156968677E+02
   0.197338803E+07   0.500000000E+04  -0.150410336E+02  -0.130082980E+02  -0.142187067E+02  -0.149423124E+02  -0.152191153E+02  -0.153365576E+02  -0.139376586E+02  -0.139899855E+02  -0.147348701E+02  -0.152810336E+02  -0.157278365E+02
   0.208333422E+07   0.500000000E+04  -0.150585032E+02  -0.130257676E+02  -0.142361763E+02  -0.149597821E+02  -0.152365850E+02  -0.153540273E+02  -0.139551282E+02  -0.140074551E+02  -0.147523398E+02  -0.152985032E+02  -0.157453061E+02
   0.208333422E+07   0.500000000E+04  -0.150573408E+02  -0.130246051E+02  -0.142350138E+02  -0.149586196E+02  -0.152354225E+02  -0.153528648E+02  -0.139539657E+02  -0.140062927E+02  -0.147511773E+02  -0.152973408E+02  -0.157441436E+02
   0.218670681E+07   0.500000000E+04  -0.150617457E+02  -0.130290100E+02  -0.142394187E+02  -0.149630245E+02  -0.152398274E+02  -0.153572697E+02  -0.139583706E+02  -0.140106976E+02  -0.147555822E+02  -0.153017457E+02  -0.157485486E+02
   0.229551887E+07   0.500000000E+04  -0.150551018E+02  -0.130223662E+02  -0.142327748E+02  -0.149563806E+02  -0.152331835E+02  -0.153506258E+02  -0.139517267E+02  -0.140040537E+02  -0.147489383E+02  -0.152951018E+02  -0.157419047E+02
   0.240498808E+07   0.500000000E+04  -0.150440628E+02  -0.130113272E+02  -0.142217359E+02  -0.149453417E+02  -0.152221446E+02  -0.153395869E+02  -0.139406878E+02  -0.139930148E+02  -0.147378994E+02  -0.152840628E+02  -0.157308657E+02
   0.250945305E+07   0.500000000E+04  -0.150331087E+02  -0.130003731E+02  -0.142107818E+02  -0.149343875E+02  -0.152111904E+02  -0.153286327E+02  -0.139297337E+02  -0.139820606E+02  -0.147269452E+02  -0.152731087E+02  -0.157199116E+02
   0.260312819E+07   0.500000000E+04  -0.150207727E+02  -0.129880370E+02  -0.141984457E+02  -0.149220515E+02  -0.151988544E+02  -0.153162967E+02  -0.139173976E+02  -0.139697246E+02  -0.147146092E+02  -0.152607727E+02  -0.157075756E+02
   0.271425408E+07   0.500000000E+04  -0.150011296E+02  -0.129683940E+02  -0.141788027E+02  -0.149024085E+02  -0.151792114E+02  -0.152966537E+02  -0.138977546E+02  -0.139500815E+02  -0.146949662E+02  -0.152411296E+02  -0.156879325E+02
   0.281325398E+07   0.500000000E+04  -0.149826312E+02  -0.129498956E+02  -0.141603043E+02  -0.148839101E+02  -0.151607130E+02  -0.152781553E+02  -0.138792562E+02  -0.139315832E+02  -0.146764678E+02  -0.152226312E+02  -0.156694341E+02
   0.292806352E+07   0.500000000E+04  -0.149669759E+02  -0.129342403E+02  -0.141446489E+02  -0.148682547E+02  -0.151450576E+02  -0.152624999E+02  -0.138636009E+02  -0.139159278E+02  -0.146608124E+02  -0.152069759E+02  -0.156537788E+02
   0.303762469E+07   0.500000000E+04  -0.149406270E+02  -0.129078914E+02  -0.141183001E+02  -0.148419059E+02  -0.151187088E+02  -0.152361511E+02  -0.138372520E+02  -0.138895789E+02  -0.146344636E+02  -0.151806270E+02  -0.156274299E+02
   0.313555221E+07   0.500000000E+04  -0.149195394E+02  -0.128868038E+02  -0.140972125E+02  -0.148208183E+02  -0.150976212E+02  -0.152150635E+02  -0.138161644E+02  -0.138684913E+02  -0.146133760E+02  -0.151595394E+02  -0.156063423E+02
   0.313555221E+07   0.500000000E+04  -0.149223001E+02  -0.128895645E+02  -0.140999731E+02  -0.148235789E+02  -0.151003818E+02  -0.152178241E+02  -0.138189250E+02  -0.138712520E+02  -0.146161366E+02  -0.151623001E+02  -0.156091030E+02
   0.324925662E+07   0.500000000E+04  -0.148948975E+02  -0.128621619E+02  -0.140725705E+02  -0.147961763E+02  -0.150729792E+02  -0.151904215E+02  -0.137915224E+02  -0.138438494E+02  -0.145887340E+02  -0.151348975E+02  -0.155817004E+02
   0.335055369E+07   0.500000000E+04  -0.148693181E+02  -0.128365825E+02  -0.140469912E+02  -0.147705969E+02  -0.150473998E+02  -0.151648422E+02  -0.137659431E+02  -0.138182700E+02  -0.145631546E+02  -0.151093181E+02  -0.155561210E+02
   0.344722009E+07   0.500000000E+04  -0.148450402E+02  -0.128123045E+02  -0.140227132E+02  -0.147463190E+02  -0.150231219E+02  -0.151405642E+02  -0.137416651E+02  -0.137939921E+02  -0.145388767E+02  -0.150850402E+02  -0.155318431E+02
   0.355658925E+07   0.500000000E+04  -0.148117628E+02  -0.127790272E+02  -0.139894359E+02  -0.147130417E+02  -0.149898446E+02  -0.151072869E+02  -0.137083878E+02  -0.137607147E+02  -0.145055994E+02  -0.150517628E+02  -0.154985657E+02
   0.365434516E+07   0.500000000E+04  -0.147806767E+02  -0.127479411E+02  -0.139583498E+02  -0.146819555E+02  -0.149587584E+02  -0.150762007E+02  -0.136773017E+02  -0.137296286E+02  -0.144745132E+02  -0.150206767E+02  -0.154674796E+02
   0.376224938E+07   0.500000000E+04  -0.147413087E+02  -0.127085731E+02  -0.139189818E+02  -0.146425876E+02  -0.149193905E+02  -0.150368328E+02  -0.136379337E+02  -0.136902606E+02  -0.144351453E+02  -0.149813087E+02  -0.154281116E+02
   0.385046714E+07   0.500000000E+04  -0.147107010E+02  -0.126779654E+02  -0.138883741E+02  -0.146119799E+02  -0.148887828E+02  -0.150062251E+02  -0.136073260E+02  -0.136596530E+02  -0.144045376E+02  -0.149507010E+02  -0.153975039E+02
   0.394546802E+07   0.500000000E+04  -0.146718283E+02  -0.126390927E+02  -0.138495013E+02  -0.145731071E+02  -0.148499100E+02  -0.149673523E+02  -0.135684532E+02  -0.136207802E+02  -0.143656648E+02  -0.149118283E+02  -0.153586312E+02
   0.404777357E+07   0.500000000E+04  -0.146314695E+02  -0.125987339E+02  -0.138091426E+02  -0.145327483E+02  -0.148095512E+02  -0.149269935E+02  -0.135280945E+02  -0.135804214E+02  -0.143253060E+02  -0.148714695E+02  -0.153182724E+02
   0.415794546E+07   0.500000000E+04  -0.145759263E+02  -0.125431907E+02  -0.137535993E+02  -0.144772051E+02  -0.147540080E+02  -0.148714503E+02  -0.134725512E+02  -0.135248782E+02  -0.142697628E+02  -0.148159263E+02  -0.152627292E+02
   0.427658854E+07   0.500000000E+04  -0.145114580E+02  -0.124787224E+02  -0.136891310E+02  -0.144127368E+02  -0.146895397E+02  -0.148069820E+02  -0.134080829E+02  -0.134604099E+02  -0.142052945E+02  -0.147514580E+02  -0.151982609E+02
   0.436070977E+07   0.500000000E+04  -0.144624582E+02  -0.124297225E+02  -0.136401312E+02  -0.143637370E+02  -0.146405399E+02  -0.147579822E+02  -0.133590831E+02  -0.134114101E+02  -0.141562947E+02  -0.147024582E+02  -0.151492611E+02
   0.444908965E+07   0.500000000E+04  -0.144048791E+02  -0.123721435E+02  -0.135825522E+02  -0.143061580E+02  -0.145829609E+02  -0.147004032E+02  -0.133015041E+02  -0.133538310E+02  -0.140987157E+02  -0.146448791E+02  -0.150916820E+02
   0.454194375E+07   0.500000000E+04  -0.143436280E+02  -0.123108924E+02  -0.135213011E+02  -0.142449069E+02  -0.145217098E+02  -0.146391521E+02  -0.132402530E+02  -0.132925799E+02  -0.140374646E+02  -0.145836280E+02  -0.150304309E+02
   0.463949860E+07   0.500000000E+04  -0.142592521E+02  -0.122265165E+02  -0.134369251E+02  -0.141605309E+02  -0.144373338E+02  -0.145547761E+02  -0.131558770E+02  -0.132082040E+02  -0.139530886E+02  -0.144992521E+02  -0.149460550E+02
   0.473981948E+07   0.500000000E+04  -0.141785429E+02  -0.121458072E+02  -0.133562159E+02  -0.140798217E+02  -0.143566246E+02  -0.144740669E+02  -0.130751678E+02  -0.131274948E+02  -0.138723794E+02  -0.144185429E+02  -0.148653458E+02
   0.484222971E+07   0.500000000E+04  -0.140702144E+02  -0.120374788E+02  -0.132478875E+02  -0.139714933E+02  -0.142482962E+02  -0.143657385E+02  -0.129668394E+02  -0.130191663E+02  -0.137640510E+02  -0.143102144E+02  -0.147570173E+02
   0.494671745E+07   0.500000000E+04  -0.139582528E+02  -0.119255172E+02  -0.131359258E+02  -0.138595316E+02  -0.141363345E+02  -0.142537768E+02  -0.128548777E+02  -0.129072047E+02  -0.136520893E+02  -0.141982528E+02  -0.146450557E+02
