  0.0000000000E+000  0.0000000000E+000
  2.2316474382E+001  1.3096526236E+012
  1.0072313322E+004  4.6724246628E+013
  2.0165683171E+004  7.6014109580E+013
  3.0237080855E+004  9.8111751050E+013
  4.0367675372E+004  1.1964951048E+014
  5.0573654960E+004  1.3585676555E+014
  6.0830791354E+004  1.4794049219E+014
  7.1123064318E+004  1.5740876793E+014
  8.1258713160E+004  1.6567747670E+014
  9.2000049960E+004  1.7332258829E+014
  1.0239994949E+005  1.8087467494E+014
  1.1305877357E+005  1.8947242427E+014
  1.2369818704E+005  1.9933307885E+014
  1.3392233465E+005  2.0914766333E+014
  1.4424187457E+005  2.1936018210E+014
  1.5450717651E+005  2.2952972716E+014
  1.6455270067E+005  2.3922577769E+014
  1.7547026692E+005  2.4934471388E+014
  1.8610729426E+005  2.5868531090E+014
  1.9612409361E+005  2.6699668179E+014
  2.0687386026E+005  2.7541938466E+014
  2.1672910554E+005  2.8286106865E+014
  2.2723271405E+005  2.9058387551E+014
  2.3844411666E+005  2.9838107338E+014
  2.4837480315E+005  3.0486603951E+014
  2.5888413520E+005  3.1147118636E+014
  2.7014518287E+005  3.1836802531E+014
  2.7967710657E+005  3.2420057679E+014
  2.8968136150E+005  3.2976641608E+014
  3.0018855361E+005  3.3585618029E+014
  3.1123150597E+005  3.4210097684E+014
  3.2284544042E+005  3.4823473652E+014
  3.3195324719E+005  3.5376779294E+014
  3.4142043797E+005  3.5884555660E+014
  3.5130020955E+005  3.6487985794E+014
  3.6165232587E+005  3.7008040355E+014
  3.7242928120E+005  3.7658829028E+014
  3.8365261782E+005  3.8220868797E+014
  3.9534511404E+005  3.8934561015E+014
  4.0753089345E+005  3.9558633862E+014
  4.1594135812E+005  4.0058954080E+014
  4.2459034827E+005  4.0550044346E+014
  4.3348613756E+005  4.0995983754E+014
  4.4268595582E+005  4.1549278019E+014
  4.5220743713E+005  4.2016106519E+014
  4.6200858989E+005  4.2534289933E+014
  4.7209935175E+005  4.3094677452E+014
  4.8249004226E+005  4.3591638958E+014
  4.9319138533E+005  4.4163153752E+014
  5.0421453415E+005  4.4775762805E+014
  5.1557109807E+005  4.5318368200E+014
  5.2727244950E+005  4.5930056670E+014
  5.3638369603E+005  4.6413259686E+014
  5.4944896571E+005  4.7013906938E+014
  5.6013055676E+005  4.7587437381E+014
  5.7163346202E+005  4.8137952648E+014
  5.8402083286E+005  4.8682031983E+014
  5.9280382271E+005  4.9164248002E+014
  6.0203145141E+005  4.9638018502E+014
  6.1172622882E+005  5.0096067819E+014
  6.2191180434E+005  5.0574645953E+014
  6.3261302461E+005  5.1098705472E+014
  6.4385599416E+005  5.1599516338E+014
  6.5566813905E+005  5.2085939086E+014
  6.6807827377E+005  5.2732744310E+014
  6.8111667156E+005  5.3364334175E+014
  6.9481513824E+005  5.3970132783E+014
  7.0192227481E+005  5.4256506125E+014
  7.0920708979E+005  5.4610302107E+014
  7.1667402515E+005  5.5020668047E+014
  7.2432763389E+005  5.5340810610E+014
  7.3217258286E+005  5.5650816194E+014
  7.4021365554E+005  5.5996311459E+014
  7.4845575504E+005  5.6414497347E+014
  7.5690390703E+005  5.6829970707E+014
  7.6556326282E+005  5.7241879804E+014
  7.7443910251E+005  5.7648313202E+014
  7.8353683818E+005  5.8047438543E+014
  7.9286201725E+005  5.8435393571E+014
  8.0242032580E+005  5.8865638740E+014
  8.0731895893E+005  5.9167434233E+014
  8.1748668432E+005  5.9630860961E+014
  8.2816915080E+005  6.0099221961E+014
  8.3939241716E+005  6.0568133064E+014
  8.5118386137E+005  6.1077129292E+014
  8.6357224744E+005  6.1694999712E+014
  8.7658779557E+005  6.2323703827E+014
  9.2912166608E+005  6.4662418689E+014
  9.8442519985E+005  6.7077389270E+014
  1.0422881376E+006  6.9446643619E+014
  1.0930758430E+006  7.1600300306E+014
  1.1482824578E+006  7.3792625885E+014
  1.2060439913E+006  7.5921375271E+014
  1.2607370655E+006  7.7842863350E+014
  1.3157604497E+006  7.9774907686E+014
  1.3627552449E+006  8.1275423414E+014
  1.4260666495E+006  8.3198955540E+014
  1.4806638745E+006  8.4818613009E+014
  1.5355908308E+006  8.6335298267E+014
  1.5880068721E+006  8.7688225315E+014
  1.6473108117E+006  8.9195995332E+014
  1.7003176190E+006  9.0392752174E+014
  1.7588272162E+006  9.1743140136E+014
  1.8762116196E+006  9.4032195103E+014
  1.9943049473E+006  9.5901942484E+014
  2.0951670049E+006  9.7122917470E+014
  2.2011239097E+006  9.8064848531E+014
  2.3126562721E+006  9.8974725148E+014
  2.4248622164E+006  9.9959706804E+014
  2.5319388108E+006  1.0093290973E+015
  2.6158484795E+006  1.0177650158E+015
  2.7297525107E+006  1.0337276571E+015
  2.8312274123E+006  1.0482010745E+015
  2.9489071879E+006  1.0692354318E+015
  3.0612073842E+006  1.0903013008E+015
  3.1485676487E+006  1.1062302579E+015
  3.2651146745E+006  1.1292154283E+015
  3.3689441690E+006  1.1487645572E+015
  3.4680272321E+006  1.1661889042E+015
  3.5801306235E+006  1.1855846680E+015
  3.6803304231E+006  1.2013623170E+015
  3.7909322535E+006  1.2173419427E+015
  3.8813554557E+006  1.2295959128E+015
  3.9787313545E+006  1.2412756385E+015
  4.0835945470E+006  1.2523366346E+015
  4.1965207359E+006  1.2626622761E+015
  4.3181298901E+006  1.2719080036E+015
  4.4043541567E+006  1.2771483764E+015
  4.4949435269E+006  1.2810042015E+015
  4.5901189838E+006  1.2832228456E+015
  4.6893905965E+006  1.2842361991E+015
  4.7907507933E+006  1.2852512684E+015
  4.8941945791E+006  1.2869678720E+015
  4.9997510138E+006  1.2897038181E+015
  5.0000000000E+006  1.2897038181E+015
