  0.0000000000E+000  0.0000000000E+000
  2.2316474382E+001  1.7185377280E+004
  1.0072313322E+004  3.8736264609E+004
  2.0165683171E+004  2.6358224433E+004
  3.0237080855E+004  2.1008599728E+004
  4.0367675372E+004  1.7461652591E+004
  5.0573654960E+004  1.5344666549E+004
  6.0830791354E+004  1.3968995681E+004
  7.1123064318E+004  1.2983673608E+004
  8.1258713160E+004  1.2215584462E+004
  9.2000049960E+004  1.1541227338E+004
  1.0239994949E+005  1.0942621151E+004
  1.1305877357E+005  1.0342797641E+004
  1.2369818704E+005  9.7935447366E+003
  1.3392233465E+005  9.2973855963E+003
  1.4424187457E+005  8.8744453141E+003
  1.5450717651E+005  8.5142742838E+003
  1.6455270067E+005  8.1607268095E+003
  1.7547026692E+005  7.8419960795E+003
  1.8610729426E+005  7.5597507610E+003
  1.9612409361E+005  7.3209100878E+003
  2.0687386026E+005  7.0905512259E+003
  2.1672910554E+005  6.8925297664E+003
  2.2723271405E+005  6.6982240352E+003
  2.3844411666E+005  6.5114061352E+003
  2.4837480315E+005  6.3633176721E+003
  2.5888413520E+005  6.2216994026E+003
  2.7014518287E+005  6.0787532470E+003
  2.7967710657E+005  5.9762968123E+003
  2.8968136150E+005  5.8785173904E+003
  3.0018855361E+005  5.7829656142E+003
  3.1123150597E+005  5.6914125753E+003
  3.2284544042E+005  5.6049119908E+003
  3.3195324719E+005  5.5392725741E+003
  3.4142043797E+005  5.4781424260E+003
  3.5130020955E+005  5.4098878228E+003
  3.6165232587E+005  5.3476466929E+003
  3.7242928120E+005  5.2830350161E+003
  3.8365261782E+005  5.2262112090E+003
  3.9534511404E+005  5.1632386890E+003
  4.0753089345E+005  5.1074771997E+003
  4.1594135812E+005  5.0671340846E+003
  4.2459034827E+005  5.0288589800E+003
  4.3348613756E+005  4.9941479748E+003
  4.4268595582E+005  4.9512171724E+003
  4.5220743713E+005  4.9098029971E+003
  4.6200858989E+005  4.8708429646E+003
  4.7209935175E+005  4.8333296746E+003
  4.8249004226E+005  4.8014895717E+003
  4.9319138533E+005  4.7688473784E+003
  5.0421453415E+005  4.7365884634E+003
  5.1557109807E+005  4.7091244781E+003
  5.2727244950E+005  4.6809442148E+003
  5.3638369603E+005  4.6428157465E+003
  5.4944896571E+005  4.6143928894E+003
  5.6013055676E+005  4.5895228715E+003
  5.7163346202E+005  4.5676197136E+003
  5.8402083286E+005  4.5484259594E+003
  5.9280382271E+005  4.5327308444E+003
  6.0203145141E+005  4.5185313678E+003
  6.1172622882E+005  4.5062090195E+003
  6.2191180434E+005  4.4813892117E+003
  6.3261302461E+005  4.4644251782E+003
  6.4385599416E+005  4.4523128342E+003
  6.5566813905E+005  4.4429853393E+003
  6.6807827377E+005  4.4303996561E+003
  6.8111667156E+005  4.4207891883E+003
  6.9481513824E+005  4.4148119658E+003
  7.0192227481E+005  4.4135271296E+003
  7.0920708979E+005  4.4106658544E+003
  7.1667402515E+005  4.3808611042E+003
  7.2432763389E+005  4.3791803518E+003
  7.3217258286E+005  4.3784236355E+003
  7.4021365554E+005  4.3777485685E+003
  7.4845575504E+005  4.3752191969E+003
  7.5690390703E+005  4.3738334691E+003
  7.6556326282E+005  4.3734819545E+003
  7.7443910251E+005  4.3743707341E+003
  7.8353683818E+005  4.3765464955E+003
  7.9286201725E+005  4.3801835688E+003
  8.0242032580E+005  4.3833739008E+003
  8.0731895893E+005  4.3628897281E+003
  8.1748668432E+005  4.3667319005E+003
  8.2816915080E+005  4.3710258465E+003
  8.3939241716E+005  4.3766051803E+003
  8.5118386137E+005  4.3822928663E+003
  8.6357224744E+005  4.3858337729E+003
  8.7658779557E+005  4.3907334755E+003
  9.2912166608E+005  4.3967773391E+003
  9.8442519985E+005  4.4109830743E+003
  1.0422881376E+006  4.4474990606E+003
  1.0930758430E+006  4.4586503725E+003
  1.1482824578E+006  4.4904054039E+003
  1.2060439913E+006  4.5072024316E+003
  1.2607370655E+006  4.5246997283E+003
  1.3157604497E+006  4.5526012048E+003
  1.3627552449E+006  4.5605451360E+003
  1.4260666495E+006  4.5914837559E+003
  1.4806638745E+006  4.6024087355E+003
  1.5355908308E+006  4.6089536596E+003
  1.5880068721E+006  4.6259580189E+003
  1.6473108117E+006  4.6324198900E+003
  1.7003176190E+006  4.6425200527E+003
  1.7588272162E+006  4.6398812135E+003
  1.8762116196E+006  4.6375300374E+003
  1.9943049473E+006  4.6249623628E+003
  2.0951670049E+006  4.6130882343E+003
  2.2011239097E+006  4.5955387305E+003
  2.3126562721E+006  4.5673739511E+003
  2.4248622164E+006  4.5332779072E+003
  2.5319388108E+006  4.5000052344E+003
  2.6158484795E+006  4.4686058761E+003
  2.7297525107E+006  4.4139604856E+003
  2.8312274123E+006  4.3647499666E+003
  2.9489071879E+006  4.3060539196E+003
  3.0612073842E+006  4.2384589680E+003
  3.1485676487E+006  4.1901134850E+003
  3.2651146745E+006  4.1211639499E+003
  3.3689441690E+006  4.0619525160E+003
  3.4680272321E+006  4.0090189515E+003
  3.5801306235E+006  3.9457407059E+003
  3.6803304231E+006  3.8917883437E+003
  3.7909322535E+006  3.8312732504E+003
  3.8813554557E+006  3.7853622328E+003
  3.9787313545E+006  3.7339393271E+003
  4.0835945470E+006  3.6830274213E+003
  4.1965207359E+006  3.6213255597E+003
  4.3181298901E+006  3.5549745199E+003
  4.4043541567E+006  3.5078715653E+003
  4.4949435269E+006  3.4564571786E+003
  4.5901189838E+006  3.4051034319E+003
  4.6893905965E+006  3.3382687729E+003
  4.7907507933E+006  3.2755091065E+003
  4.8941945791E+006  3.1926854743E+003
  4.9997510138E+006  3.1081275292E+003
  5.0000000000E+006  3.1081275292E+003
