  0.0000000000E+000  0.0000000000E+000
  2.2316474382E+001 -4.1207395350E+003
  1.0072313322E+004  4.8913302851E+009
  2.0165683171E+004  3.8633272150E+009
  3.0237080855E+004  3.2948602875E+009
  4.0367675372E+004  2.9964822467E+009
  5.0573654960E+004  2.7087190371E+009
  6.0830791354E+004  2.4476420196E+009
  7.1123064318E+004  2.2242645700E+009
  8.1258713160E+004  2.0469378810E+009
  9.2000049960E+004  1.8897959552E+009
  1.0239994949E+005  1.7708094498E+009
  1.1305877357E+005  1.6794006208E+009
  1.2369818704E+005  1.6144022267E+009
  1.3392233465E+005  1.5642674204E+009
  1.4424187457E+005  1.5230267622E+009
  1.5450717651E+005  1.4875494082E+009
  1.6455270067E+005  1.4555651446E+009
  1.7547026692E+005  1.4225721116E+009
  1.8610729426E+005  1.3913664570E+009
  1.9612409361E+005  1.3626058134E+009
  2.0687386026E+005  1.3324400289E+009
  2.1672910554E+005  1.3061251631E+009
  2.2723271405E+005  1.2796788988E+009
  2.3844411666E+005  1.2521526683E+009
  2.4837480315E+005  1.2281499722E+009
  2.5888413520E+005  1.2037605873E+009
  2.7014518287E+005  1.1790656760E+009
  2.7967710657E+005  1.1597026387E+009
  2.8968136150E+005  1.1388330224E+009
  3.0018855361E+005  1.1192336604E+009
  3.1123150597E+005  1.0995663360E+009
  3.2284544042E+005  1.0789930259E+009
  3.3195324719E+005  1.0660487687E+009
  3.4142043797E+005  1.0513523017E+009
  3.5130020955E+005  1.0389552003E+009
  3.6165232587E+005  1.0235875082E+009
  3.7242928120E+005  1.0114359064E+009
  3.8365261782E+005  9.9648954565E+008
  3.9534511404E+005  9.8506413299E+008
  4.0753089345E+005  9.7091520116E+008
  4.1594135812E+005  9.6330730851E+008
  4.2459034827E+005  9.5524617577E+008
  4.3348613756E+005  9.4592512829E+008
  4.4268595582E+005  9.3876153311E+008
  4.5220743713E+005  9.2931341340E+008
  4.6200858989E+005  9.2081000807E+008
  4.7209935175E+005  9.1299438914E+008
  4.8249004226E+005  9.0362758045E+008
  4.9319138533E+005  8.9560467691E+008
  5.0421453415E+005  8.8817125229E+008
  5.1557109807E+005  8.7912753743E+008
  5.2727244950E+005  8.7121523618E+008
  5.3638369603E+005  8.6542253465E+008
  5.4944896571E+005  8.5577147570E+008
  5.6013055676E+005  8.4968882337E+008
  5.7163346202E+005  8.4221820044E+008
  5.8402083286E+005  8.3366704893E+008
  5.9280382271E+005  8.2944836781E+008
  6.0203145141E+005  8.2460276413E+008
  6.1172622882E+005  8.1902005374E+008
  6.2191180434E+005  8.1329957823E+008
  6.3261302461E+005  8.0782411650E+008
  6.4385599416E+005  8.0149417576E+008
  6.5566813905E+005  7.9447139215E+008
  6.6807827377E+005  7.8939361059E+008
  6.8111667156E+005  7.8355380499E+008
  6.9481513824E+005  7.7682290327E+008
  7.0192227481E+005  7.7303622749E+008
  7.0920708979E+005  7.7008372286E+008
  7.1667402515E+005  7.6778600219E+008
  7.2432763389E+005  7.6409221031E+008
  7.3217258286E+005  7.6013841561E+008
  7.4021365554E+005  7.5654767110E+008
  7.4845575504E+005  7.5380335061E+008
  7.5690390703E+005  7.5087846894E+008
  7.6556326282E+005  7.4776520783E+008
  7.7443910251E+005  7.4444267283E+008
  7.8353683818E+005  7.4089222388E+008
  7.9286201725E+005  7.3707080950E+008
  8.0242032580E+005  7.3365236122E+008
  8.0731895893E+005  7.3293921555E+008
  8.1748668432E+005  7.2949166260E+008
  8.2816915080E+005  7.2573705182E+008
  8.3939241716E+005  7.2161937310E+008
  8.5118386137E+005  7.1760236262E+008
  8.6357224744E+005  7.1446280178E+008
  8.7658779557E+005  7.1102665059E+008
  9.2912166608E+005  6.9599576396E+008
  9.8442519985E+005  6.8142866405E+008
  1.0422881376E+006  6.6633201496E+008
  1.0930758430E+006  6.5507737556E+008
  1.1482824578E+006  6.4267817471E+008
  1.2060439913E+006  6.2955291513E+008
  1.2607370655E+006  6.1748732253E+008
  1.3157604497E+006  6.0635401034E+008
  1.3627552449E+006  5.9646020761E+008
  1.4260666495E+006  5.8347597773E+008
  1.4806638745E+006  5.7290770753E+008
  1.5355908308E+006  5.6230066446E+008
  1.5880068721E+006  5.5226898673E+008
  1.6473108117E+006  5.4155078137E+008
  1.7003176190E+006  5.3171689012E+008
  1.7588272162E+006  5.2171881387E+008
  1.8762116196E+006  5.0130540099E+008
  1.9943049473E+006  4.8102842577E+008
  2.0951670049E+006  4.6373243424E+008
  2.2011239097E+006  4.4572857722E+008
  2.3126562721E+006  4.2821543211E+008
  2.4248622164E+006  4.1251627988E+008
  2.5319388108E+006  3.9896756465E+008
  2.6158484795E+006  3.8943751265E+008
  2.7297525107E+006  3.7908605916E+008
  2.8312274123E+006  3.7065388343E+008
  2.9489071879E+006  3.6303477527E+008
  3.0612073842E+006  3.5662988974E+008
  3.1485676487E+006  3.5181667704E+008
  3.2651146745E+006  3.4632143004E+008
  3.3689441690E+006  3.4146994325E+008
  3.4680272321E+006  3.3675593909E+008
  3.5801306235E+006  3.3164777512E+008
  3.6803304231E+006  3.2692176524E+008
  3.7909322535E+006  3.2161574369E+008
  3.8813554557E+006  3.1729205507E+008
  3.9787313545E+006  3.1247394123E+008
  4.0835945470E+006  3.0717025515E+008
  4.1965207359E+006  3.0137741609E+008
  4.3181298901E+006  2.9504588374E+008
  4.4043541567E+006  2.9047276542E+008
  4.4949435269E+006  2.8549344391E+008
  4.5901189838E+006  2.8007948434E+008
  4.6893905965E+006  2.7439635328E+008
  4.7907507933E+006  2.6883854362E+008
  4.8941945791E+006  2.6353217634E+008
  4.9997510138E+006  2.5849461509E+008
  5.0000000000E+006  2.5849461509E+008
