 0007   0.101598E+00   0.296137E+09   0.291478E+10   0.130046E+10   0.911565E+14
 0008   0.136639E+00   0.359986E+09   0.182217E+10   0.125550E+10   0.682832E+14
 0009   0.174909E+00   0.429731E+09   0.182242E+10   0.121417E+10   0.524898E+14
 0010   0.218437E+00   0.505398E+09   0.173833E+10   0.116749E+10   0.412389E+14
 0011   0.266145E+00   0.584205E+09   0.165188E+10   0.112761E+10   0.329506E+14
 0012   0.316363E+00   0.665172E+09   0.161230E+10   0.109461E+10   0.266579E+14
 0013   0.366884E+00   0.746997E+09   0.161962E+10   0.107286E+10   0.217627E+14
 0014   0.425473E+00   0.834597E+09   0.149516E+10   0.104398E+10   0.178731E+14
 0015   0.493418E+00   0.927570E+09   0.136835E+10   0.101353E+10   0.147314E+14
 0016   0.556556E+00   0.101827E+10   0.143648E+10   0.100038E+10   0.121600E+14
 0017   0.637085E+00   0.111930E+10   0.125463E+10   0.973515E+09   0.100295E+14
 0018   0.721443E+00   0.122334E+10   0.123335E+10   0.952467E+09   0.824753E+13
 0019   0.794654E+00   0.132345E+10   0.136733E+10   0.950223E+09   0.674570E+13
 0020   0.886646E+00   0.143608E+10   0.122443E+10   0.936271E+09   0.547162E+13
 0021   0.984796E+00   0.155489E+10   0.121046E+10   0.923868E+09   0.438523E+13
 0022   0.109058E+01   0.168062E+10   0.118855E+10   0.914422E+09   0.345583E+13
 0023   0.120451E+01   0.181447E+10   0.117483E+10   0.908068E+09   0.265890E+13
 0024   0.132662E+01   0.195772E+10   0.117311E+10   0.907824E+09   0.197477E+13
 0025   0.148026E+01   0.212431E+10   0.108430E+10   0.896125E+09   0.138730E+13
 0026   0.162143E+01   0.229320E+10   0.119635E+10   0.906733E+09   0.102973E+13
 0027   0.179967E+01   0.249466E+10   0.113029E+10   0.920402E+09   0.844548E+12
 0028   0.199630E+01   0.273217E+10   0.120795E+10   0.953649E+09   0.680975E+12
 0029   0.225410E+01   0.304937E+10   0.123035E+10   0.101509E+10   0.540519E+12
 0030   0.263497E+01   0.354034E+10   0.128909E+10   0.102785E+10   0.425470E+12
 0031   0.305829E+01   0.414186E+10   0.142096E+10   0.106289E+10   0.335938E+12
 0032   0.376488E+01   0.502467E+10   0.124940E+10   0.100131E+10   0.269466E+12
 0033   0.442616E+01   0.586199E+10   0.126620E+10   0.969378E+09   0.220027E+12
 0034   0.521701E+01   0.674516E+10   0.111673E+10   0.937314E+09   0.182033E+12
 0035   0.603213E+01   0.763289E+10   0.108908E+10   0.914737E+09   0.152082E+12
 0036   0.693804E+01   0.856274E+10   0.102643E+10   0.892131E+09   0.127968E+12
 0037   0.791068E+01   0.953146E+10   0.995972E+09   0.871419E+09   0.108212E+12
 0038   0.884310E+01   0.104892E+11   0.102716E+10   0.861468E+09   0.917860E+11
 0039   0.997217E+01   0.115427E+11   0.933075E+09   0.842054E+09   0.779742E+11
 0040   0.110300E+02   0.125768E+11   0.977555E+09   0.836207E+09   0.662799E+11
 0041   0.123095E+02   0.137240E+11   0.896668E+09   0.819080E+09   0.562962E+11
 0042   0.134917E+02   0.148443E+11   0.947566E+09   0.816103E+09   0.477029E+11
 0043   0.149146E+02   0.160887E+11   0.874550E+09   0.806310E+09   0.402682E+11
 0044   0.164194E+02   0.174030E+11   0.873438E+09   0.799436E+09   0.338122E+11
 0045   0.180239E+02   0.188018E+11   0.871744E+09   0.795562E+09   0.281992E+11
 0046   0.197387E+02   0.203033E+11   0.875623E+09   0.793940E+09   0.233195E+11
 0047   0.215878E+02   0.219261E+11   0.877597E+09   0.794796E+09   0.190778E+11
 0048   0.235762E+02   0.236912E+11   0.887744E+09   0.800548E+09   0.153620E+11
 0049   0.260117E+02   0.257525E+11   0.846348E+09   0.800838E+09   0.122203E+11
 0050   0.284008E+02   0.279559E+11   0.922306E+09   0.814656E+09   0.948993E+10
 0051   0.316889E+02   0.307369E+11   0.845761E+09   0.805349E+09   0.716363E+10
 0052   0.346351E+02   0.333462E+11   0.885644E+09   0.811740E+09   0.543903E+10
 0053   0.374881E+02   0.359090E+11   0.898275E+09   0.827164E+09   0.414547E+10
 0054   0.409432E+02   0.387088E+11   0.810347E+09   0.834115E+09   0.316672E+10
 0055   0.439106E+02   0.413887E+11   0.903092E+09   0.855376E+09   0.242129E+10
 0056   0.472526E+02   0.442935E+11   0.869194E+09   0.871520E+09   0.184994E+10
 0057   0.506090E+02   0.473078E+11   0.898080E+09   0.893581E+09   0.140988E+10
 0058   0.539804E+02   0.504816E+11   0.941393E+09   0.926176E+09   0.107005E+10
 0059   0.578335E+02   0.541148E+11   0.942932E+09   0.960360E+09   0.808917E+09
 0060   0.618917E+02   0.582262E+11   0.101311E+10   0.996692E+09   0.610528E+09
 0061   0.662966E+02   0.629042E+11   0.106199E+10   0.102973E+10   0.460995E+09
 0062   0.710730E+02   0.681317E+11   0.109444E+10   0.105222E+10   0.349043E+09
 0063   0.762928E+02   0.737991E+11   0.108575E+10   0.106385E+10   0.265732E+09
 0064   0.813473E+02   0.794825E+11   0.112441E+10   0.108373E+10   0.203554E+09
 0065   0.866355E+02   0.853919E+11   0.111747E+10   0.110357E+10   0.156750E+09
 0066   0.919658E+02   0.914567E+11   0.113779E+10   0.112742E+10   0.121237E+09
 0067   0.972547E+02   0.976889E+11   0.117837E+10   0.115724E+10   0.940894E+08
 0068   0.103171E+03   0.104493E+12   0.114992E+10   0.117754E+10   0.732116E+08
 0069   0.109142E+03   0.111592E+12   0.118911E+10   0.119698E+10   0.570698E+08
 0070   0.114608E+03   0.118631E+12   0.128774E+10   0.123399E+10   0.445044E+08
 0071   0.120230E+03   0.126079E+12   0.132472E+10   0.127032E+10   0.346792E+08
 0072   0.126679E+03   0.134296E+12   0.127430E+10   0.130309E+10   0.269807E+08
 0073   0.133336E+03   0.143133E+12   0.132744E+10   0.133542E+10   0.209472E+08
 0074   0.139472E+03   0.152119E+12   0.146428E+10   0.139412E+10   0.162228E+08
 0075   0.146672E+03   0.162523E+12   0.144511E+10   0.144345E+10   0.125292E+08
 0076   0.154197E+03   0.174006E+12   0.152599E+10   0.150295E+10   0.964183E+07
 0077   0.163094E+03   0.187552E+12   0.152245E+10   0.155831E+10   0.738680E+07
 0078   0.171631E+03   0.202356E+12   0.173424E+10   0.162474E+10   0.563784E+07
 0079   0.182074E+03   0.219972E+12   0.168693E+10   0.166186E+10   0.428244E+07
 0080   0.192559E+03   0.238738E+12   0.178968E+10   0.170713E+10   0.323028E+07
 0081   0.204124E+03   0.259366E+12   0.178369E+10   0.172645E+10   0.242963E+07
 0082   0.215215E+03   0.279880E+12   0.184965E+10   0.176630E+10   0.183320E+07
 0083   0.228270E+03   0.302519E+12   0.173414E+10   0.176529E+10   0.139086E+07
 0084   0.239963E+03   0.323871E+12   0.182601E+10   0.180487E+10   0.106248E+07
 0085   0.251599E+03   0.345834E+12   0.188737E+10   0.184424E+10   0.816611E+06
 0086   0.262996E+03   0.368128E+12   0.195621E+10   0.191216E+10   0.629915E+06
 0087   0.275716E+03   0.393073E+12   0.196111E+10   0.196150E+10   0.487619E+06
 0088   0.288682E+03   0.419573E+12   0.204381E+10   0.202032E+10   0.379514E+06
 0089   0.302268E+03   0.448348E+12   0.211793E+10   0.208585E+10   0.297738E+06
 0090   0.316555E+03   0.479841E+12   0.220433E+10   0.215986E+10   0.236136E+06
 0091   0.331748E+03   0.514810E+12   0.230160E+10   0.225354E+10   0.189917E+06
 0092   0.348048E+03   0.554749E+12   0.245031E+10   0.236986E+10   0.155078E+06
 0093   0.367765E+03   0.603799E+12   0.248763E+10   0.247262E+10   0.128577E+06
 0094   0.389919E+03   0.662008E+12   0.262746E+10   0.253532E+10   0.107391E+06
 0095   0.412276E+03   0.724503E+12   0.279543E+10   0.260499E+10   0.884451E+05
 0096   0.436623E+03   0.792576E+12   0.279588E+10   0.270210E+10   0.698778E+05
 0097   0.464826E+03   0.871368E+12   0.279374E+10   0.283358E+10   0.501470E+05
 0098   0.493787E+03   0.963427E+12   0.317875E+10   0.306823E+10   0.268477E+05
 0099   0.529283E+03   0.108949E+13   0.355131E+10   0.362671E+10   0.918351E+04
