  0.0000000000E+000  0.0000000000E+000
  2.2283806904E+001  1.0825225831E+038
  1.0055007217E+004  3.6797862298E+042
  2.0136965340E+004  2.0637558197E+042
  3.0228940390E+004  1.4032078230E+042
  4.0292331117E+004  1.0035851191E+042
  5.0652112936E+004  7.6987689345E+041
  6.0887211808E+004  6.2421866992E+041
  7.1151114643E+004  5.2700202413E+041
  8.1251745165E+004  4.5640525688E+041
  9.1947950539E+004  3.9991330613E+041
  1.0229663578E+005  3.5203710721E+041
  1.1289885540E+005  3.0670375180E+041
  1.2348217129E+005  2.7160196638E+041
  1.3363545990E+005  2.4404451513E+041
  1.4387888957E+005  2.2580841810E+041
  1.5406635777E+005  2.0636344527E+041
  1.6403439751E+005  1.9177383549E+041
  1.7486587640E+005  1.7539200775E+041
  1.8541081320E+005  1.6487710528E+041
  1.9533847119E+005  1.5418916176E+041
  2.0598912767E+005  1.4405539643E+041
  2.1574953726E+005  1.3597333024E+041
  2.2614707940E+005  1.2834070989E+041
  2.3723886471E+005  1.2125308673E+041
  2.4705765685E+005  1.1578833001E+041
  2.5744226355E+005  1.1053266178E+041
  2.6852720292E+005  1.0528805128E+041
  2.7792544586E+005  1.0213326835E+041
  2.8778321410E+005  9.9041712969E+040
  2.9812968137E+005  9.6623739386E+040
  3.0899610591E+005  9.4377440183E+040
  3.2041601594E+005  9.2068361221E+040
  3.2936572882E+005  9.1150522246E+040
  3.3866313613E+005  8.9719596494E+040
  3.4832530635E+005  8.9114869382E+040
  3.5847137467E+005  8.6700292479E+040
  3.6902738007E+005  8.5957640277E+040
  3.8001377464E+005  8.4859277251E+040
  3.9145215960E+005  8.4544943536E+040
  4.0336534704E+005  8.3570277898E+040
  4.1158310658E+005  8.3809727795E+040
  4.2003007271E+005  8.3293599769E+040
  4.2871402764E+005  8.2812106717E+040
  4.3764305748E+005  8.2330792920E+040
  4.4692210873E+005  8.1244063867E+040
  4.5646882848E+005  8.0548797859E+040
  4.6629269372E+005  8.0980186928E+040
  4.7640356069E+005  8.0607125071E+040
  4.8681167864E+005  8.0303104543E+040
  4.9752770856E+005  8.1299016265E+040
  5.0856274561E+005  8.1288985587E+040
  5.1992734205E+005  8.1302601827E+040
  5.3168343066E+005  8.0364198288E+040
  5.4387825967E+005  8.0256092363E+040
  5.5644940532E+005  8.1616486026E+040
  5.6939814846E+005  8.1861572917E+040
  5.8273033402E+005  8.3547684474E+040
  5.8954435089E+005  8.3839705746E+040
  5.9645925186E+005  8.4164253151E+040
  6.0347677879E+005  8.4512636708E+040
  6.1059870691E+005  8.4892490116E+040
  6.1782684558E+005  8.5302365518E+040
  6.2523568772E+005  8.4610102684E+040
  6.3276117672E+005  8.4815699012E+040
  6.4040067202E+005  8.5263346828E+040
  6.4815617674E+005  8.5694447000E+040
  6.5602972882E+005  8.7653755511E+040
  6.6402340319E+005  8.8259522784E+040
  6.7213931310E+005  8.8908178014E+040
  6.8037961089E+005  8.9614820521E+040
  6.8874648861E+005  9.0374375159E+040
  6.9724217849E+005  9.1198817048E+040
  7.0586895351E+005  9.3808736819E+040
  7.1471139790E+005  9.1109425254E+040
  7.2373225928E+005  9.2039961178E+040
  7.3289462642E+005  9.3036265397E+040
  7.4220099622E+005  9.5863604566E+040
  7.5165392707E+005  9.7081943303E+040
  7.6125603281E+005  9.8397140016E+040
  7.7100998139E+005  9.9796613058E+040
  7.8091849532E+005  1.0129703445E+041
  7.9098435280E+005  1.0289329858E+041
  8.0121038922E+005  1.0655935052E+041
  8.1169207655E+005  1.0409728359E+041
  8.2238276357E+005  1.0598485856E+041
  8.3324628000E+005  1.0784697783E+041
  8.4428576566E+005  1.1176531039E+041
  8.5550445112E+005  1.1382481334E+041
  8.6690564378E+005  1.1597945796E+041
  8.7849272439E+005  1.1823638093E+041
  9.2712464833E+005  1.2597915491E+041
  9.7921625740E+005  1.3955839500E+041
  1.0353839462E+006  1.5040237823E+041
  1.0800574442E+006  1.6101921661E+041
  1.1273727012E+006  1.7055797583E+041
  1.1771489820E+006  1.8277496705E+041
  1.2299707013E+006  1.9349417713E+041
  1.2856980575E+006  2.0630586043E+041
  1.3445936627E+006  2.2404743588E+041
  1.4068034484E+006  2.3559135609E+041
  1.4501731066E+006  2.4916930236E+041
  1.4952009307E+006  2.5494719687E+041
  1.5419554238E+006  2.6870837982E+041
  1.5904554447E+006  2.7556951015E+041
  1.6407708376E+006  2.8858740538E+041
  1.6929978042E+006  2.9397692227E+041
  1.7472135250E+006  3.0597970092E+041
  1.8034355392E+006  3.1078672526E+041
  1.9210020800E+006  3.2453629372E+041
  2.0125528674E+006  3.3122794123E+041
  2.1055319004E+006  3.3685336860E+041
  2.2000195302E+006  3.4039709706E+041
  2.2959874975E+006  3.3718791607E+041
  2.3933828048E+006  3.3738308808E+041
  2.4922596363E+006  3.3820216854E+041
  2.5927270973E+006  3.3316170359E+041
  2.6948071136E+006  3.3241185237E+041
  2.7993216015E+006  3.2793920902E+041
  2.9411953821E+006  3.2364275046E+041
  3.0500188202E+006  3.2304142283E+041
  3.1614971344E+006  3.2260151426E+041
  3.2757414513E+006  3.1462278022E+041
  3.3921239689E+006  3.1353105193E+041
  3.5113844194E+006  3.1150916450E+041
  3.6330724943E+006  3.0943092295E+041
  3.7157543101E+006  3.0275634067E+041
  3.8418073857E+006  3.0180169652E+041
  3.9706614487E+006  2.9712563576E+041
  4.0581283130E+006  2.9832550650E+041
  4.1468193399E+006  2.8908810804E+041
  4.2370112284E+006  2.9025018615E+041
  4.3289428574E+006  2.8875678584E+041
  4.4225531972E+006  2.7708963619E+041
  4.5180414985E+006  2.7652429709E+041
  4.6155384268E+006  2.7635223333E+041
  4.7149373086E+006  2.7246610150E+041
  4.8164259835E+006  2.7055575880E+041
  4.9200009451E+006  2.6871423251E+041
  5.0000000000E+006  2.5631773018E+041
  5.0000000000E+006  2.5631773018E+041
