  0.0000000000E+000  0.0000000000E+000
  2.2317082715E+001  1.0660365107E+038
  1.0072235162E+004  3.5024276865E+042
  2.0164886417E+004  1.9873641196E+042
  3.0235949035E+004  1.3361721917E+042
  4.0366089558E+004  9.4841286346E+041
  5.0571439251E+004  7.2916789578E+041
  6.0827827724E+004  5.9384534886E+041
  7.1119304621E+004  5.0175815524E+041
  8.1254172864E+004  4.3553909651E+041
  9.1994657808E+004  3.7984880419E+041
  1.0239311001E+005  3.3432175208E+041
  1.1304918954E+005  2.9273783660E+041
  1.2368454430E+005  2.6046435381E+041
  1.3388367008E+005  2.3296117129E+041
  1.4415904331E+005  2.1274441811E+041
  1.5435961937E+005  1.9735101972E+041
  1.6431933949E+005  1.8121113914E+041
  1.7511623480E+005  1.6777339403E+041
  1.8560417328E+005  1.5635038697E+041
  1.9545442307E+005  1.4649120296E+041
  2.0599924952E+005  1.3718477441E+041
  2.1564536018E+005  1.2936176089E+041
  2.2590685203E+005  1.2189315020E+041
  2.3684165164E+005  1.1494607722E+041
  2.4651472532E+005  1.0942955685E+041
  2.5674139028E+005  1.0445023481E+041
  2.6676184520E+005  1.0073509773E+041
  2.7760212920E+005  9.6776893606E+040
  2.8901282950E+005  9.3069105351E+040
  3.0049244290E+005  9.0005156934E+040
  3.1144728058E+005  8.7552030193E+040
  3.2123888927E+005  8.5588316380E+040
  3.3204699315E+005  8.3941018858E+040
  3.4397711755E+005  8.2290986794E+040
  3.5123182535E+005  8.1257773659E+040
  3.6188983126E+005  8.0056131444E+040
  3.7304108128E+005  7.9025731050E+040
  3.8359994473E+005  7.8004117449E+040
  3.9422257674E+005  7.7134395318E+040
  4.0435960883E+005  7.6338896401E+040
  4.1582873020E+005  7.5557251341E+040
  4.2608001384E+005  7.4983376645E+040
  4.3739551287E+005  7.4399205944E+040
  4.4459364994E+005  7.3711036175E+040
  4.5460780012E+005  7.3041454470E+040
  4.6599780445E+005  7.2557013234E+040
  4.7678273889E+005  7.2256000334E+040
  4.8763280721E+005  7.2010415894E+040
  4.9798687866E+005  7.1983589063E+040
  5.0970156013E+005  7.2003924726E+040
  5.2017232932E+005  7.2052114430E+040
  5.3030545438E+005  7.1467914241E+040
  5.4092054393E+005  7.1347132978E+040
  5.5249321909E+005  7.1425602109E+040
  5.6404480650E+005  7.1661123753E+040
  5.7433589262E+005  7.1930502573E+040
  5.8415653502E+005  7.2260874351E+040
  5.9526769049E+005  7.2798509558E+040
  6.0519901850E+005  7.3321748363E+040
  6.1473989139E+005  7.3151664087E+040
  6.2746833683E+005  7.3524217068E+040
  6.3880786306E+005  7.4129559492E+040
  6.4962901747E+005  7.4786474280E+040
  6.5930113791E+005  7.5477387364E+040
  6.6997734913E+005  7.6355838626E+040
  6.8176188871E+005  7.7408838792E+040
  6.9139641104E+005  7.8337896179E+040
  7.0026227180E+005  7.9250669750E+040
  7.0976061829E+005  7.8952723508E+040
  7.2162275150E+005  8.0225695593E+040
  7.3285473396E+005  8.1509157873E+040
  7.4415455018E+005  8.2899973119E+040
  7.5493780988E+005  8.4355660699E+040
  7.6457605943E+005  8.5728402813E+040
  7.7521488352E+005  8.7323353385E+040
  7.8695815470E+005  8.9179626201E+040
  7.9442841079E+005  8.8624336392E+040
  8.0482113680E+005  9.0339106074E+040
  8.1664172989E+005  9.2321270176E+040
  8.2783437895E+005  9.4249503475E+040
  8.3909462424E+005  9.6250489621E+040
  8.4984012193E+005  9.8222775096E+040
  8.5944461920E+005  1.0004348004E+041
  8.7004618709E+005  1.0210784363E+041
  9.1890681627E+005  1.0973358253E+041
  9.6713205274E+005  1.1816284318E+041
  1.0193647648E+006  1.3002026874E+041
  1.0698075092E+006  1.3948068548E+041
  1.1212546289E+006  1.5189171160E+041
  1.1706510435E+006  1.6158236250E+041
  1.2230053097E+006  1.7456510166E+041
  1.2721118956E+006  1.8473282059E+041
  1.3226655172E+006  1.9463664956E+041
  1.3733711906E+006  2.0739683924E+041
  1.4236053760E+006  2.1775972007E+041
  1.4769652685E+006  2.3041951006E+041
  1.5276219910E+006  2.3959089726E+041
  1.5824365324E+006  2.5110572764E+041
  1.6348513422E+006  2.5999396042E+041
  1.6842458086E+006  2.6696373004E+041
  1.7343029272E+006  2.7507721662E+041
  1.8385505795E+006  2.8806927020E+041
  1.9376664220E+006  2.9675445736E+041
  2.0377157009E+006  3.0284774652E+041
  2.1403673268E+006  3.0582606615E+041
  2.2416875556E+006  3.0560812933E+041
  2.3441273546E+006  3.0361330221E+041
  2.4449369216E+006  3.0162122288E+041
  2.5505565602E+006  2.9750786826E+041
  2.6532738591E+006  2.9262915881E+041
  2.7538328869E+006  2.8768258354E+041
  2.8590974545E+006  2.8246268216E+041
  2.9621367224E+006  2.7762925771E+041
  3.0642871162E+006  2.7273237665E+041
  3.1731284305E+006  2.6621616498E+041
  3.2713414552E+006  2.6101788757E+041
  3.3725486829E+006  2.5513158051E+041
  3.4768857264E+006  2.4923073281E+041
  3.5851558129E+006  2.4207056784E+041
  3.6841664889E+006  2.3550241183E+041
  3.7903596106E+006  2.2811035274E+041
  3.8915059348E+006  2.2002072869E+041
  3.9971614059E+006  2.1216537633E+041
  4.1013175267E+006  2.0318844637E+041
  4.2020712599E+006  1.9430167722E+041
  4.2999656881E+006  1.8613831826E+041
  4.4105812404E+006  1.7588126172E+041
  4.5078517069E+006  1.6578599989E+041
  4.6121155796E+006  1.5510904013E+041
  4.7120314762E+006  1.4389761633E+041
  4.8100141075E+006  1.3281625666E+041
  4.9185675188E+006  1.1998835822E+041
  5.0000000000E+006  1.1998835822E+041
