   0.000000000E+00   0.171849944E+05  -0.480624731E+01  -0.537145843E+01  -0.518131768E+01  -0.487624731E+01  -0.461871212E+01  -0.435364175E+01  -0.617392325E+01  -0.513131768E+01  -0.503378250E+01  -0.501624731E+01  -0.497871212E+01
   0.220699886E+02   0.171853773E+05  -0.480629198E+01  -0.537152261E+01  -0.518136886E+01  -0.487629198E+01  -0.461875354E+01  -0.435367667E+01  -0.617398417E+01  -0.513136886E+01  -0.503383042E+01  -0.501629198E+01  -0.497875354E+01
   0.100447812E+05   0.387364412E+05  -0.138984937E+02  -0.149264843E+02  -0.145024890E+02  -0.140084937E+02  -0.136484937E+02  -0.133144984E+02  -0.157064843E+02  -0.144824890E+02  -0.142184937E+02  -0.141084937E+02  -0.139844984E+02
   0.200885245E+05   0.263585314E+05  -0.143746497E+02  -0.152401277E+02  -0.148923887E+02  -0.144735192E+02  -0.141446497E+02  -0.138357802E+02  -0.160301277E+02  -0.148623887E+02  -0.146635192E+02  -0.145846497E+02  -0.144857802E+02
   0.301148589E+05   0.210091294E+05  -0.145484763E+02  -0.152700476E+02  -0.150011048E+02  -0.146347906E+02  -0.143384763E+02  -0.140521621E+02  -0.160700476E+02  -0.149674191E+02  -0.148047906E+02  -0.147584763E+02  -0.146921621E+02
   0.401940733E+05   0.174620472E+05  -0.146417707E+02  -0.152210956E+02  -0.150215457E+02  -0.147117707E+02  -0.144518833E+02  -0.141821083E+02  -0.160212081E+02  -0.149715457E+02  -0.148716582E+02  -0.148517707E+02  -0.148118833E+02
   0.503403297E+05   0.153450516E+05  -0.146532854E+02  -0.151125868E+02  -0.149872717E+02  -0.147232854E+02  -0.144819566E+02  -0.142406279E+02  -0.159225868E+02  -0.149286005E+02  -0.148646142E+02  -0.148719566E+02  -0.148506279E+02
   0.605309500E+05   0.139693005E+05  -0.146439118E+02  -0.149945608E+02  -0.149253114E+02  -0.147039118E+02  -0.144860619E+02  -0.142503621E+02  -0.158067109E+02  -0.148553114E+02  -0.148296116E+02  -0.148539118E+02  -0.148582120E+02
   0.707511641E+05   0.129840021E+05  -0.146157044E+02  -0.148719241E+02  -0.148551354E+02  -0.146730621E+02  -0.144709889E+02  -0.142536311E+02  -0.156945664E+02  -0.147824931E+02  -0.147804199E+02  -0.148283466E+02  -0.148509889E+02
   0.808115726E+05   0.122158837E+05  -0.145840196E+02  -0.147604661E+02  -0.147872428E+02  -0.146326643E+02  -0.144553750E+02  -0.142467303E+02  -0.155904661E+02  -0.147058875E+02  -0.147313089E+02  -0.148026643E+02  -0.148353750E+02
   0.914602886E+05   0.115419089E+05  -0.145490380E+02  -0.146443707E+02  -0.147117043E+02  -0.145895713E+02  -0.144285048E+02  -0.142279715E+02  -0.154743707E+02  -0.146222376E+02  -0.146801045E+02  -0.147595713E+02  -0.148085048E+02
   0.101774063E+06   0.109434847E+05  -0.145108488E+02  -0.145221900E+02  -0.146279440E+02  -0.145436980E+02  -0.143979995E+02  -0.142123011E+02  -0.153521900E+02  -0.145379440E+02  -0.146265472E+02  -0.147208488E+02  -0.147851503E+02
   0.112339122E+06   0.103432001E+05  -0.144614365E+02  -0.143836739E+02  -0.145404319E+02  -0.144914365E+02  -0.143619388E+02  -0.141924411E+02  -0.152189251E+02  -0.144451808E+02  -0.145609342E+02  -0.146766876E+02  -0.147571899E+02
   0.122879400E+06   0.979393916E+04  -0.144204776E+02  -0.142507330E+02  -0.144621340E+02  -0.144474204E+02  -0.143365922E+02  -0.141827068E+02  -0.150907330E+02  -0.143590767E+02  -0.145013058E+02  -0.146404776E+02  -0.147396495E+02
   0.132995055E+06   0.929880786E+04  -0.143800122E+02  -0.141135224E+02  -0.143769836E+02  -0.143995795E+02  -0.143108775E+02  -0.141717428E+02  -0.149543877E+02  -0.142665510E+02  -0.144387142E+02  -0.146000122E+02  -0.147208775E+02
   0.143185562E+06   0.887682788E+04  -0.143485896E+02  -0.139813886E+02  -0.142985624E+02  -0.143614428E+02  -0.142928830E+02  -0.141671765E+02  -0.148356820E+02  -0.141814157E+02  -0.143871494E+02  -0.145685896E+02  -0.147028830E+02
   0.153300065E+06   0.851764638E+04  -0.143231884E+02  -0.138671665E+02  -0.142317115E+02  -0.143301203E+02  -0.142793246E+02  -0.141654609E+02  -0.147271665E+02  -0.141086434E+02  -0.143439840E+02  -0.145431884E+02  -0.146923928E+02
   0.163173731E+06   0.816839995E+04  -0.142841724E+02  -0.137387834E+02  -0.141509909E+02  -0.142851465E+02  -0.142522243E+02  -0.141502761E+02  -0.145987834E+02  -0.140219650E+02  -0.142870946E+02  -0.145041724E+02  -0.146712502E+02
   0.173859049E+06   0.784965441E+04  -0.142475718E+02  -0.136062114E+02  -0.140644986E+02  -0.142427859E+02  -0.142271436E+02  -0.141367154E+02  -0.144709973E+02  -0.139344986E+02  -0.142284282E+02  -0.144675718E+02  -0.146519295E+02
   0.184249887E+06   0.757351320E+04  -0.142114199E+02  -0.134841915E+02  -0.139828872E+02  -0.142015829E+02  -0.142010938E+02  -0.141207678E+02  -0.143540285E+02  -0.138528872E+02  -0.141720721E+02  -0.144314199E+02  -0.146309308E+02
   0.194006295E+06   0.733586400E+04  -0.141689263E+02  -0.133581643E+02  -0.139030321E+02  -0.141544396E+02  -0.141678999E+02  -0.141058470E+02  -0.142326511E+02  -0.137640585E+02  -0.141154660E+02  -0.143889263E+02  -0.146068735E+02
   0.204447671E+06   0.710711084E+04  -0.141245850E+02  -0.132330548E+02  -0.138227938E+02  -0.141056111E+02  -0.141325327E+02  -0.140884283E+02  -0.141120287E+02  -0.136748460E+02  -0.140576633E+02  -0.143445850E+02  -0.145804805E+02
   0.213996412E+06   0.691099154E+04  -0.140821134E+02  -0.131116262E+02  -0.137448941E+02  -0.140560647E+02  -0.141011865E+02  -0.140672352E+02  -0.139946505E+02  -0.135918698E+02  -0.139969916E+02  -0.143021134E+02  -0.145511865E+02
   0.224151490E+06   0.671971213E+04  -0.140376604E+02  -0.129867191E+02  -0.136642368E+02  -0.140035662E+02  -0.140688016E+02  -0.140428957E+02  -0.138737662E+02  -0.135071897E+02  -0.139324251E+02  -0.142576604E+02  -0.145188016E+02
   0.234969772E+06   0.653650803E+04  -0.139916074E+02  -0.128613406E+02  -0.135819566E+02  -0.139506424E+02  -0.140345027E+02  -0.140173980E+02  -0.137523057E+02  -0.134200264E+02  -0.138677471E+02  -0.142125725E+02  -0.144854678E+02
   0.244537197E+06   0.638941105E+04  -0.139481611E+02  -0.127482272E+02  -0.135053354E+02  -0.139038785E+02  -0.140010088E+02  -0.139938565E+02  -0.136425098E+02  -0.133367703E+02  -0.138110308E+02  -0.141724437E+02  -0.144552914E+02
   0.254649663E+06   0.624695386E+04  -0.139072366E+02  -0.126398331E+02  -0.134322825E+02  -0.138597412E+02  -0.139697228E+02  -0.139722090E+02  -0.135373285E+02  -0.132572917E+02  -0.137572549E+02  -0.141347320E+02  -0.144272182E+02
   0.265551252E+06   0.612826754E+04  -0.138756134E+02  -0.125515526E+02  -0.133737676E+02  -0.138252442E+02  -0.139463517E+02  -0.139569055E+02  -0.134517372E+02  -0.131935830E+02  -0.137148751E+02  -0.141056134E+02  -0.144065363E+02
   0.276127138E+06   0.600564230E+04  -0.138350561E+02  -0.124457534E+02  -0.133035549E+02  -0.137787559E+02  -0.139176566E+02  -0.139371070E+02  -0.133489035E+02  -0.131204047E+02  -0.136624556E+02  -0.140650561E+02  -0.143808067E+02
   0.287259529E+06   0.588975284E+04  -0.137954434E+02  -0.123444824E+02  -0.132359157E+02  -0.137335379E+02  -0.138892545E+02  -0.139171128E+02  -0.132504352E+02  -0.130499629E+02  -0.136116323E+02  -0.140254434E+02  -0.143552073E+02
   0.298459152E+06   0.578245361E+04  -0.137616930E+02  -0.122536441E+02  -0.131762162E+02  -0.136945976E+02  -0.138658837E+02  -0.139015267E+02  -0.131621918E+02  -0.129876685E+02  -0.135675023E+02  -0.139916930E+02  -0.143344313E+02
   0.309146798E+06   0.569065818E+04  -0.137323194E+02  -0.121725682E+02  -0.131232668E+02  -0.136614964E+02  -0.138456113E+02  -0.138889031E+02  -0.130833912E+02  -0.129316208E+02  -0.135282046E+02  -0.139631424E+02  -0.143172572E+02
   0.318699587E+06   0.561549265E+04  -0.137057412E+02  -0.120992186E+02  -0.130752517E+02  -0.136329695E+02  -0.138268283E+02  -0.138779154E+02  -0.130119904E+02  -0.128797082E+02  -0.134918824E+02  -0.139385130E+02  -0.143023719E+02
   0.329244079E+06   0.553838709E+04  -0.136826415E+02  -0.120281403E+02  -0.130301618E+02  -0.136078706E+02  -0.138117250E+02  -0.138708086E+02  -0.129429112E+02  -0.128306200E+02  -0.134587871E+02  -0.139174124E+02  -0.142912668E+02
   0.340883225E+06   0.546351745E+04  -0.136591455E+02  -0.119580570E+02  -0.129853133E+02  -0.135824334E+02  -0.137959935E+02  -0.138628416E+02  -0.128747690E+02  -0.127818892E+02  -0.134255854E+02  -0.138958575E+02  -0.142794176E+02
   0.350398879E+06   0.539458844E+04  -0.136391806E+02  -0.118952014E+02  -0.129456902E+02  -0.135606815E+02  -0.137831772E+02  -0.138571737E+02  -0.128137006E+02  -0.127386919E+02  -0.133966850E+02  -0.138776798E+02  -0.142701754E+02
   0.350398879E+06   0.540563437E+04  -0.136431740E+02  -0.119060681E+02  -0.129528338E+02  -0.135649613E+02  -0.137860250E+02  -0.138588760E+02  -0.128242808E+02  -0.127464083E+02  -0.134021103E+02  -0.138813867E+02  -0.142724505E+02
   0.350398879E+06   0.540989308E+04  -0.136440368E+02  -0.119095808E+02  -0.129549111E+02  -0.135659344E+02  -0.137864461E+02  -0.138588554E+02  -0.128276831E+02  -0.127487065E+02  -0.134035251E+02  -0.138821391E+02  -0.142726508E+02
   0.360796934E+06   0.535049538E+04  -0.136263210E+02  -0.118549051E+02  -0.129202554E+02  -0.135466786E+02  -0.137748903E+02  -0.138534596E+02  -0.127745474E+02  -0.127109707E+02  -0.133781093E+02  -0.138659633E+02  -0.142641749E+02
   0.371676202E+06   0.528510123E+04  -0.136090291E+02  -0.117902978E+02  -0.128818152E+02  -0.135261601E+02  -0.137633326E+02  -0.138490706E+02  -0.127117323E+02  -0.126689462E+02  -0.133504221E+02  -0.138490291E+02  -0.142562016E+02
   0.381977532E+06   0.523124376E+04  -0.135919071E+02  -0.117327489E+02  -0.128467257E+02  -0.135060435E+02  -0.137507024E+02  -0.138424295E+02  -0.126556807E+02  -0.126308621E+02  -0.133243164E+02  -0.138319071E+02  -0.142465660E+02
   0.392341076E+06   0.517289713E+04  -0.135764892E+02  -0.116735346E+02  -0.128118428E+02  -0.134873815E+02  -0.137401509E+02  -0.138383664E+02  -0.125980885E+02  -0.125927350E+02  -0.132991660E+02  -0.138164892E+02  -0.142392586E+02
   0.402230863E+06   0.512395722E+04  -0.135625126E+02  -0.116228224E+02  -0.127815392E+02  -0.134706837E+02  -0.137302559E+02  -0.138339137E+02  -0.125487369E+02  -0.125597103E+02  -0.132770259E+02  -0.138025126E+02  -0.142320848E+02
   0.413420250E+06   0.507000171E+04  -0.135483382E+02  -0.115681477E+02  -0.127493647E+02  -0.134535093E+02  -0.137205816E+02  -0.138302395E+02  -0.124955622E+02  -0.125245357E+02  -0.132538515E+02  -0.137883382E+02  -0.142254106E+02
   0.423421502E+06   0.502422770E+04  -0.135375152E+02  -0.115229656E+02  -0.127232709E+02  -0.134401412E+02  -0.137135763E+02  -0.138283244E+02  -0.124516526E+02  -0.124958969E+02  -0.132353931E+02  -0.137775152E+02  -0.142209504E+02
   0.434461013E+06   0.500000000E+04  -0.135276764E+02  -0.114949408E+02  -0.127053495E+02  -0.134289552E+02  -0.137057581E+02  -0.138232004E+02  -0.124243014E+02  -0.124766283E+02  -0.132215129E+02  -0.137676764E+02  -0.142144793E+02
   0.443721601E+06   0.500000000E+04  -0.135175869E+02  -0.114848513E+02  -0.126952600E+02  -0.134188658E+02  -0.136956687E+02  -0.138131110E+02  -0.124142119E+02  -0.124665388E+02  -0.132114235E+02  -0.137575869E+02  -0.142043898E+02
   0.453491503E+06   0.500000000E+04  -0.135076792E+02  -0.114749436E+02  -0.126853522E+02  -0.134089580E+02  -0.136857609E+02  -0.138032032E+02  -0.124043041E+02  -0.124566311E+02  -0.132015157E+02  -0.137476792E+02  -0.141944821E+02
   0.464603702E+06   0.500000000E+04  -0.135004541E+02  -0.114677185E+02  -0.126781272E+02  -0.134017330E+02  -0.136785359E+02  -0.137959782E+02  -0.123970791E+02  -0.124494060E+02  -0.131942907E+02  -0.137404541E+02  -0.141872570E+02
   0.475125590E+06   0.500000000E+04  -0.134959404E+02  -0.114632048E+02  -0.126736135E+02  -0.133972193E+02  -0.136740222E+02  -0.137914645E+02  -0.123925654E+02  -0.124448923E+02  -0.131897770E+02  -0.137359404E+02  -0.141827433E+02
   0.485711022E+06   0.500000000E+04  -0.134922439E+02  -0.114595083E+02  -0.126699170E+02  -0.133935228E+02  -0.136703257E+02  -0.137877680E+02  -0.123888689E+02  -0.124411958E+02  -0.131860805E+02  -0.137322439E+02  -0.141790468E+02
   0.495812555E+06   0.500000000E+04  -0.134918394E+02  -0.114591038E+02  -0.126695124E+02  -0.133931182E+02  -0.136699211E+02  -0.137873634E+02  -0.123884644E+02  -0.124407913E+02  -0.131856759E+02  -0.137318394E+02  -0.141786423E+02
   0.507241513E+06   0.500000000E+04  -0.134921461E+02  -0.114594105E+02  -0.126698191E+02  -0.133934249E+02  -0.136702278E+02  -0.137876701E+02  -0.123887710E+02  -0.124410980E+02  -0.131859826E+02  -0.137321461E+02  -0.141789490E+02
   0.517456897E+06   0.500000000E+04  -0.134928725E+02  -0.114601369E+02  -0.126705455E+02  -0.133941513E+02  -0.136709542E+02  -0.137883965E+02  -0.123894974E+02  -0.124418244E+02  -0.131867090E+02  -0.137328725E+02  -0.141796754E+02
   0.528769323E+06   0.500000000E+04  -0.134840334E+02  -0.114512978E+02  -0.126617065E+02  -0.133853123E+02  -0.136621151E+02  -0.137795575E+02  -0.123806584E+02  -0.124329853E+02  -0.131778699E+02  -0.137240334E+02  -0.141708363E+02
   0.539912775E+06   0.500000000E+04  -0.134821970E+02  -0.114494613E+02  -0.126598700E+02  -0.133834758E+02  -0.136602787E+02  -0.137777210E+02  -0.123788219E+02  -0.124311489E+02  -0.131760335E+02  -0.137221970E+02  -0.141689999E+02
   0.551203190E+06   0.500000000E+04  -0.134833904E+02  -0.114506548E+02  -0.126610635E+02  -0.133846693E+02  -0.136614722E+02  -0.137789145E+02  -0.123800154E+02  -0.124323423E+02  -0.131772269E+02  -0.137233904E+02  -0.141701933E+02
   0.562473032E+06   0.500000000E+04  -0.134869647E+02  -0.114542291E+02  -0.126646377E+02  -0.133882435E+02  -0.136650464E+02  -0.137824887E+02  -0.123835896E+02  -0.124359166E+02  -0.131808012E+02  -0.137269647E+02  -0.141737676E+02
   0.572513116E+06   0.500000000E+04  -0.134910384E+02  -0.114583028E+02  -0.126687114E+02  -0.133923172E+02  -0.136691201E+02  -0.137865624E+02  -0.123876633E+02  -0.124399903E+02  -0.131848749E+02  -0.137310384E+02  -0.141778413E+02
   0.582094230E+06   0.500000000E+04  -0.134960137E+02  -0.114632781E+02  -0.126736867E+02  -0.133972925E+02  -0.136740954E+02  -0.137915377E+02  -0.123926386E+02  -0.124449656E+02  -0.131898502E+02  -0.137360137E+02  -0.141828166E+02
   0.592934382E+06   0.500000000E+04  -0.135040619E+02  -0.114713263E+02  -0.126817349E+02  -0.134053407E+02  -0.136821436E+02  -0.137995859E+02  -0.124006868E+02  -0.124530138E+02  -0.131978984E+02  -0.137440619E+02  -0.141908648E+02
   0.602623482E+06   0.500000000E+04  -0.135118377E+02  -0.114791021E+02  -0.126895107E+02  -0.134131165E+02  -0.136899194E+02  -0.138073617E+02  -0.124084626E+02  -0.124607896E+02  -0.132056742E+02  -0.137518377E+02  -0.141986406E+02
   0.613318436E+06   0.500000000E+04  -0.135101739E+02  -0.114774383E+02  -0.126878470E+02  -0.134114527E+02  -0.136882556E+02  -0.138056979E+02  -0.124067989E+02  -0.124591258E+02  -0.132040104E+02  -0.137501739E+02  -0.141969768E+02
   0.613318436E+06   0.500000000E+04  -0.135093162E+02  -0.114765806E+02  -0.126869892E+02  -0.134105950E+02  -0.136873979E+02  -0.138048402E+02  -0.124059411E+02  -0.124582681E+02  -0.132031527E+02  -0.137493162E+02  -0.141961191E+02
   0.625736432E+06   0.500000000E+04  -0.135148317E+02  -0.114820961E+02  -0.126925047E+02  -0.134161105E+02  -0.136929134E+02  -0.138103557E+02  -0.124114566E+02  -0.124637836E+02  -0.132086682E+02  -0.137548317E+02  -0.142016346E+02
   0.636799384E+06   0.500000000E+04  -0.135237342E+02  -0.114909986E+02  -0.127014073E+02  -0.134250130E+02  -0.137018159E+02  -0.138192582E+02  -0.124203592E+02  -0.124726861E+02  -0.132175707E+02  -0.137637342E+02  -0.142105371E+02
   0.647356608E+06   0.500000000E+04  -0.135333133E+02  -0.115005777E+02  -0.127109864E+02  -0.134345921E+02  -0.137113950E+02  -0.138288373E+02  -0.124299383E+02  -0.124822652E+02  -0.132271498E+02  -0.137733133E+02  -0.142201162E+02
   0.656792823E+06   0.500000000E+04  -0.135432978E+02  -0.115105622E+02  -0.127209709E+02  -0.134445766E+02  -0.137213795E+02  -0.138388218E+02  -0.124399228E+02  -0.124922497E+02  -0.132371343E+02  -0.137832978E+02  -0.142301007E+02
   0.667208639E+06   0.500000000E+04  -0.135558613E+02  -0.115231257E+02  -0.127335343E+02  -0.134571401E+02  -0.137339430E+02  -0.138513853E+02  -0.124524862E+02  -0.125048132E+02  -0.132496978E+02  -0.137958613E+02  -0.142426642E+02
   0.678705751E+06   0.500000000E+04  -0.135707320E+02  -0.115379964E+02  -0.127484051E+02  -0.134720109E+02  -0.137488138E+02  -0.138662561E+02  -0.124673570E+02  -0.125196839E+02  -0.132645686E+02  -0.138107320E+02  -0.142575349E+02
   0.688105285E+06   0.500000000E+04  -0.135836854E+02  -0.115509498E+02  -0.127613585E+02  -0.134849642E+02  -0.137617671E+02  -0.138792095E+02  -0.124803104E+02  -0.125326373E+02  -0.132775219E+02  -0.138236854E+02  -0.142704883E+02
   0.698400468E+06   0.500000000E+04  -0.135962630E+02  -0.115635274E+02  -0.127739361E+02  -0.134975418E+02  -0.137743447E+02  -0.138917870E+02  -0.124928880E+02  -0.125452149E+02  -0.132900995E+02  -0.138362630E+02  -0.142830659E+02
   0.708598049E+06   0.500000000E+04  -0.135921734E+02  -0.115594378E+02  -0.127698465E+02  -0.134934523E+02  -0.137702552E+02  -0.138876975E+02  -0.124887984E+02  -0.125411253E+02  -0.132860100E+02  -0.138321734E+02  -0.142789763E+02
   0.720170862E+06   0.500000000E+04  -0.136095394E+02  -0.115768038E+02  -0.127872124E+02  -0.135108182E+02  -0.137876211E+02  -0.139050634E+02  -0.125061643E+02  -0.125584913E+02  -0.133033759E+02  -0.138495394E+02  -0.142963423E+02
   0.731128894E+06   0.500000000E+04  -0.136267717E+02  -0.115940360E+02  -0.128044447E+02  -0.135280505E+02  -0.138048534E+02  -0.139222957E+02  -0.125233966E+02  -0.125757236E+02  -0.133206082E+02  -0.138667717E+02  -0.143135746E+02
   0.742153105E+06   0.500000000E+04  -0.136451416E+02  -0.116124060E+02  -0.128228147E+02  -0.135464205E+02  -0.138232234E+02  -0.139406657E+02  -0.125417666E+02  -0.125940935E+02  -0.133389781E+02  -0.138851416E+02  -0.143319445E+02
   0.752673358E+06   0.500000000E+04  -0.136640412E+02  -0.116313056E+02  -0.128417143E+02  -0.135653201E+02  -0.138421230E+02  -0.139595653E+02  -0.125606662E+02  -0.126129931E+02  -0.133578778E+02  -0.139040412E+02  -0.143508441E+02
   0.762076529E+06   0.500000000E+04  -0.136815675E+02  -0.116488319E+02  -0.128592405E+02  -0.135828463E+02  -0.138596492E+02  -0.139770915E+02  -0.125781924E+02  -0.126305194E+02  -0.133754040E+02  -0.139215675E+02  -0.143683704E+02
   0.772455869E+06   0.500000000E+04  -0.137015817E+02  -0.116688460E+02  -0.128792547E+02  -0.136028605E+02  -0.138796634E+02  -0.139971057E+02  -0.125982066E+02  -0.126505336E+02  -0.133954182E+02  -0.139415817E+02  -0.143883845E+02
   0.783912719E+06   0.500000000E+04  -0.137244198E+02  -0.116916841E+02  -0.129020928E+02  -0.136256986E+02  -0.139025015E+02  -0.140199438E+02  -0.126210447E+02  -0.126733717E+02  -0.134182563E+02  -0.139644198E+02  -0.144112227E+02
   0.793523394E+06   0.500000000E+04  -0.137176381E+02  -0.116849025E+02  -0.128953112E+02  -0.136189170E+02  -0.138957199E+02  -0.140131622E+02  -0.126142631E+02  -0.126665900E+02  -0.134114747E+02  -0.139576381E+02  -0.144044410E+02
   0.803662639E+06   0.500000000E+04  -0.137384451E+02  -0.117057095E+02  -0.129161182E+02  -0.136397240E+02  -0.139165269E+02  -0.140339692E+02  -0.126350701E+02  -0.126873970E+02  -0.134322816E+02  -0.139784451E+02  -0.144252480E+02
   0.815194925E+06   0.500000000E+04  -0.137620101E+02  -0.117292745E+02  -0.129396831E+02  -0.136632889E+02  -0.139400918E+02  -0.140575341E+02  -0.126586350E+02  -0.127109620E+02  -0.134558466E+02  -0.140020101E+02  -0.144488130E+02
   0.826114583E+06   0.500000000E+04  -0.137844533E+02  -0.117517177E+02  -0.129621264E+02  -0.136857322E+02  -0.139625351E+02  -0.140799774E+02  -0.126810783E+02  -0.127334052E+02  -0.134782899E+02  -0.140244533E+02  -0.144712562E+02
   0.837100188E+06   0.500000000E+04  -0.138072630E+02  -0.117745274E+02  -0.129849361E+02  -0.137085419E+02  -0.139853447E+02  -0.141027871E+02  -0.127038880E+02  -0.127562149E+02  -0.135010995E+02  -0.140472630E+02  -0.144940659E+02
   0.847583600E+06   0.500000000E+04  -0.138292861E+02  -0.117965505E+02  -0.130069592E+02  -0.137305650E+02  -0.140073679E+02  -0.141248102E+02  -0.127259111E+02  -0.127782380E+02  -0.135231227E+02  -0.140692861E+02  -0.145160890E+02
   0.856953842E+06   0.500000000E+04  -0.138492276E+02  -0.118164920E+02  -0.130269007E+02  -0.137505065E+02  -0.140273094E+02  -0.141447517E+02  -0.127458526E+02  -0.127981795E+02  -0.135430642E+02  -0.140892276E+02  -0.145360305E+02
   0.867296835E+06   0.500000000E+04  -0.138714034E+02  -0.118386678E+02  -0.130490765E+02  -0.137726822E+02  -0.140494851E+02  -0.141669275E+02  -0.127680284E+02  -0.128203553E+02  -0.135652399E+02  -0.141114034E+02  -0.145582063E+02
   0.917150198E+06   0.500000000E+04  -0.139496045E+02  -0.119168689E+02  -0.131272776E+02  -0.138508834E+02  -0.141276863E+02  -0.142451286E+02  -0.128462295E+02  -0.128985564E+02  -0.136434411E+02  -0.141896045E+02  -0.146364074E+02
   0.966376017E+06   0.500000000E+04  -0.140313784E+02  -0.119986428E+02  -0.132090514E+02  -0.139326572E+02  -0.142094601E+02  -0.143269024E+02  -0.129280033E+02  -0.129803303E+02  -0.137252149E+02  -0.142713784E+02  -0.147181813E+02
   0.966376017E+06   0.500000000E+04  -0.140299580E+02  -0.119972224E+02  -0.132076310E+02  -0.139312368E+02  -0.142080397E+02  -0.143254820E+02  -0.129265829E+02  -0.129789099E+02  -0.137237945E+02  -0.142699580E+02  -0.147167609E+02
   0.101733476E+07   0.500000000E+04  -0.141337833E+02  -0.121010477E+02  -0.133114564E+02  -0.140350621E+02  -0.143118650E+02  -0.144293073E+02  -0.130304083E+02  -0.130827352E+02  -0.138276198E+02  -0.143737833E+02  -0.148205862E+02
   0.106871638E+07   0.500000000E+04  -0.142100408E+02  -0.121773052E+02  -0.133877139E+02  -0.141113197E+02  -0.143881226E+02  -0.145055649E+02  -0.131066658E+02  -0.131589927E+02  -0.139038774E+02  -0.144500408E+02  -0.148968437E+02
   0.111890869E+07   0.500000000E+04  -0.143025908E+02  -0.122698552E+02  -0.134802639E+02  -0.142038697E+02  -0.144806726E+02  -0.145981149E+02  -0.131992158E+02  -0.132515427E+02  -0.139964274E+02  -0.145425908E+02  -0.149893937E+02
   0.116852946E+07   0.500000000E+04  -0.143697405E+02  -0.123370049E+02  -0.135474136E+02  -0.142710194E+02  -0.145478223E+02  -0.146652646E+02  -0.132663655E+02  -0.133186924E+02  -0.140635771E+02  -0.146097405E+02  -0.150565434E+02
   0.122066759E+07   0.500000000E+04  -0.144536492E+02  -0.124209136E+02  -0.136313223E+02  -0.143549281E+02  -0.146317309E+02  -0.147491733E+02  -0.133502742E+02  -0.134026011E+02  -0.141474857E+02  -0.146936492E+02  -0.151404521E+02
   0.126983519E+07   0.500000000E+04  -0.145151158E+02  -0.124823802E+02  -0.136927889E+02  -0.144163946E+02  -0.146931975E+02  -0.148106398E+02  -0.134117408E+02  -0.134640677E+02  -0.142089523E+02  -0.147551158E+02  -0.152019187E+02
   0.132084569E+07   0.500000000E+04  -0.145718172E+02  -0.125390816E+02  -0.137494903E+02  -0.144730960E+02  -0.147498989E+02  -0.148673412E+02  -0.134684422E+02  -0.135207691E+02  -0.142656537E+02  -0.148118172E+02  -0.152586201E+02
   0.137031464E+07   0.500000000E+04  -0.146407610E+02  -0.126080254E+02  -0.138184340E+02  -0.145420398E+02  -0.148188427E+02  -0.149362850E+02  -0.135373859E+02  -0.135897129E+02  -0.143345975E+02  -0.148807610E+02  -0.153275639E+02
   0.142127992E+07   0.500000000E+04  -0.146936995E+02  -0.126609639E+02  -0.138713726E+02  -0.145949784E+02  -0.148717813E+02  -0.149892236E+02  -0.135903245E+02  -0.136426514E+02  -0.143875360E+02  -0.149336995E+02  -0.153805024E+02
   0.147333835E+07   0.500000000E+04  -0.147550538E+02  -0.127223182E+02  -0.139327268E+02  -0.146563326E+02  -0.149331355E+02  -0.150505778E+02  -0.136516787E+02  -0.137040057E+02  -0.144488903E+02  -0.149950538E+02  -0.154418567E+02
   0.152486260E+07   0.500000000E+04  -0.147974314E+02  -0.127646958E+02  -0.139751045E+02  -0.146987103E+02  -0.149755132E+02  -0.150929555E+02  -0.136940564E+02  -0.137463833E+02  -0.144912680E+02  -0.150374314E+02  -0.154842343E+02
   0.157834020E+07   0.500000000E+04  -0.148483972E+02  -0.128156616E+02  -0.140260703E+02  -0.147496760E+02  -0.150264789E+02  -0.151439212E+02  -0.137450222E+02  -0.137973491E+02  -0.145422337E+02  -0.150883972E+02  -0.155352001E+02
   0.162947660E+07   0.500000000E+04  -0.148861638E+02  -0.128534282E+02  -0.140638369E+02  -0.147874426E+02  -0.150642455E+02  -0.151816878E+02  -0.137827888E+02  -0.138351157E+02  -0.145800003E+02  -0.151261638E+02  -0.155729667E+02
   0.168035370E+07   0.500000000E+04  -0.149148863E+02  -0.128821507E+02  -0.140925594E+02  -0.148161651E+02  -0.150929680E+02  -0.152104103E+02  -0.138115113E+02  -0.138638382E+02  -0.146087228E+02  -0.151548863E+02  -0.156016892E+02
   0.173162027E+07   0.500000000E+04  -0.149473922E+02  -0.129146566E+02  -0.141250653E+02  -0.148486710E+02  -0.151254739E+02  -0.152429162E+02  -0.138440172E+02  -0.138963441E+02  -0.146412287E+02  -0.151873922E+02  -0.156341951E+02
   0.183332529E+07   0.500000000E+04  -0.149974980E+02  -0.129647624E+02  -0.141751710E+02  -0.148987768E+02  -0.151755797E+02  -0.152930220E+02  -0.138941229E+02  -0.139464499E+02  -0.146913345E+02  -0.152374980E+02  -0.156843009E+02
   0.193270164E+07   0.500000000E+04  -0.150297488E+02  -0.129970132E+02  -0.142074218E+02  -0.149310276E+02  -0.152078305E+02  -0.153252728E+02  -0.139263737E+02  -0.139787007E+02  -0.147235853E+02  -0.152697488E+02  -0.157165517E+02
   0.203333524E+07   0.500000000E+04  -0.150518165E+02  -0.130190809E+02  -0.142294896E+02  -0.149530954E+02  -0.152298982E+02  -0.153473406E+02  -0.139484415E+02  -0.140007684E+02  -0.147456530E+02  -0.152918165E+02  -0.157386194E+02
   0.213650243E+07   0.500000000E+04  -0.150624419E+02  -0.130297063E+02  -0.142401150E+02  -0.149637207E+02  -0.152405236E+02  -0.153579659E+02  -0.139590669E+02  -0.140113938E+02  -0.147562784E+02  -0.153024419E+02  -0.157492448E+02
   0.223801533E+07   0.500000000E+04  -0.150616679E+02  -0.130289323E+02  -0.142393410E+02  -0.149629467E+02  -0.152397496E+02  -0.153571919E+02  -0.139582929E+02  -0.140106198E+02  -0.147555044E+02  -0.153016679E+02  -0.157484708E+02
   0.234055098E+07   0.500000000E+04  -0.150545576E+02  -0.130218220E+02  -0.142322307E+02  -0.149558365E+02  -0.152326394E+02  -0.153500817E+02  -0.139511826E+02  -0.140035095E+02  -0.147483942E+02  -0.152945576E+02  -0.157413605E+02
   0.244136681E+07   0.500000000E+04  -0.150474104E+02  -0.130146748E+02  -0.142250834E+02  -0.149486892E+02  -0.152254921E+02  -0.153429344E+02  -0.139440353E+02  -0.139963623E+02  -0.147412469E+02  -0.152874104E+02  -0.157342133E+02
   0.254441036E+07   0.500000000E+04  -0.150325018E+02  -0.129997662E+02  -0.142101748E+02  -0.149337806E+02  -0.152105835E+02  -0.153280258E+02  -0.139291267E+02  -0.139814537E+02  -0.147263383E+02  -0.152725018E+02  -0.157193047E+02
   0.264785104E+07   0.500000000E+04  -0.150145496E+02  -0.129818140E+02  -0.141922227E+02  -0.149158285E+02  -0.151926314E+02  -0.153100737E+02  -0.139111746E+02  -0.139635015E+02  -0.147083862E+02  -0.152545496E+02  -0.157013525E+02
   0.274880608E+07   0.500000000E+04  -0.149960396E+02  -0.129633040E+02  -0.141737126E+02  -0.148973184E+02  -0.151741213E+02  -0.152915636E+02  -0.138926645E+02  -0.139449915E+02  -0.146898761E+02  -0.152360396E+02  -0.156828425E+02
   0.285407946E+07   0.500000000E+04  -0.149761583E+02  -0.129434227E+02  -0.141538314E+02  -0.148774372E+02  -0.151542401E+02  -0.152716824E+02  -0.138727833E+02  -0.139251102E+02  -0.146699949E+02  -0.152161583E+02  -0.156629612E+02
   0.295781730E+07   0.500000000E+04  -0.149574187E+02  -0.129246831E+02  -0.141350918E+02  -0.148586976E+02  -0.151355005E+02  -0.152529428E+02  -0.138540437E+02  -0.139063706E+02  -0.146512553E+02  -0.151974187E+02  -0.156442216E+02
   0.306038079E+07   0.500000000E+04  -0.149380974E+02  -0.129053618E+02  -0.141157704E+02  -0.148393762E+02  -0.151161791E+02  -0.152336214E+02  -0.138347224E+02  -0.138870493E+02  -0.146319339E+02  -0.151780974E+02  -0.156249003E+02
   0.316656744E+07   0.500000000E+04  -0.149118417E+02  -0.128791061E+02  -0.140895148E+02  -0.148131205E+02  -0.150899234E+02  -0.152073657E+02  -0.138084667E+02  -0.138607936E+02  -0.146056782E+02  -0.151518417E+02  -0.155986446E+02
   0.326583160E+07   0.500000000E+04  -0.148904313E+02  -0.128576957E+02  -0.140681044E+02  -0.147917102E+02  -0.150685131E+02  -0.151859554E+02  -0.137870563E+02  -0.138393832E+02  -0.145842679E+02  -0.151304313E+02  -0.155772342E+02
   0.336768730E+07   0.500000000E+04  -0.148656662E+02  -0.128329306E+02  -0.140433393E+02  -0.147669450E+02  -0.150437479E+02  -0.151611902E+02  -0.137622912E+02  -0.138146181E+02  -0.145595027E+02  -0.151056662E+02  -0.155524691E+02
   0.347299990E+07   0.500000000E+04  -0.148402596E+02  -0.128075240E+02  -0.140179327E+02  -0.147415385E+02  -0.150183414E+02  -0.151357837E+02  -0.137368846E+02  -0.137892115E+02  -0.145340962E+02  -0.150802596E+02  -0.155270625E+02
   0.357862926E+07   0.500000000E+04  -0.148086106E+02  -0.127758750E+02  -0.139862837E+02  -0.147098895E+02  -0.149866924E+02  -0.151041347E+02  -0.137052356E+02  -0.137575625E+02  -0.145024471E+02  -0.150486106E+02  -0.154954135E+02
   0.367920103E+07   0.500000000E+04  -0.147787440E+02  -0.127460084E+02  -0.139564171E+02  -0.146800229E+02  -0.149568258E+02  -0.150742681E+02  -0.136753690E+02  -0.137276959E+02  -0.144725806E+02  -0.150187440E+02  -0.154655469E+02
   0.378280407E+07   0.500000000E+04  -0.147441181E+02  -0.127113825E+02  -0.139217912E+02  -0.146453970E+02  -0.149221999E+02  -0.150396422E+02  -0.136407431E+02  -0.136930700E+02  -0.144379547E+02  -0.149841181E+02  -0.154309210E+02
   0.388575761E+07   0.500000000E+04  -0.147049146E+02  -0.126721790E+02  -0.138825877E+02  -0.146061935E+02  -0.148829964E+02  -0.150004387E+02  -0.136015396E+02  -0.136538665E+02  -0.143987512E+02  -0.149449146E+02  -0.153917175E+02
   0.398883612E+07   0.500000000E+04  -0.146654419E+02  -0.126327063E+02  -0.138431150E+02  -0.145667208E+02  -0.148435237E+02  -0.149609660E+02  -0.135620669E+02  -0.136143938E+02  -0.143592785E+02  -0.149054419E+02  -0.153522448E+02
   0.409482522E+07   0.500000000E+04  -0.146185032E+02  -0.125857676E+02  -0.137961762E+02  -0.145197820E+02  -0.147965849E+02  -0.149140272E+02  -0.135151281E+02  -0.135674551E+02  -0.143123397E+02  -0.148585032E+02  -0.153053061E+02
   0.419312155E+07   0.500000000E+04  -0.145699470E+02  -0.125372114E+02  -0.137476201E+02  -0.144712259E+02  -0.147480288E+02  -0.148654711E+02  -0.134665720E+02  -0.135188989E+02  -0.142637835E+02  -0.148099470E+02  -0.152567499E+02
   0.429394751E+07   0.500000000E+04  -0.145233451E+02  -0.124906095E+02  -0.137010182E+02  -0.144246240E+02  -0.147014268E+02  -0.148188692E+02  -0.134199701E+02  -0.134722970E+02  -0.142171816E+02  -0.147633451E+02  -0.152101480E+02
   0.440186512E+07   0.500000000E+04  -0.144618046E+02  -0.124290690E+02  -0.136394776E+02  -0.143630834E+02  -0.146398863E+02  -0.147573286E+02  -0.133584295E+02  -0.134107565E+02  -0.141556411E+02  -0.147018046E+02  -0.151486075E+02
   0.450169388E+07   0.500000000E+04  -0.143976253E+02  -0.123648897E+02  -0.135752983E+02  -0.142989041E+02  -0.145757070E+02  -0.146931493E+02  -0.132942502E+02  -0.133465772E+02  -0.140914618E+02  -0.146376253E+02  -0.150844282E+02
   0.460341473E+07   0.500000000E+04  -0.143253484E+02  -0.122926128E+02  -0.135030215E+02  -0.142266273E+02  -0.145034302E+02  -0.146208725E+02  -0.132219734E+02  -0.132743003E+02  -0.140191849E+02  -0.145653484E+02  -0.150121513E+02
   0.470089365E+07   0.500000000E+04  -0.142438896E+02  -0.122111540E+02  -0.134215627E+02  -0.141451685E+02  -0.144219714E+02  -0.145394137E+02  -0.131405146E+02  -0.131928415E+02  -0.139377262E+02  -0.144838896E+02  -0.149306925E+02
   0.480233730E+07   0.500000000E+04  -0.141568837E+02  -0.121241481E+02  -0.133345568E+02  -0.140581626E+02  -0.143349655E+02  -0.144524078E+02  -0.130535087E+02  -0.131058356E+02  -0.138507203E+02  -0.143968837E+02  -0.148436866E+02
   0.490824307E+07   0.500000000E+04  -0.140466034E+02  -0.120138678E+02  -0.132242765E+02  -0.139478823E+02  -0.142246852E+02  -0.143421275E+02  -0.129432284E+02  -0.129955553E+02  -0.137404400E+02  -0.142866034E+02  -0.147334063E+02
