  0.0000000000E+000  0.0000000000E+000
  2.2290249952E+001  5.0081008988E+038
  1.0040224870E+004  6.9423839379E+041
  2.0089794278E+004  1.1269604375E+042
  3.0162272535E+004  8.9671545683E+041
  4.0298338074E+004  7.1341928362E+041
  5.0456478067E+004  7.1268164351E+041
  6.0638181819E+004  6.4715017224E+041
  7.0920827661E+004  5.3532288339E+041
  8.1122267940E+004  4.3795593027E+041
  9.1391844572E+004  3.6938885014E+041
  1.0153815200E+005  3.2355629221E+041
  1.1156423140E+005  3.1204475749E+041
  1.2236906613E+005  3.4005804498E+041
  1.3316607246E+005  2.9700876231E+041
  1.4363535922E+005  2.5367630305E+041
  1.5435077383E+005  2.2837806385E+041
  1.6518095985E+005  2.0647579429E+041
  1.7597014655E+005  1.8964585639E+041
  1.8653985782E+005  1.7534091284E+041
  1.9669264983E+005  1.6345372257E+041
  2.0763075017E+005  1.5213965262E+041
  2.1790652800E+005  1.4265656264E+041
  2.2890020133E+005  1.3374500223E+041
  2.3894242425E+005  1.2651804971E+041
  2.4960183897E+005  1.1987479949E+041
  2.5899016845E+005  1.1486507969E+041
  2.6886954412E+005  1.1057438505E+041
  2.7927190904E+005  1.0652648613E+041
  2.9023174302E+005  1.0297493499E+041
  2.9942594394E+005  1.0058573893E+041
  3.0902123940E+005  9.8539842655E+040
  3.1903951781E+005  9.6867576417E+040
  3.2950416112E+005  9.5608369839E+040
  3.4044016791E+005  9.4797941281E+040
  3.5187428661E+005  9.4467683802E+040
  3.6079391638E+005  9.4662204039E+040
  3.7002263651E+005  9.4711963874E+040
  3.7957396809E+005  9.5543240213E+040
  3.8946216208E+005  9.6721261631E+040
  3.9970224237E+005  9.8240765136E+040
  4.1031004925E+005  9.9556712307E+040
  4.2130228216E+005  1.0172722345E+041
  4.3269654234E+005  1.0426130210E+041
  4.4451137784E+005  1.0655302011E+041
  4.5676633228E+005  1.0978552209E+041
  4.6519093718E+005  1.1170884031E+041
  4.7382665467E+005  1.1443637757E+041
  4.8268008945E+005  1.1667322617E+041
  4.9175808919E+005  1.1973458829E+041
  5.0106775831E+005  1.2226909680E+041
  5.1061647260E+005  1.2492823570E+041
  5.2041189278E+005  1.2850891703E+041
  5.3046197780E+005  1.3149448985E+041
  5.4077499743E+005  1.3541626405E+041
  5.5135954378E+005  1.3136078139E+041
  5.6222689903E+005  1.3275067077E+041
  5.7338725719E+005  1.3306836761E+041
  5.8485037188E+005  1.3377439125E+041
  5.9662631774E+005  1.3397876084E+041
  6.0872550522E+005  1.3474536701E+041
  6.2115869487E+005  1.3500340574E+041
  6.3393701302E+005  1.3588220264E+041
  6.4707196775E+005  1.3684167849E+041
  6.6057546326E+005  1.3726422004E+041
  6.6746924448E+005  1.3749267481E+041
  6.7445980891E+005  1.3840189798E+041
  6.8154875943E+005  1.3868064042E+041
  6.8873772523E+005  1.3898590651E+041
  6.9602836249E+005  1.4000928568E+041
  7.0342235486E+005  1.4038874570E+041
  7.1092141411E+005  1.4079563267E+041
  7.1852728077E+005  1.4196979756E+041
  7.2624172498E+005  1.4248100131E+041
  7.3406654698E+005  1.4302859766E+041
  7.4200357784E+005  1.4361500118E+041
  7.5005468120E+005  1.4508376058E+041
  7.5822175467E+005  1.4581368741E+041
  7.6650673117E+005  1.4661406816E+041
  7.7491158022E+005  1.4835793929E+041
  7.8343830918E+005  1.4931516126E+041
  7.9208896351E+005  1.5036390137E+041
  8.0086562731E+005  1.5151123657E+041
  8.0977042377E+005  1.5372295685E+041
  8.1880551480E+005  1.5508190606E+041
  8.2797310055E+005  1.5654096541E+041
  8.3727541995E+005  1.5916263502E+041
  8.4671475102E+005  1.6087881231E+041
  8.5629340780E+005  1.6273659901E+041
  8.6601374206E+005  1.6473503100E+041
  8.7587814274E+005  1.6802774437E+041
  9.2744743384E+005  1.8221920373E+041
  9.8299983327E+005  2.0066930302E+041
  1.0305387961E+006  2.1882885859E+041
  1.0810276006E+006  2.3756424858E+041
  1.1346672259E+006  2.4533933008E+041
  1.1917142292E+006  2.6172096854E+041
  1.2368692737E+006  2.7493519953E+041
  1.2841626208E+006  2.8834794293E+041
  1.3336960340E+006  3.0002974098E+041
  1.3855765710E+006  3.1362502344E+041
  1.4399169042E+006  3.2780923969E+041
  1.4968356937E+006  3.4281754090E+041
  1.5564579032E+006  3.5576339680E+041
  1.5977726000E+006  3.6768313608E+041
  1.6403877221E+006  3.7678667167E+041
  1.6843511420E+006  3.7631243409E+041
  1.7297224071E+006  3.8180592281E+041
  1.7765434854E+006  3.8921917522E+041
  1.8747153364E+006  3.9969762707E+041
  1.9788036793E+006  4.0898857536E+041
  2.0886654365E+006  4.1772570991E+041
  2.2046205804E+006  4.2648320621E+041
  2.2957885583E+006  4.0947716098E+041
  2.3907248273E+006  4.0694748890E+041
  2.4895856248E+006  3.9953253586E+041
  2.5925335097E+006  4.0013852333E+041
  2.6997373443E+006  3.9445053943E+041
  2.8113726606E+006  3.8467962158E+041
  2.9276231831E+006  3.7392228245E+041
  3.0486807077E+006  3.7329769442E+041
  3.1321541138E+006  3.6727450446E+041
  3.2179128525E+006  3.6147693459E+041
  3.3060192485E+006  3.6708925825E+041
  3.3965373278E+006  3.4935514149E+041
  3.4895335089E+006  3.4093629469E+041
  3.5850758754E+006  3.4490432521E+041
  3.6832340745E+006  3.3737166099E+041
  3.7840793864E+006  3.2976785843E+041
  3.8876849661E+006  3.3709703937E+041
  3.9941259585E+006  3.1886946976E+041
  4.1034804746E+006  3.2491008114E+041
  4.2158284152E+006  3.1488114559E+041
  4.3312514788E+006  3.0433125198E+041
  4.4498335403E+006  3.1355535562E+041
  4.5716607204E+006  2.8915346881E+041
  4.6968225096E+006  2.9326944569E+041
  4.8254109681E+006  2.8028065297E+041
  4.9575196557E+006  2.8471084815E+041
  5.0000000000E+006  2.8471084815E+041
