   0.000000000E+00  -2.096069546E+51   1.219185881E+51   3.954042005E+48  -8.729296230E+50   0.000000000E+00
   2.206891319E+01  -1.734923428E+50   5.429788188E+50   7.474100610E+50   1.116896537E+51   1.989826160E+51
   1.004313685E+04  -6.477205836E+47   1.898655131E+48   1.122094763E+51   1.123345697E+51   1.996275320E+51
   2.008232082E+04  -3.242668203E+47   9.125707353E+47   1.122759669E+51   1.123347973E+51   1.996277596E+51
   3.010386775E+04  -2.164394442E+47   6.042934460E+47   1.122964957E+51   1.123352811E+51   1.996282434E+51
   4.017764266E+04  -1.621969151E+47   4.576726202E+47   1.123065768E+51   1.123361244E+51   1.996290867E+51
   5.031771834E+04  -1.295045916E+47   3.740554188E+47   1.123126897E+51   1.123371447E+51   1.996301070E+51
   6.050151183E+04  -1.076919027E+47   3.216418657E+47   1.123168690E+51   1.123382640E+51   1.996312263E+51
   7.071428601E+04  -9.212362885E+46   2.869037296E+47   1.123199700E+51   1.123394480E+51   1.996324104E+51
   8.076682379E+04  -8.064379777E+46   2.634693537E+47   1.123223787E+51   1.123406612E+51   1.996336235E+51
   9.140667708E+04  -7.122865078E+46   2.502966963E+47   1.123898017E+51   1.124077085E+51   1.997006708E+51
   1.017106989E+05  -6.400178688E+46   2.461919974E+47   1.123916815E+51   1.124099005E+51   1.997028628E+51
   1.122602000E+05  -5.797716244E+46   2.447785691E+47   1.123935070E+51   1.124121872E+51   1.997051495E+51
   1.227734119E+05  -5.300330438E+46   2.453418379E+47   1.123952617E+51   1.124144955E+51   1.997074578E+51
   1.328872295E+05  -4.896339044E+46   2.472699729E+47   1.123969041E+51   1.124167347E+51   1.997096971E+51
   1.431007849E+05  -4.546461132E+46   2.503131811E+47   1.123985240E+51   1.124190089E+51   1.997119712E+51
   1.532538220E+05  -4.244872144E+46   2.542478976E+47   1.124000992E+51   1.124212791E+51   1.997142414E+51
   1.631812166E+05  -3.986263775E+46   2.588467722E+47   1.124016072E+51   1.124235057E+51   1.997164680E+51
   1.739431464E+05  -3.738466572E+46   2.643095792E+47   1.124659879E+51   1.124886803E+51   1.997816426E+51
   1.844299866E+05  -3.525518770E+46   2.686396702E+47   1.124675098E+51   1.124908482E+51   1.997838105E+51
   1.942930614E+05  -3.346206067E+46   2.733039605E+47   1.124689035E+51   1.124928877E+51   1.997858500E+51
   2.048635578E+05  -3.173193753E+46   2.788543960E+47   1.124703616E+51   1.124950738E+51   1.997880361E+51
   2.145408400E+05  -3.029746008E+46   2.843708454E+47   1.124716677E+51   1.124970750E+51   1.997900374E+51
   2.248401797E+05  -2.890639535E+46   2.906404744E+47   1.124730313E+51   1.124992047E+51   1.997921670E+51
   2.358170537E+05  -2.755757410E+46   2.977179721E+47   1.124744581E+51   1.125014741E+51   1.997944365E+51
   2.455261837E+05  -2.646504945E+46   3.042757845E+47   1.124757000E+51   1.125034811E+51   1.997964434E+51
   2.557875507E+05  -2.540054426E+46   3.114729631E+47   1.124769944E+51   1.125056016E+51   1.997985639E+51
   2.667061224E+05  -2.435206006E+46   3.182163453E+47   1.125431811E+51   1.125725675E+51   1.998655299E+51
   2.759902132E+05  -2.353051068E+46   3.235771130E+47   1.125443176E+51   1.125743222E+51   1.998672846E+51
   2.857242409E+05  -2.272650759E+46   3.294171915E+47   1.125454911E+51   1.125761602E+51   1.998691225E+51
   2.959369225E+05  -2.193985911E+46   3.357601853E+47   1.125467045E+51   1.125780865E+51   1.998710488E+51
   3.066589934E+05  -2.117039418E+46   3.426314017E+47   1.125479607E+51   1.125801068E+51   1.998730691E+51
   3.179233874E+05  -2.041795849E+46   3.500571215E+47   1.125492628E+51   1.125822267E+51   1.998751890E+51
   3.267487374E+05  -1.986472202E+46   3.560070749E+47   1.125502716E+51   1.125838858E+51   1.998768481E+51
   3.359148162E+05  -1.932092969E+46   3.622973837E+47   1.125513095E+51   1.125856072E+51   1.998785695E+51
   3.454383567E+05  -1.878652883E+46   3.689415945E+47   1.125523782E+51   1.125873937E+51   1.998803560E+51
   3.554075838E+05  -1.825414182E+46   3.743609972E+47   1.126175285E+51   1.126531392E+51   1.999461015E+51
   3.658127967E+05  -1.773317958E+46   3.801946871E+47   1.126186690E+51   1.126549152E+51   1.999478775E+51
   3.766404657E+05  -1.722165942E+46   3.864183411E+47   1.126198403E+51   1.126567600E+51   1.999497223E+51
   3.879122701E+05  -1.671952687E+46   3.930479328E+47   1.126210442E+51   1.126586770E+51   1.999516393E+51
   3.996511958E+05  -1.622672797E+46   4.001011719E+47   1.126222826E+51   1.126606701E+51   1.999536324E+51
   4.077486326E+05  -1.590335450E+46   4.050479635E+47   1.126231285E+51   1.126620429E+51   1.999550052E+51
   4.160720572E+05  -1.558409026E+46   4.101972134E+47   1.126239912E+51   1.126634525E+51   1.999564148E+51
   4.246293475E+05  -1.526892008E+46   4.155549425E+47   1.126248715E+51   1.126649001E+51   1.999578624E+51
   4.334286929E+05  -1.495782905E+46   4.211273926E+47   1.126257699E+51   1.126663869E+51   1.999593492E+51
   4.425272013E+05  -1.464604252E+46   4.257545071E+47   1.127015996E+51   1.127427105E+51   2.000356728E+51
   4.519404817E+05  -1.433987830E+46   4.306578490E+47   1.127025442E+51   1.127441760E+51   2.000371383E+51
   4.616281447E+05  -1.403784403E+46   4.357933121E+47   1.127035066E+51   1.127456822E+51   2.000386445E+51
   4.716001204E+05  -1.373992343E+46   4.411671314E+47   1.127044877E+51   1.127472304E+51   2.000401927E+51
   4.818667220E+05  -1.344610096E+46   4.467866567E+47   1.127054880E+51   1.127488220E+51   2.000417843E+51
   4.924386659E+05  -1.315636158E+46   4.526598266E+47   1.127065083E+51   1.127504587E+51   2.000434210E+51
   5.033270954E+05  -1.287069046E+46   4.587949425E+47   1.127075495E+51   1.127521419E+51   2.000451042E+51
   5.145436077E+05  -1.258907273E+46   4.652005499E+47   1.127086122E+51   1.127538734E+51   2.000468357E+51
   5.261002812E+05  -1.230896326E+46   4.711004498E+47   1.127949207E+51   1.128407998E+51   2.001337621E+51
   5.381314998E+05  -1.203260052E+46   4.766231377E+47   1.127960385E+51   1.128424975E+51   2.001354598E+51
   5.505414336E+05  -1.176033494E+46   4.824387462E+47   1.127971772E+51   1.128442450E+51   2.001372073E+51
   5.633388582E+05  -1.149215227E+46   4.885549120E+47   1.127983375E+51   1.128460438E+51   2.001390061E+51
   5.765383373E+05  -1.122803773E+46   4.949802980E+47   1.127995206E+51   1.128478958E+51   2.001408581E+51
   5.832935654E+05  -1.109750128E+46   4.983120362E+47   1.128001210E+51   1.128488424E+51   2.001418047E+51
   5.901550475E+05  -1.096801543E+46   5.017237947E+47   1.128007273E+51   1.128498029E+51   2.001427652E+51
   5.971226423E+05  -1.083965676E+46   5.052146117E+47   1.128013395E+51   1.128507770E+51   2.001437393E+51
   6.041938563E+05  -1.071241992E+46   5.087856033E+47   1.128019575E+51   1.128517648E+51   2.001447271E+51
   6.113704873E+05  -1.058629954E+46   5.124378714E+47   1.128025814E+51   1.128527666E+51   2.001457289E+51
   6.186543683E+05  -1.045920182E+46   5.153294011E+47   1.128919476E+51   1.129424346E+51   2.002353969E+51
   6.261203463E+05  -1.033402314E+46   5.183564940E+47   1.128925894E+51   1.129433916E+51   2.002363539E+51
   6.337049543E+05  -1.020997231E+46   5.214678461E+47   1.128932366E+51   1.129443624E+51   2.002373247E+51
   6.414046717E+05  -1.008704371E+46   5.246643591E+47   1.128938893E+51   1.129453470E+51   2.002383093E+51
   6.492215230E+05  -9.965231772E+45   5.279467962E+47   1.128945475E+51   1.129463456E+51   2.002393079E+51
   6.571575704E+05  -9.844530893E+45   5.313159742E+47   1.128952113E+51   1.129473584E+51   2.002403207E+51
   6.652149151E+05  -9.724935494E+45   5.347729307E+47   1.128958809E+51   1.129483857E+51   2.002413480E+51
   6.733956978E+05  -9.606439998E+45   5.383188469E+47   1.128965565E+51   1.129494277E+51   2.002423900E+51
   6.817020997E+05  -9.489038837E+45   5.419549713E+47   1.128972381E+51   1.129504847E+51   2.002434470E+51
   6.901363428E+05  -9.372726456E+45   5.456825240E+47   1.128979259E+51   1.129515569E+51   2.002445192E+51
   6.987006905E+05  -9.257497311E+45   5.495027375E+47   1.128986201E+51   1.129526446E+51   2.002456069E+51
   7.073974478E+05  -9.141463928E+45   5.524842792E+47   1.130133961E+51   1.130677304E+51   2.003606927E+51
   7.163116240E+05  -9.026845298E+45   5.556520308E+47   1.130141108E+51   1.130687733E+51   2.003617356E+51
   7.254068932E+05  -8.913329463E+45   5.589169458E+47   1.130148327E+51   1.130698330E+51   2.003627953E+51
   7.346451595E+05  -8.800911033E+45   5.622791385E+47   1.130155603E+51   1.130709082E+51   2.003638705E+51
   7.440289383E+05  -8.689584352E+45   5.657390414E+47   1.130162939E+51   1.130719989E+51   2.003649612E+51
   7.535608116E+05  -8.579343632E+45   5.692976089E+47   1.130170336E+51   1.130731054E+51   2.003660677E+51
   7.632434198E+05  -8.470183001E+45   5.729559869E+47   1.130177795E+51   1.130742281E+51   2.003671904E+51
   7.730794596E+05  -8.362096524E+45   5.767155292E+47   1.130185318E+51   1.130753671E+51   2.003683294E+51
   7.830716832E+05  -8.255078205E+45   5.805775018E+47   1.130192906E+51   1.130765229E+51   2.003694852E+51
   7.932229004E+05  -8.149121995E+45   5.845431676E+47   1.130200562E+51   1.130776956E+51   2.003706579E+51
   8.035359789E+05  -8.042615723E+45   5.874847410E+47   1.131467518E+51   1.132046960E+51   2.004976583E+51
   8.141068844E+05  -7.937463080E+45   5.906226292E+47   1.131475385E+51   1.132058070E+51   2.004987693E+51
   8.248912299E+05  -7.833385237E+45   5.938675887E+47   1.131483323E+51   1.132069358E+51   2.004998981E+51
   8.358503855E+05  -7.730375974E+45   5.972199737E+47   1.131491321E+51   1.132080810E+51   2.005010433E+51
   8.469875213E+05  -7.628428766E+45   6.006792918E+47   1.131499378E+51   1.132092429E+51   2.005022052E+51
   8.583059004E+05  -7.527536924E+45   6.042465476E+47   1.131507498E+51   1.132104217E+51   2.005033840E+51
   8.698088678E+05  -7.427693672E+45   6.079226154E+47   1.131515684E+51   1.132116179E+51   2.005045802E+51
   9.179638937E+05  -7.035432901E+45   6.207931582E+47   1.132816986E+51   1.133430743E+51   2.006360366E+51
   9.696725824E+05  -6.659177379E+45   6.345697310E+47   1.132851766E+51   1.133479677E+51   2.006409300E+51
   1.025304999E+06  -6.295603097E+45   6.469467477E+47   1.134337910E+51   1.134978561E+51   2.007908184E+51
   1.069654886E+06  -6.032913257E+45   6.564603034E+47   1.135885805E+51   1.136536233E+51   2.009465856E+51
   1.116624431E+06  -5.778461914E+45   6.651187807E+47   1.135914394E+51   1.136573735E+51   2.009503358E+51
   1.166040568E+06  -5.531941436E+45   6.737429654E+47   1.137681272E+51   1.138349483E+51   2.011279106E+51
   1.218485232E+06  -5.293142337E+45   6.814942922E+47   1.137711233E+51   1.138387434E+51   2.011317057E+51
   1.273818180E+06  -5.061961053E+45   6.882154122E+47   1.139439183E+51   1.140122337E+51   2.013051960E+51
   1.332299244E+06  -4.839218304E+45   6.949300636E+47   1.139470328E+51   1.140160419E+51   2.013090042E+51
   1.373095891E+06  -4.694572227E+45   6.978064469E+47   1.141547851E+51   1.142240963E+51   2.015170586E+51
   1.415426167E+06  -4.553835850E+45   7.010840529E+47   1.141569150E+51   1.142265680E+51   2.015195303E+51
   1.459252621E+06  -4.416161397E+45   7.035479089E+47   1.143880414E+51   1.144579546E+51   2.017509169E+51
   1.504886710E+06  -4.281931198E+45   7.052522793E+47   1.143902171E+51   1.144603141E+51   2.017532764E+51
   1.552146161E+06  -4.150891582E+45   7.065640209E+47   1.146401655E+51   1.147104068E+51   2.020033691E+51
   1.601258306E+06  -4.023289256E+45   7.074872476E+47   1.146423747E+51   1.147127211E+51   2.020056834E+51
   1.652128136E+06  -3.898718722E+45   7.076358527E+47   1.149202410E+51   1.149906147E+51   2.022835770E+51
   1.705049681E+06  -3.777440514E+45   7.070320535E+47   1.149224796E+51   1.149928050E+51   2.022857673E+51
   1.759876874E+06  -3.659281523E+45   7.057173146E+47   1.152234168E+51   1.152936226E+51   2.025865849E+51
   1.875472286E+06  -3.434516389E+45   7.009003362E+47   1.155484208E+51   1.156181673E+51   2.029111296E+51
   1.965461253E+06  -3.278670333E+45   6.949787395E+47   1.159098750E+51   1.159790450E+51   2.032720073E+51
   2.056805063E+06  -3.134279579E+45   6.876082894E+47   1.163003311E+51   1.163687785E+51   2.036617408E+51
   2.149639112E+06  -3.000002520E+45   6.791082638E+47   1.167336025E+51   1.168012134E+51   2.040941757E+51
   2.243951908E+06  -2.874812772E+45   6.695550155E+47   1.171582682E+51   1.172249362E+51   2.045178985E+51
   2.339898654E+06  -2.757816447E+45   6.591917853E+47   1.176666542E+51   1.177322975E+51   2.050252599E+51
   2.437267140E+06  -2.648446728E+45   6.483185033E+47   1.182132046E+51   1.182777716E+51   2.055707339E+51
   2.536229058E+06  -2.545746183E+45   6.368799997E+47   1.187382239E+51   1.188016573E+51   2.060946196E+51
   2.637061700E+06  -2.449044255E+45   6.247729581E+47   1.193759898E+51   1.194382221E+51   2.067311844E+51
   2.739548950E+06  -2.358070413E+45   6.124659703E+47   1.200613596E+51   1.201223704E+51   2.074153327E+51
   2.843837347E+06  -2.272094706E+45   6.000834039E+47   1.207998393E+51   1.208596204E+51   2.081525827E+51
   2.949871641E+06  -2.190946948E+45   5.874639974E+47   1.215931416E+51   1.216516689E+51   2.089446312E+51
   3.057863871E+06  -2.114041415E+45   5.747668181E+47   1.224603472E+51   1.225176125E+51   2.098105748E+51
   3.167852906E+06  -2.041060276E+45   5.620417532E+47   1.233718413E+51   1.234278414E+51   2.107208037E+51
   3.280000242E+06  -1.971655659E+45   5.494324163E+47   1.243656052E+51   1.244203512E+51   2.117133135E+51
   3.394378084E+06  -1.905620106E+45   5.368942803E+47   1.254236798E+51   1.254771787E+51   2.127701410E+51
   3.511204461E+06  -1.842573146E+45   5.245145630E+47   1.265319571E+51   1.265842243E+51   2.138771866E+51
   3.630737784E+06  -1.782242192E+45   5.120787913E+47   1.277372865E+51   1.277883162E+51   2.150812785E+51
   3.711810651E+06  -1.743294006E+45   5.037665385E+47   1.277384487E+51   1.277886510E+51   2.150816133E+51
   3.794315813E+06  -1.705682282E+45   4.954968435E+47   1.290361513E+51   1.290855304E+51   2.163784927E+51
   3.878270827E+06  -1.669031452E+45   4.871271620E+47   1.303869750E+51   1.304355208E+51   2.177284831E+51
   3.963412160E+06  -1.633158605E+45   4.787074791E+47   1.303880679E+51   1.304357753E+51   2.177287376E+51
   4.050154140E+06  -1.598342471E+45   4.702691500E+47   1.318189604E+51   1.318658275E+51   2.191587898E+51
   4.138379125E+06  -1.564344514E+45   4.618403854E+47   1.329104850E+51   1.329565126E+51   2.202494749E+51
   4.228278724E+06  -1.531062641E+45   4.533495749E+47   1.338740149E+51   1.339191968E+51   2.212121591E+51
   4.319978600E+06  -1.498526331E+45   4.447845870E+47   1.346744088E+51   1.347187374E+51   2.220116997E+51
   4.413540126E+06  -1.466734022E+45   4.362218288E+47   1.353948019E+51   1.354382774E+51   2.227312397E+51
   4.509006008E+06  -1.435648282E+45   4.275249398E+47   1.359878095E+51   1.360304184E+51   2.233233807E+51
   4.606431569E+06  -1.405252602E+45   4.191832290E+47   1.365367462E+51   1.365785240E+51   2.238714863E+51
   4.705859753E+06  -1.375529219E+45   4.106999033E+47   1.369845167E+51   1.370254492E+51   2.243184115E+51
   4.807366403E+06  -1.346454154E+45   4.024336893E+47   1.373481621E+51   1.373882708E+51   2.246812331E+51
   4.910980527E+06  -1.318019842E+45   3.944059726E+47   1.377102505E+51   1.377495593E+51   2.250425216E+51
