  0.0000000000E+000 0000
  0.2231598664E+002 0100
  0.1007058222E+005 0096
  0.2015864055E+005 0091
  0.3022489761E+005 0087
  0.4034955951E+005 0083
  0.5054867976E+005 0080
  0.6079818165E+005 0077
  0.7108214789E+005 0075
  0.8120906597E+005 0073
  0.9194059023E+005 0071
  0.1023290464E+006 0069
  0.1129688718E+006 0068
  0.1235758559E+006 0066
  0.1337772659E+006 0065
  0.1440772733E+006 0064
  0.1543183672E+006 0063
  0.1643341160E+006 0062
  0.1752109345E+006 0060
  0.1857981682E+006 0059
  0.1957582481E+006 0058
  0.2064354279E+006 0057
  0.2162127699E+006 0057
  0.2266210250E+006 0056
  0.2377166280E+006 0055
  0.2475329651E+006 0054
  0.2579097843E+006 0053
  0.2689864627E+006 0052
  0.2783804497E+006 0051
  0.2882313727E+006 0051
  0.2985684375E+006 0050
  0.3094229117E+006 0049
  0.3208283081E+006 0049
  0.3297654305E+006 0048
  0.3390487590E+006 0047
  0.3486953321E+006 0047
  0.3588303352E+006 0046
  0.3693740357E+006 0045
  0.3803472780E+006 0045
  0.3917721688E+006 0044
  0.4036721462E+006 0043
  0.4118816112E+006 0043
  0.4203209647E+006 0042
  0.4289982390E+006 0042
  0.4379217835E+006 0041
  0.4472001498E+006 0040
  0.4567494036E+006 0040
  0.4665779581E+006 0039
  0.4766959329E+006 0039
  0.4871138400E+006 0038
  0.4978426061E+006 0037
  0.5088935979E+006 0037
  0.5202786498E+006 0036
  0.5320674534E+006 0035
  0.5442889172E+006 0035
  0.5568908134E+006 0034
  0.5698874070E+006 0034
  0.5832935654E+006 0033
  0.5901550475E+006 0033
  0.5971226423E+006 0033
  0.6041938563E+006 0032
  0.6113704873E+006 0032
  0.6186543683E+006 0032
  0.6261203463E+006 0031
  0.6337049543E+006 0031
  0.6414046717E+006 0031
  0.6492215230E+006 0031
  0.6571575704E+006 0030
  0.6652149151E+006 0030
  0.6733956978E+006 0030
  0.6817020997E+006 0029
  0.6901363428E+006 0029
  0.6987006905E+006 0029
  0.7073974478E+006 0029
  0.7163116240E+006 0028
  0.7254068932E+006 0028
  0.7346451595E+006 0028
  0.7440289383E+006 0027
  0.7535608116E+006 0027
  0.7632434198E+006 0027
  0.7730794596E+006 0027
  0.7830716832E+006 0026
  0.7932229004E+006 0026
  0.8035359789E+006 0026
  0.8141068844E+006 0025
  0.8248912299E+006 0025
  0.8358503855E+006 0025
  0.8469875213E+006 0025
  0.8583059004E+006 0024
  0.8698088678E+006 0024
  0.8814998456E+006 0024
  0.9305721049E+006 0023
  0.9831445705E+006 0021
  0.1039841099E+007 0020
  0.1085047567E+007 0019
  0.1132818242E+007 0017
  0.1183211271E+007 0016
  0.1236579865E+007 0014
  0.1292976651E+007 0012
  0.1352475299E+007 0010
  0.1394077273E+007 0009
  0.1437149031E+007 0008
  0.1481870176E+007 0006
  0.1528309600E+007 0005
  0.1576486501E+007 0003
  0.1626469589E+007 0001
  0.1678354888E+007 0001
  0.1732220806E+007 0001
  0.1788084556E+007 0001
  0.1905001232E+007 0001
  0.1995449105E+007 0001
  0.2087295190E+007 0001
  0.2180627326E+007 0001
  0.2275488317E+007 0001
  0.2371914082E+007 0001
  0.2469816953E+007 0001
  0.2569403331E+007 0001
  0.2670789990E+007 0001
  0.2773878726E+007 0001
  0.2878750680E+007 0001
  0.2985437350E+007 0001
  0.3094094779E+007 0001
  0.3204801479E+007 0001
  0.3317690246E+007 0001
  0.3432880561E+007 0001
  0.3550603946E+007 0001
  0.3671049362E+007 0001
  0.3753024146E+007 0001
  0.3836063835E+007 0001
  0.3920609296E+007 0001
  0.4006681907E+007 0001
  0.4094100413E+007 0001
  0.4183138227E+007 0001
  0.4273907636E+007 0001
  0.4366547405E+007 0001
  0.4461039626E+007 0001
  0.4557488995E+007 0001
  0.4655900470E+007 0001
  0.4756355760E+007 0001
  0.4858924637E+007 0001
  0.4963594573E+007 0001
  0.5000000000E+007 0001
