  0.0000000000E+000  0.0000000000E+000
  2.2290249952E+001  5.0081008988E+038
  1.0040224870E+004  6.9423839379E+041
  2.0089794278E+004  1.1269604375E+042
  3.0162272535E+004  8.9671545683E+041
  4.0298338074E+004  7.1341928362E+041
  5.0456478067E+004  7.1268164351E+041
  6.0638181819E+004  6.4715017224E+041
  7.0920827661E+004  5.3532288339E+041
  8.1122267940E+004  4.3795593027E+041
  9.1391844572E+004  3.6932252168E+041
  1.0153722192E+005  3.2343640535E+041
  1.1156548588E+005  3.1187693665E+041
  1.2238592307E+005  3.3987972519E+041
  1.3322100375E+005  2.9659058599E+041
  1.4375398346E+005  2.5346659807E+041
  1.5456431412E+005  2.2776037226E+041
  1.6552135613E+005  2.0538416108E+041
  1.7646694724E+005  1.8834843936E+041
  1.8721756746E+005  1.7343545577E+041
  1.9756423484E+005  1.6132365674E+041
  2.0727704142E+005  1.5111316052E+041
  2.1766203504E+005  1.4132856404E+041
  2.2877958372E+005  1.3206242549E+041
  2.3894213540E+005  1.2456283342E+041
  2.4973734368E+005  1.1762640371E+041
  2.5925246453E+005  1.1235122063E+041
  2.6927274297E+005  1.0771773891E+041
  2.7983190599E+005  1.0281642842E+041
  2.9096721541E+005  9.8708733327E+040
  3.0031715893E+005  9.5812848401E+040
  3.1008323009E+005  9.3178873218E+040
  3.2028866448E+005  9.0830276941E+040
  3.3095826018E+005  8.8733871390E+040
  3.4211850497E+005  8.6924478008E+040
  3.5379771697E+005  8.5708596142E+040
  3.6291455044E+005  8.4495980163E+040
  3.7234972615E+005  8.3778988712E+040
  3.8211715595E+005  8.2356791354E+040
  3.9223210533E+005  8.1745507526E+040
  4.0271018627E+005  8.1285940131E+040
  4.1356774517E+005  8.0979549082E+040
  4.2482197935E+005  8.0415834634E+040
  4.3649097315E+005  8.0401425289E+040
  4.4859373867E+005  8.0540216967E+040
  4.5691306184E+005  8.0864988317E+040
  4.6544020943E+005  8.0797209142E+040
  4.7418157103E+005  8.1284493890E+040
  4.8314390690E+005  8.0256754632E+040
  4.9233450384E+005  8.0732428456E+040
  5.0176047430E+005  8.0798189119E+040
  5.1142919894E+005  8.1464106080E+040
  5.2134833411E+005  8.2223320529E+040
  5.3152582027E+005  8.2546466653E+040
  5.4196988877E+005  8.3508480906E+040
  5.5268906660E+005  8.3997920434E+040
  5.6369218274E+005  8.5173300786E+040
  5.7498837732E+005  8.5837844057E+040
  5.8658711478E+005  8.5899736787E+040
  5.9849907031E+005  8.6526710670E+040
  6.1073466938E+005  8.7882838431E+040
  6.2330441717E+005  8.8717966023E+040
  6.3621919108E+005  9.0354861284E+040
  6.4949024779E+005  9.2154229297E+040
  6.5626300542E+005  9.2763219878E+040
  6.6312923029E+005  9.3406403900E+040
  6.7009043904E+005  9.4083320350E+040
  6.7714817362E+005  9.5571406871E+040
  6.8430400178E+005  9.6339169842E+040
  6.9155951761E+005  9.7147717185E+040
  6.9891634199E+005  9.6465893558E+040
  7.0637642576E+005  9.7989710176E+040
  7.1394147782E+005  9.8804309061E+040
  7.2161322062E+005  9.9670479175E+040
  7.2939340269E+005  1.0058611942E+041
  7.3728380234E+005  1.0240276295E+041
  7.4528622949E+005  1.0345708044E+041
  7.5340252733E+005  1.0458613592E+041
  7.6163457377E+005  1.0578950748E+041
  7.6998428246E+005  1.0798861189E+041
  7.7845360309E+005  1.0935961350E+041
  7.8704452194E+005  1.1081011035E+041
  7.9575906172E+005  1.1234513651E+041
  8.0459928089E+005  1.1497664669E+041
  8.1356727399E+005  1.1498308533E+041
  8.2266566181E+005  1.1665012494E+041
  8.3189659871E+005  1.1841490471E+041
  8.4126229385E+005  1.2029707370E+041
  8.5076498481E+005  1.2329703522E+041
  8.6040693860E+005  1.2539206359E+041
  8.7019045598E+005  1.2758757407E+041
  8.8011787795E+005  1.2990120301E+041
  9.3199799942E+005  1.4264819982E+041
  9.8785462807E+005  1.5919730840E+041
  1.0356215455E+006  1.7454707182E+041
  1.0863124098E+006  1.8836170502E+041
  1.1401238089E+006  2.0456709260E+041
  1.1972557272E+006  2.1775036512E+041
  1.2424163298E+006  2.3030267587E+041
  1.2896653986E+006  2.4345555101E+041
  1.3391005434E+006  2.5284374309E+041
  1.3908311437E+006  2.6570693316E+041
  1.4449678794E+006  2.7916626946E+041
  1.5016234559E+006  2.8804330579E+041
  1.5609245702E+006  3.0074533020E+041
  1.6019904534E+006  3.1031487235E+041
  1.6443190083E+006  3.1701479953E+041
  1.6879490148E+006  3.2355862312E+041
  1.7329245576E+006  3.2930555996E+041
  1.7792864753E+006  3.3471621238E+041
  1.8763430087E+006  3.4444668658E+041
  1.9794949815E+006  3.5410099827E+041
  2.0891292148E+006  3.5890281721E+041
  2.2051423370E+006  3.6201147568E+041
  2.2963574208E+006  3.5976980493E+041
  2.3913429719E+006  3.5995316153E+041
  2.4902551581E+006  3.5581525706E+041
  2.5932565529E+006  3.5481917073E+041
  2.7005164519E+006  3.4989731259E+041
  2.8122110103E+006  3.4836830593E+041
  2.9285237127E+006  3.3946894089E+041
  3.0496454875E+006  3.4104339776E+041
  3.1331628944E+006  3.3351581298E+041
  3.2189668377E+006  3.2834317643E+041
  3.3071198625E+006  3.2985152513E+041
  3.3976862696E+006  3.2431627436E+041
  3.4907320336E+006  3.1561200081E+041
  3.5863249999E+006  3.2193263173E+041
  3.6845346971E+006  3.1211980723E+041
  3.7854326816E+006  3.1927201721E+041
  3.8890924564E+006  3.0869091485E+041
  3.9955895848E+006  2.9876005711E+041
  4.1050017147E+006  3.0671673078E+041
  4.2174084963E+006  2.9451720347E+041
  4.3328918568E+006  2.8068181167E+041
  4.4515361747E+006  2.8911134888E+041
  4.5734280596E+006  2.7550652953E+041
  4.6986563875E+006  2.7783242191E+041
  4.8273123064E+006  2.8191289397E+041
  4.9594898641E+006  2.6656358862E+041
  5.0000000000E+006  2.6656358862E+041
