  0.0000000000E+000  0.0000000000E+000
  2.2283806904E+001  1.0660363693E+038
  1.0055007217E+004  3.6797845812E+042
  2.0136965340E+004  2.0637470016E+042
  3.0228940390E+004  1.4031836815E+042
  4.0292331117E+004  1.0035542633E+042
  5.0652112936E+004  7.6981921138E+041
  6.0887211808E+004  6.2413571224E+041
  7.1151114643E+004  5.2686504509E+041
  8.1251745165E+004  4.5618605941E+041
  9.1947950539E+004  3.9971712697E+041
  1.0229663578E+005  3.5174561505E+041
  1.1289885540E+005  3.0628045729E+041
  1.2348217129E+005  2.7109608903E+041
  1.3363545990E+005  2.4344299075E+041
  1.4387888957E+005  2.2509659360E+041
  1.5406635777E+005  2.0552464718E+041
  1.6403439751E+005  1.9078910097E+041
  1.7486587640E+005  1.7455911906E+041
  1.8541081320E+005  1.6388087817E+041
  1.9533847119E+005  1.5300406488E+041
  2.0598912767E+005  1.4287029956E+041
  2.1574953726E+005  1.3456935689E+041
  2.2614707940E+005  1.2668467253E+041
  2.3723886471E+005  1.1930695838E+041
  2.4705765685E+005  1.1350888973E+041
  2.5744226355E+005  1.0825322151E+041
  2.6852720292E+005  1.0318237151E+041
  2.7792544586E+005  9.9650889324E+040
  2.8778321410E+005  9.6559333945E+040
  2.9812968137E+005  9.3708353513E+040
  3.0899610591E+005  9.0965779014E+040
  3.2041601594E+005  8.8656700052E+040
  3.2936572882E+005  8.7170374321E+040
  3.3866313613E+005  8.5739448569E+040
  3.4832530635E+005  8.4483625789E+040
  3.5847137467E+005  8.2840580069E+040
  3.6902738007E+005  8.1449122407E+040
  3.8001377464E+005  8.0350759380E+040
  3.9145215960E+005  7.9294563843E+040
  4.0336534704E+005  7.8319898205E+040
  4.1158310658E+005  7.7711076733E+040
  4.2003007271E+005  7.7194948708E+040
  4.2871402764E+005  7.6713455655E+040
  4.3764305748E+005  7.6232141858E+040
  4.4692210873E+005  7.5290723712E+040
  4.5646882848E+005  7.4595457704E+040
  4.6629269372E+005  7.4071442960E+040
  4.7640356069E+005  7.3698381103E+040
  4.8681167864E+005  7.3394360574E+040
  4.9752770856E+005  7.3299206044E+040
  5.0856274561E+005  7.3289175366E+040
  5.1992734205E+005  7.3302791606E+040
  5.3168343066E+005  7.2504601193E+040
  5.4387825967E+005  7.2396495269E+040
  5.5644940532E+005  7.2525819679E+040
  5.6939814846E+005  7.2770906570E+040
  5.8273033402E+005  7.3109944413E+040
  5.8954435089E+005  7.3401965685E+040
  5.9645925186E+005  7.3726513089E+040
  6.0347677879E+005  7.4074896647E+040
  6.1059870691E+005  7.4454750054E+040
  6.1782684558E+005  7.4864625456E+040
  6.2523568772E+005  7.4363021277E+040
  6.3276117672E+005  7.4568617605E+040
  6.4040067202E+005  7.5016265420E+040
  6.4815617674E+005  7.5447365593E+040
  6.5602972882E+005  7.5952333393E+040
  6.6402340319E+005  7.6558100666E+040
  6.7213931310E+005  7.7206755896E+040
  6.8037961089E+005  7.7913398403E+040
  6.8874648861E+005  7.8672953041E+040
  6.9724217849E+005  7.9497394930E+040
  7.0586895351E+005  8.0400664826E+040
  7.1471139790E+005  7.9605833009E+040
  7.2373225928E+005  8.0536368933E+040
  7.3289462642E+005  8.1532673152E+040
  7.4220099622E+005  8.2666965771E+040
  7.5165392707E+005  8.3885304508E+040
  7.6125603281E+005  8.5200501221E+040
  7.7100998139E+005  8.6599974263E+040
  7.8091849532E+005  8.8100395654E+040
  7.9098435280E+005  8.9696659784E+040
  8.0121038922E+005  9.1406099166E+040
  8.1169207655E+005  9.1011167484E+040
  8.2238276357E+005  9.2898742454E+040
  8.3324628000E+005  9.4760861725E+040
  8.4428576566E+005  9.6725824850E+040
  8.5550445112E+005  9.8785327797E+040
  8.6690564378E+005  1.0093997241E+041
  8.7849272439E+005  1.0319689539E+041
  9.2712464833E+005  1.1084501394E+041
  9.7921625740E+005  1.2214026617E+041
  1.0353839462E+006  1.3263383545E+041
  1.0800574442E+006  1.4325067384E+041
  1.1273727012E+006  1.5249352948E+041
  1.1771489820E+006  1.6471052071E+041
  1.2299707013E+006  1.7499773453E+041
  1.2856980575E+006  1.8688621608E+041
  1.3445936627E+006  2.0169215415E+041
  1.4068034484E+006  2.1522434305E+041
  1.4501731066E+006  2.2570199930E+041
  1.4952009307E+006  2.3393752536E+041
  1.5419554238E+006  2.4467206838E+041
  1.5904554447E+006  2.5319406443E+041
  1.6407708376E+006  2.6298213742E+041
  1.6929978042E+006  2.7021099098E+041
  1.7472135250E+006  2.7880761939E+041
  1.8034355392E+006  2.8571400793E+041
  1.9210020800E+006  2.9729130507E+041
  2.0115866966E+006  3.0166532810E+041
  2.1036169881E+006  3.0558260358E+041
  2.1971308146E+006  3.0625432230E+041
  2.2920760884E+006  3.0521675746E+041
  2.3884262543E+006  3.0203300691E+041
  2.4862897868E+006  2.9924231717E+041
  2.5857147442E+006  2.9552423744E+041
  2.6867586527E+006  2.9079060186E+041
  2.7895427685E+006  2.8640198388E+041
  2.8941317736E+006  2.8175071033E+041
  3.0006237361E+006  2.7571641687E+041
  3.1090955360E+006  2.7021568305E+041
  3.2196652315E+006  2.6430469534E+041
  3.3324373070E+006  2.5756844251E+041
  3.4475764955E+006  2.5075359202E+041
  3.5653295131E+006  2.4347014840E+041
  3.6858113797E+006  2.3516446705E+041
  3.7677223791E+006  2.2957677714E+041
  3.8510763284E+006  2.2335022742E+041
  3.9356171602E+006  2.1706735506E+041
  4.0217499514E+006  2.1037349795E+041
  4.1093644596E+006  2.0271234888E+041
  4.1986948252E+006  1.9459465811E+041
  4.2898537025E+006  1.8665457519E+041
  4.3828895860E+006  1.7790103690E+041
  4.4778409161E+006  1.6841884598E+041
  4.5747556168E+006  1.5879745444E+041
  4.6736744872E+006  1.4772697502E+041
  4.7746320836E+006  1.3707887003E+041
  4.8776996197E+006  1.2520927464E+041
  4.9829035440E+006  1.1212189623E+041
  5.0000000000E+006  1.1212189623E+041
