 0007   0.101598E+00   0.296208E+09   0.291548E+10   0.130008E+10   0.911565E+14
 0008   0.136639E+00   0.360078E+09   0.182275E+10   0.125510E+10   0.682832E+14
 0009   0.174909E+00   0.429841E+09   0.182291E+10   0.121374E+10   0.524898E+14
 0010   0.218437E+00   0.505529E+09   0.173882E+10   0.116704E+10   0.412389E+14
 0011   0.266145E+00   0.584359E+09   0.165235E+10   0.112712E+10   0.329506E+14
 0012   0.316363E+00   0.665346E+09   0.161271E+10   0.109411E+10   0.266579E+14
 0013   0.366884E+00   0.747183E+09   0.161985E+10   0.107235E+10   0.217627E+14
 0014   0.425473E+00   0.834806E+09   0.149556E+10   0.104345E+10   0.178731E+14
 0015   0.493418E+00   0.927819E+09   0.136895E+10   0.101295E+10   0.147314E+14
 0016   0.556513E+00   0.101850E+10   0.143722E+10   0.999869E+09   0.121600E+14
 0017   0.636960E+00   0.111954E+10   0.125595E+10   0.973038E+09   0.100295E+14
 0018   0.706988E+00   0.121613E+10   0.137941E+10   0.966532E+09   0.824753E+13
 0019   0.794375E+00   0.132366E+10   0.123044E+10   0.949845E+09   0.674570E+13
 0020   0.886263E+00   0.143629E+10   0.122575E+10   0.935930E+09   0.547162E+13
 0021   0.984312E+00   0.155509E+10   0.121164E+10   0.923562E+09   0.438523E+13
 0022   0.108998E+01   0.168081E+10   0.118976E+10   0.914154E+09   0.345583E+13
 0023   0.120378E+01   0.181465E+10   0.117604E+10   0.907831E+09   0.265890E+13
 0024   0.132575E+01   0.195788E+10   0.117434E+10   0.907633E+09   0.197477E+13
 0025   0.145651E+01   0.211376E+10   0.119214E+10   0.907782E+09   0.138730E+13
 0026   0.162019E+01   0.229332E+10   0.109702E+10   0.906609E+09   0.102973E+13
 0027   0.179822E+01   0.249478E+10   0.113156E+10   0.920296E+09   0.844548E+12
 0028   0.199462E+01   0.273228E+10   0.120929E+10   0.953567E+09   0.680975E+12
 0029   0.225214E+01   0.304947E+10   0.123169E+10   0.101503E+10   0.540519E+12
 0030   0.263252E+01   0.354041E+10   0.129067E+10   0.102783E+10   0.425470E+12
 0031   0.305533E+01   0.414191E+10   0.142263E+10   0.106287E+10   0.335938E+12
 0032   0.376091E+01   0.502463E+10   0.125105E+10   0.100133E+10   0.269466E+12
 0033   0.442124E+01   0.586185E+10   0.126787E+10   0.969420E+09   0.220027E+12
 0034   0.521092E+01   0.674489E+10   0.111822E+10   0.937383E+09   0.182033E+12
 0035   0.602474E+01   0.763246E+10   0.109064E+10   0.914836E+09   0.152082E+12
 0036   0.692917E+01   0.856214E+10   0.102791E+10   0.892260E+09   0.127968E+12
 0037   0.790013E+01   0.953064E+10   0.997459E+09   0.871580E+09   0.108212E+12
 0038   0.883098E+01   0.104882E+11   0.102874E+10   0.861648E+09   0.917860E+11
 0039   0.995814E+01   0.115415E+11   0.934447E+09   0.842264E+09   0.779742E+11
 0040   0.110143E+02   0.125755E+11   0.979064E+09   0.836411E+09   0.662799E+11
 0041   0.122916E+02   0.137226E+11   0.897993E+09   0.819299E+09   0.562962E+11
 0042   0.134721E+02   0.148428E+11   0.948971E+09   0.816313E+09   0.477029E+11
 0043   0.148929E+02   0.160871E+11   0.875747E+09   0.806517E+09   0.402682E+11
 0044   0.163955E+02   0.174014E+11   0.874667E+09   0.799638E+09   0.338122E+11
 0045   0.179977E+02   0.188001E+11   0.873013E+09   0.795754E+09   0.281992E+11
 0046   0.197099E+02   0.203015E+11   0.876899E+09   0.794122E+09   0.233195E+11
 0047   0.215563E+02   0.219243E+11   0.878867E+09   0.794965E+09   0.190778E+11
 0048   0.235418E+02   0.236895E+11   0.889063E+09   0.800694E+09   0.153623E+11
 0049   0.259737E+02   0.257506E+11   0.847544E+09   0.800982E+09   0.122204E+11
 0050   0.283591E+02   0.279541E+11   0.923737E+09   0.814783E+09   0.948993E+10
 0051   0.316422E+02   0.307348E+11   0.846974E+09   0.805484E+09   0.716363E+10
 0052   0.345837E+02   0.333440E+11   0.887010E+09   0.811876E+09   0.543903E+10
 0053   0.374314E+02   0.359065E+11   0.899886E+09   0.827322E+09   0.414547E+10
 0054   0.408817E+02   0.387063E+11   0.811435E+09   0.834273E+09   0.316672E+10
 0055   0.438453E+02   0.413864E+11   0.904365E+09   0.855514E+09   0.242129E+10
 0056   0.471822E+02   0.442911E+11   0.870461E+09   0.871665E+09   0.184994E+10
 0057   0.505333E+02   0.473051E+11   0.899439E+09   0.893727E+09   0.140988E+10
 0058   0.538994E+02   0.504788E+11   0.942808E+09   0.926330E+09   0.107005E+10
 0059   0.577464E+02   0.541117E+11   0.944341E+09   0.960519E+09   0.808917E+09
 0060   0.617978E+02   0.582225E+11   0.101469E+10   0.996859E+09   0.610528E+09
 0061   0.661952E+02   0.629001E+11   0.106371E+10   0.102991E+10   0.460995E+09
 0062   0.709632E+02   0.681269E+11   0.109623E+10   0.105242E+10   0.349043E+09
 0063   0.761740E+02   0.737935E+11   0.108747E+10   0.106407E+10   0.265732E+09
 0064   0.812204E+02   0.794766E+11   0.112618E+10   0.108395E+10   0.203554E+09
 0065   0.865004E+02   0.853859E+11   0.111918E+10   0.110379E+10   0.156750E+09
 0066   0.918222E+02   0.914504E+11   0.113955E+10   0.112766E+10   0.121237E+09
 0067   0.971031E+02   0.976827E+11   0.118016E+10   0.115746E+10   0.940894E+08
 0068   0.103010E+03   0.104485E+12   0.115165E+10   0.117779E+10   0.732116E+08
 0069   0.108971E+03   0.111584E+12   0.119090E+10   0.119726E+10   0.570698E+08
 0070   0.114428E+03   0.118623E+12   0.128984E+10   0.123427E+10   0.445044E+08
 0071   0.120041E+03   0.126070E+12   0.132683E+10   0.127059E+10   0.346792E+08
 0072   0.126479E+03   0.134287E+12   0.127616E+10   0.130338E+10   0.269807E+08
 0073   0.133126E+03   0.143123E+12   0.132946E+10   0.133573E+10   0.209472E+08
 0074   0.139252E+03   0.152108E+12   0.146669E+10   0.139442E+10   0.162228E+08
 0075   0.146440E+03   0.162512E+12   0.144731E+10   0.144375E+10   0.125292E+08
 0076   0.153952E+03   0.173993E+12   0.152849E+10   0.150326E+10   0.964183E+07
 0077   0.162833E+03   0.187536E+12   0.152487E+10   0.155865E+10   0.738680E+07
 0078   0.171355E+03   0.202339E+12   0.173715E+10   0.162509E+10   0.563784E+07
 0079   0.181778E+03   0.219952E+12   0.168971E+10   0.166224E+10   0.428244E+07
 0080   0.192245E+03   0.238715E+12   0.179268E+10   0.170753E+10   0.323028E+07
 0081   0.203790E+03   0.259341E+12   0.178648E+10   0.172689E+10   0.242963E+07
 0082   0.214863E+03   0.279855E+12   0.185263E+10   0.176673E+10   0.183320E+07
 0083   0.227896E+03   0.302490E+12   0.173681E+10   0.176578E+10   0.139086E+07
 0084   0.239573E+03   0.323843E+12   0.182866E+10   0.180533E+10   0.106248E+07
 0085   0.251192E+03   0.345806E+12   0.189025E+10   0.184469E+10   0.816611E+06
 0086   0.262572E+03   0.368101E+12   0.195919E+10   0.191258E+10   0.629915E+06
 0087   0.275271E+03   0.393044E+12   0.196411E+10   0.196194E+10   0.487619E+06
 0088   0.288217E+03   0.419543E+12   0.204686E+10   0.202076E+10   0.379514E+06
 0089   0.301780E+03   0.448314E+12   0.212132E+10   0.208631E+10   0.297738E+06
 0090   0.316042E+03   0.479803E+12   0.220785E+10   0.216034E+10   0.236136E+06
 0091   0.331211E+03   0.514770E+12   0.230517E+10   0.225402E+10   0.189917E+06
 0092   0.347481E+03   0.554703E+12   0.245441E+10   0.237035E+10   0.155078E+06
 0093   0.367162E+03   0.603743E+12   0.249169E+10   0.247316E+10   0.128577E+06
 0094   0.389275E+03   0.661941E+12   0.263188E+10   0.253591E+10   0.107391E+06
 0095   0.411589E+03   0.724429E+12   0.280037E+10   0.260561E+10   0.884451E+05
 0096   0.435876E+03   0.792474E+12   0.280173E+10   0.270288E+10   0.698778E+05
 0097   0.464050E+03   0.871286E+12   0.279728E+10   0.283413E+10   0.501470E+05
 0098   0.493056E+03   0.963458E+12   0.317771E+10   0.306805E+10   0.268477E+05
 0099   0.528685E+03   0.108974E+13   0.354450E+10   0.362567E+10   0.918351E+04
