   0.000000000E+00  -2.096069546E+51   1.219185881E+51   3.954042005E+48  -8.729296230E+50   0.000000000E+00
   2.203715823E+01  -1.734694259E+50   5.444063702E+50   7.497265592E+50   1.120663504E+51   1.993593127E+51
   1.002779622E+04  -6.473578072E+47   1.965018224E+48   1.126230215E+51   1.127547875E+51   2.000477498E+51
   2.006140835E+04  -3.239282421E+47   9.436175063E+47   1.126929555E+51   1.127549244E+51   2.000478868E+51
   3.010858420E+04  -2.159512942E+47   6.269763799E+47   1.127146573E+51   1.127557598E+51   2.000487221E+51
   4.012152327E+04  -1.620817466E+47   4.770145950E+47   1.127253103E+51   1.127568036E+51   2.000497659E+51
   5.042142707E+04  -1.289654190E+47   3.891699911E+47   1.127319351E+51   1.127579555E+51   2.000509178E+51
   6.059102954E+04  -1.073055971E+47   3.340023028E+47   1.127363700E+51   1.127590397E+51   2.000520020E+51
   7.078408229E+04  -9.183832425E+46   2.972957534E+47   1.127396492E+51   1.127601949E+51   2.000531572E+51
   8.081079178E+04  -8.042967473E+46   2.724117912E+47   1.127421853E+51   1.127613835E+51   2.000543459E+51
   9.141598145E+04  -7.107108809E+46   2.580645614E+47   1.128099820E+51   1.128286814E+51   2.001216437E+51
   1.016806749E+05  -6.388550384E+46   2.530789752E+47   1.128119337E+51   1.128308530E+51   2.001238154E+51
   1.121923703E+05  -5.788933589E+46   2.509534657E+47   1.128138148E+51   1.128331212E+51   2.001260836E+51
   1.226808193E+05  -5.293031281E+46   2.509462568E+47   1.128156141E+51   1.128354157E+51   2.001283780E+51
   1.327503515E+05  -4.891071534E+46   2.524122532E+47   1.128172874E+51   1.128376376E+51   2.001305999E+51
   1.429076908E+05  -4.543009209E+46   2.550451114E+47   1.128189316E+51   1.128398931E+51   2.001328554E+51
   1.530071939E+05  -4.242735734E+46   2.586145855E+47   1.128205275E+51   1.128421463E+51   2.001351086E+51
   1.628866915E+05  -3.985017783E+46   2.628894371E+47   1.128220539E+51   1.128443578E+51   2.001373201E+51
   1.736036723E+05  -3.737841820E+46   2.680178444E+47   1.128866333E+51   1.129096972E+51   2.002026595E+51
   1.840476553E+05  -3.525336427E+46   2.719426239E+47   1.128881706E+51   1.129118396E+51   2.002048019E+51
   1.938775906E+05  -3.346231981E+46   2.762559059E+47   1.128895777E+51   1.129138571E+51   2.002068194E+51
   2.044206288E+05  -3.173273603E+46   2.814629135E+47   1.128910490E+51   1.129160220E+51   2.002089843E+51
   2.140800180E+05  -3.029762731E+46   2.866919579E+47   1.128923665E+51   1.129180059E+51   2.002109682E+51
   2.243675571E+05  -2.890506980E+46   2.926819771E+47   1.128937414E+51   1.129201191E+51   2.002130814E+51
   2.353394241E+05  -2.755405488E+46   2.994891623E+47   1.128951795E+51   1.129223730E+51   2.002153353E+51
   2.450499626E+05  -2.645929095E+46   3.058296789E+47   1.128964308E+51   1.129243678E+51   2.002173301E+51
   2.553180399E+05  -2.539228118E+46   3.128174287E+47   1.128977344E+51   1.129264769E+51   2.002194392E+51
   2.662462085E+05  -2.434156357E+46   3.194144735E+47   1.129642041E+51   1.129937114E+51   2.002866737E+51
   2.755339009E+05  -2.351864879E+46   3.246950076E+47   1.129653470E+51   1.129954647E+51   2.002884270E+51
   2.852741304E+05  -2.271323797E+46   3.304606786E+47   1.129665273E+51   1.129973020E+51   2.002902643E+51
   2.954955769E+05  -2.192517338E+46   3.367348492E+47   1.129677476E+51   1.129992285E+51   2.002921909E+51
   3.062289608E+05  -2.115431151E+46   3.435427919E+47   1.129690109E+51   1.130012497E+51   2.002942120E+51
   3.175072247E+05  -2.040051999E+46   3.509109690E+47   1.129703203E+51   1.130033713E+51   2.002963336E+51
   3.263446748E+05  -1.984630413E+46   3.568215855E+47   1.129713346E+51   1.130050321E+51   2.002979944E+51
   3.355243332E+05  -1.930157112E+46   3.630757070E+47   1.129723782E+51   1.130067556E+51   2.002997179E+51
   3.450629612E+05  -1.876627318E+46   3.696868387E+47   1.129734526E+51   1.130085446E+51   2.003015069E+51
   3.550447766E+05  -1.823334570E+46   3.751798427E+47   1.130389970E+51   1.130746917E+51   2.003676540E+51
   3.654619243E+05  -1.771187910E+46   3.810907572E+47   1.130401434E+51   1.130764813E+51   2.003694436E+51
   3.763025126E+05  -1.719991096E+46   3.873974458E+47   1.130413211E+51   1.130783408E+51   2.003713031E+51
   3.875877613E+05  -1.669740869E+46   3.941135705E+47   1.130425318E+51   1.130802734E+51   2.003732358E+51
   3.993400677E+05  -1.620433967E+46   4.012615627E+47   1.130437776E+51   1.130822833E+51   2.003752456E+51
   4.074460509E+05  -1.588085101E+46   4.062730532E+47   1.130446285E+51   1.130836677E+51   2.003766301E+51
   4.157774594E+05  -1.556152938E+46   4.114881254E+47   1.130454965E+51   1.130850892E+51   2.003780515E+51
   4.243419285E+05  -1.524636381E+46   4.169126290E+47   1.130463822E+51   1.130865488E+51   2.003795111E+51
   4.331473906E+05  -1.493534291E+46   4.225526837E+47   1.130472862E+51   1.130880479E+51   2.003810102E+51
   4.422497023E+05  -1.462380648E+46   4.271793645E+47   1.131235921E+51   1.131648476E+51   2.004578099E+51
   4.516614265E+05  -1.431799988E+46   4.320822232E+47   1.131245414E+51   1.131663178E+51   2.004592801E+51
   4.613455109E+05  -1.401638546E+46   4.372172185E+47   1.131255083E+51   1.131678284E+51   2.004607907E+51
   4.713116208E+05  -1.371894638E+46   4.425905079E+47   1.131264935E+51   1.131693807E+51   2.004623430E+51
   4.815698069E+05  -1.342566583E+46   4.482154855E+47   1.131274976E+51   1.131709766E+51   2.004639389E+51
   4.921305216E+05  -1.313652694E+46   4.540936373E+47   1.131285214E+51   1.131726171E+51   2.004655794E+51
   5.030046401E+05  -1.285151264E+46   4.602272127E+47   1.131295657E+51   1.131743033E+51   2.004672656E+51
   5.142034839E+05  -1.257062974E+46   4.666355129E+47   1.131306312E+51   1.131760376E+51   2.004689999E+51
   5.257328179E+05  -1.229146231E+46   4.725154808E+47   1.132113470E+51   1.132573694E+51   2.005503317E+51
   5.377346663E+05  -1.201588569E+46   4.780119963E+47   1.132124667E+51   1.132590663E+51   2.005520286E+51
   5.501159239E+05  -1.174444632E+46   4.838004951E+47   1.132136071E+51   1.132608127E+51   2.005537750E+51
   5.628766576E+05  -1.147738245E+46   4.898824237E+47   1.132147681E+51   1.132626086E+51   2.005555709E+51
   5.760154922E+05  -1.121480899E+46   4.962622592E+47   1.132159497E+51   1.132644544E+51   2.005574167E+51
   5.827303340E+05  -1.108519402E+46   4.995663147E+47   1.132165485E+51   1.132653966E+51   2.005583589E+51
   5.895443509E+05  -1.095668704E+46   5.029504302E+47   1.132171527E+51   1.132663521E+51   2.005593144E+51
   5.964592519E+05  -1.082928316E+46   5.064130952E+47   1.132177625E+51   1.132673209E+51   2.005602832E+51
   6.034767788E+05  -1.070297744E+46   5.099553864E+47   1.132183781E+51   1.132683034E+51   2.005612657E+51
   6.105987069E+05  -1.057776496E+46   5.135760441E+47   1.132189996E+51   1.132692994E+51   2.005622617E+51
   6.178268456E+05  -1.045156334E+46   5.164022424E+47   1.133095805E+51   1.133601756E+51   2.006531379E+51
   6.252356877E+05  -1.032726586E+46   5.193618207E+47   1.133102197E+51   1.133611232E+51   2.006540855E+51
   6.327611767E+05  -1.020407282E+46   5.224052886E+47   1.133108643E+51   1.133620844E+51   2.006550467E+51
   6.404006720E+05  -1.008197900E+46   5.255335305E+47   1.133115142E+51   1.133630594E+51   2.006560217E+51
   6.481561767E+05  -9.960979238E+45   5.287471182E+47   1.133121695E+51   1.133640482E+51   2.006570105E+51
   6.560297288E+05  -9.841068395E+45   5.320468044E+47   1.133128305E+51   1.133650511E+51   2.006580134E+51
   6.640234032E+05  -9.722241332E+45   5.354336238E+47   1.133134971E+51   1.133660683E+51   2.006590306E+51
   6.721393131E+05  -9.604492920E+45   5.389088205E+47   1.133141696E+51   1.133671000E+51   2.006600623E+51
   6.803796109E+05  -9.487818035E+45   5.424736033E+47   1.133148480E+51   1.133681466E+51   2.006611089E+51
   6.887464886E+05  -9.372211562E+45   5.461291539E+47   1.133155326E+51   1.133692083E+51   2.006621706E+51
   6.972421785E+05  -9.257668396E+45   5.498766829E+47   1.133162233E+51   1.133702852E+51   2.006632475E+51
   7.058689535E+05  -9.142306777E+45   5.527109982E+47   1.134316559E+51   1.134860128E+51   2.007789751E+51
   7.058689535E+05  -9.199213898E+45   5.512864468E+47   1.134314748E+51   1.134856835E+51   2.007786458E+51
   7.148219285E+05  -9.081876665E+45   5.543326763E+47   1.134321977E+51   1.134867228E+51   2.007796851E+51
   7.242281477E+05  -8.961780454E+45   5.575872283E+47   1.134329510E+51   1.134878135E+51   2.007807758E+51
   7.341105569E+05  -8.838978356E+45   5.610627276E+47   1.134337357E+51   1.134889581E+51   2.007819204E+51
   7.444932630E+05  -8.713532627E+45   5.647724804E+47   1.134345532E+51   1.134901591E+51   2.007831214E+51
   7.554015936E+05  -8.585514808E+45   5.687310216E+47   1.134354046E+51   1.134914191E+51   2.007843814E+51
   7.668621585E+05  -8.455005801E+45   5.729548866E+47   1.134362912E+51   1.134927412E+51   2.007857035E+51
   7.789029144E+05  -8.322095871E+45   5.774592393E+47   1.134372144E+51   1.134941282E+51   2.007870905E+51
   7.915532336E+05  -8.186884594E+45   5.822620702E+47   1.134381757E+51   1.134955832E+51   2.007885455E+51
   8.049280679E+05  -8.081430931E+45   5.852340463E+47   1.135646111E+51   1.136223263E+51   2.009152886E+51
   8.157973077E+05  -7.971572661E+45   5.885222443E+47   1.135654221E+51   1.136234772E+51   2.009164395E+51
   8.275022902E+05  -7.856558528E+45   5.921294462E+47   1.135662874E+51   1.136247147E+51   2.009176770E+51
   8.358014477E+05  -7.777000313E+45   5.947257530E+47   1.135668960E+51   1.136255909E+51   2.009185532E+51
   8.445207501E+05  -7.695131486E+45   5.974871252E+47   1.135675313E+51   1.136265105E+51   2.009194728E+51
   8.536814671E+05  -7.610954087E+45   6.004229366E+47   1.135681942E+51   1.136274754E+51   2.009204377E+51
   8.633059455E+05  -7.524476055E+45   6.035439956E+47   1.135688859E+51   1.136284879E+51   2.009214502E+51
   8.734176631E+05  -7.435711532E+45   6.068617641E+47   1.135696077E+51   1.136295503E+51   2.009225126E+51
   9.263607906E+05  -7.025521785E+45   6.204815336E+47   1.137031909E+51   1.137645365E+51   2.010574988E+51
   9.797732495E+05  -6.634426643E+45   6.348869282E+47   1.138332407E+51   1.138960659E+51   2.011890282E+51
   1.034256550E+06  -6.278289854E+45   6.472604255E+47   1.138367763E+51   1.139008745E+51   2.011938368E+51
   1.088640571E+06  -5.958635171E+45   6.585449836E+47   1.139948866E+51   1.140601452E+51   2.013531075E+51
   1.145886282E+06  -5.655841120E+45   6.694835421E+47   1.139983389E+51   1.140647217E+51   2.013576840E+51
   1.203477719E+06  -5.380403422E+45   6.782798729E+47   1.141736986E+51   1.142409885E+51   2.015339508E+51
   1.258436438E+06  -5.141475491E+45   6.858880008E+47   1.143585265E+51   1.144266011E+51   2.017195634E+51
   1.307559418E+06  -4.945400140E+45   6.914346361E+47   1.143611920E+51   1.144298409E+51   2.017228032E+51
   1.361957769E+06  -4.769108758E+45   6.955322529E+47   1.145555906E+51   1.146246669E+51   2.019176292E+51
   1.417709367E+06  -4.578006378E+45   7.001375123E+47   1.145584244E+51   1.146279803E+51   2.019209426E+51
   1.473797668E+06  -4.400401738E+45   7.028204355E+47   1.147885991E+51   1.148584411E+51   2.021514034E+51
   1.527321965E+06  -4.243269613E+45   7.049044356E+47   1.150200650E+51   1.150901311E+51   2.023830934E+51
   1.575162835E+06  -4.112188118E+45   7.060120158E+47   1.150222645E+51   1.150924545E+51   2.023854168E+51
   1.575162835E+06  -4.128726437E+45   7.058478590E+47   1.150221217E+51   1.150922937E+51   2.023852560E+51
   1.630711248E+06  -3.985069889E+45   7.064236116E+47   1.152787203E+51   1.153489641E+51   2.026419264E+51
   1.680198256E+06  -3.865362778E+45   7.064290339E+47   1.152808582E+51   1.153511146E+51   2.026440769E+51
   1.737588013E+06  -3.735092888E+45   7.051069380E+47   1.155698571E+51   1.156399943E+51   2.029329566E+51
   1.854317266E+06  -3.495636146E+45   7.008107590E+47   1.158915154E+51   1.159612469E+51   2.032542092E+51
   1.949539251E+06  -3.334049584E+45   6.958628636E+47   1.162481035E+51   1.163173564E+51   2.036103187E+51
   2.056103880E+06  -3.157762804E+45   6.880284639E+47   1.166337214E+51   1.167022085E+51   2.039951708E+51
   2.167600236E+06  -2.992136796E+45   6.777328171E+47   1.174728127E+51   1.175402867E+51   2.048332490E+51
   2.273376356E+06  -2.860476721E+45   6.675268066E+47   1.179729078E+51   1.180393744E+51   2.053323367E+51
   2.379754231E+06  -2.729898481E+45   6.557516782E+47   1.183909616E+51   1.184562638E+51   2.057492261E+51
   2.491055191E+06  -2.605537991E+45   6.430322649E+47   1.189554922E+51   1.190195349E+51   2.063124972E+51
   2.596443522E+06  -2.497771026E+45   6.303474745E+47   1.195784070E+51   1.196411919E+51   2.069341542E+51
   2.702468330E+06  -2.397965041E+45   6.170037514E+47   1.205932756E+51   1.206547362E+51   2.079476985E+51
   2.803646350E+06  -2.310018021E+45   6.044169854E+47   1.212624928E+51   1.213227035E+51   2.086156658E+51
   2.918119993E+06  -2.217956216E+45   5.904572067E+47   1.220599472E+51   1.221187712E+51   2.094117335E+51
   3.020438362E+06  -2.141670708E+45   5.782288346E+47   1.227954303E+51   1.228530390E+51   2.101460013E+51
   3.133378696E+06  -2.063338815E+45   5.648156749E+47   1.237149633E+51   1.237712386E+51   2.110642009E+51
   3.225713756E+06  -2.003449704E+45   5.540986138E+47   1.247124475E+51   1.247676570E+51   2.120606193E+51
   3.325148516E+06  -1.942732607E+45   5.429322508E+47   1.257425691E+51   1.257966680E+51   2.130896303E+51
   3.432228878E+06  -1.881423026E+45   5.309739153E+47   1.268551116E+51   1.269080208E+51   2.142009831E+51
   3.547266251E+06  -1.820130165E+45   5.184540534E+47   1.280618599E+51   1.281135233E+51   2.154064856E+51
   3.666900059E+06  -1.761056176E+45   5.059543686E+47   1.293224901E+51   1.293729094E+51   2.166658718E+51
   3.748413908E+06  -1.723051650E+45   4.975985195E+47   1.306819767E+51   1.307315643E+51   2.180245266E+51
   3.748413908E+06  -1.732450002E+45   4.997401068E+47   1.306818368E+51   1.307316375E+51   2.180245999E+51
   3.833736504E+06  -1.693141728E+45   4.909503685E+47   1.306830050E+51   1.307319307E+51   2.180248930E+51
   3.927916686E+06  -1.651931476E+45   4.814208756E+47   1.320967539E+51   1.321447307E+51   2.194376930E+51
   4.031873985E+06  -1.608592908E+45   4.709972211E+47   1.333615477E+51   1.334084866E+51   2.207014489E+51
   4.146623391E+06  -1.563188397E+45   4.596635787E+47   1.353025211E+51   1.353483311E+51   2.226412935E+51
   4.240437470E+06  -1.527959618E+45   4.506252916E+47   1.359770541E+51   1.360219639E+51   2.233149262E+51
   4.341464971E+06  -1.491759875E+45   4.409678555E+47   1.365579383E+51   1.366018859E+51   2.238948483E+51
   4.450260540E+06  -1.454644577E+45   4.309089496E+47   1.371177141E+51   1.371606595E+51   2.244536218E+51
   4.567421469E+06  -1.416691752E+45   4.206301308E+47   1.375827671E+51   1.376246884E+51   2.249176507E+51
   4.650491820E+06  -1.390978513E+45   4.134972759E+47   1.375835678E+51   1.376247785E+51   2.249177408E+51
   4.737767607E+06  -1.364915669E+45   4.062004693E+47   1.380420493E+51   1.380825329E+51   2.253754952E+51
   4.829461732E+06  -1.338572706E+45   3.987803362E+47   1.383566647E+51   1.383964089E+51   2.256893712E+51
   4.925797871E+06  -1.311972943E+45   3.910397916E+47   1.386242937E+51   1.386632665E+51   2.259562288E+51
