  0.0000000000E+000  0.0000000000E+000
  2.2283806904E+001  1.0660363693E+038
  1.0055007217E+004  3.6797845812E+042
  2.0136965340E+004  2.0637470016E+042
  3.0228940390E+004  1.4031836815E+042
  4.0292331117E+004  1.0035542633E+042
  5.0652112936E+004  7.6981921138E+041
  6.0887211808E+004  6.2413571224E+041
  7.1151114643E+004  5.2686504509E+041
  8.1251745165E+004  4.5618605941E+041
  9.1947950539E+004  3.9971712697E+041
  1.0229663578E+005  3.5174561505E+041
  1.1289885540E+005  3.0628045729E+041
  1.2348217129E+005  2.7109608903E+041
  1.3363545990E+005  2.4344299075E+041
  1.4387888957E+005  2.2509659360E+041
  1.5406635777E+005  2.0552464718E+041
  1.6403439751E+005  1.9078910097E+041
  1.7486587640E+005  1.7455911906E+041
  1.8541081320E+005  1.6388087817E+041
  1.9533847119E+005  1.5300406488E+041
  2.0598912767E+005  1.4287029956E+041
  2.1574953726E+005  1.3456935689E+041
  2.2614707940E+005  1.2668467253E+041
  2.3723886471E+005  1.1930695838E+041
  2.4705765685E+005  1.1350888973E+041
  2.5744226355E+005  1.0825322151E+041
  2.6852720292E+005  1.0318237151E+041
  2.7792544586E+005  9.9650889324E+040
  2.8778321410E+005  9.6559333945E+040
  2.9812968137E+005  9.3708353513E+040
  3.0899610591E+005  9.0965779014E+040
  3.2041601594E+005  8.8656700052E+040
  3.2936572882E+005  8.7170374321E+040
  3.3866313613E+005  8.5739448569E+040
  3.4832530635E+005  8.4483625789E+040
  3.5847137467E+005  8.2840580069E+040
  3.6902738007E+005  8.1449122407E+040
  3.8001377464E+005  8.0350759380E+040
  3.9145215960E+005  7.9294563843E+040
  4.0336534704E+005  7.8319898205E+040
  4.1158310658E+005  7.7711076733E+040
  4.2003007271E+005  7.7194948708E+040
  4.2871402764E+005  7.6713455655E+040
  4.3764305748E+005  7.6232141858E+040
  4.4692210873E+005  7.5290723712E+040
  4.5646882848E+005  7.4595457704E+040
  4.6629269372E+005  7.4071442960E+040
  4.7640356069E+005  7.3698381103E+040
  4.8681167864E+005  7.3394360574E+040
  4.9752770856E+005  7.3299206044E+040
  5.0856274561E+005  7.3289175366E+040
  5.1992734205E+005  7.3302791606E+040
  5.3168343066E+005  7.2504601193E+040
  5.4387825967E+005  7.2396495269E+040
  5.5644940532E+005  7.2525819679E+040
  5.6939814846E+005  7.2770906570E+040
  5.8273033402E+005  7.3109944413E+040
  5.8954435089E+005  7.3401965685E+040
  5.9645925186E+005  7.3726513089E+040
  6.0347677879E+005  7.4074896647E+040
  6.1059870691E+005  7.4454750054E+040
  6.1782684558E+005  7.4864625456E+040
  6.2523568772E+005  7.4363021277E+040
  6.3276117672E+005  7.4568617605E+040
  6.4040067202E+005  7.5016265420E+040
  6.4815617674E+005  7.5447365593E+040
  6.5602972882E+005  7.5952333393E+040
  6.6402340319E+005  7.6558100666E+040
  6.7213931310E+005  7.7206755896E+040
  6.8037961089E+005  7.7913398403E+040
  6.8874648861E+005  7.8672953041E+040
  6.9724217849E+005  7.9497394930E+040
  7.0586895351E+005  8.0400664826E+040
  7.1029017570E+005  7.9240912784E+040
  7.1946697502E+005  8.0130839293E+040
  7.2910834980E+005  8.1160822563E+040
  7.3923781918E+005  8.2328821110E+040
  7.4988009295E+005  8.3685520651E+040
  7.6106113183E+005  8.5200868668E+040
  7.7280821080E+005  8.6895425838E+040
  7.8514998564E+005  8.8791770671E+040
  7.9811656284E+005  9.0904977201E+040
  8.0846206176E+005  9.0649621253E+040
  8.1960303256E+005  9.2517994000E+040
  8.3160063957E+005  9.4569242227E+040
  8.4010727604E+005  9.6060737484E+040
  8.4904456098E+005  9.7677730097E+040
  8.5843429597E+005  9.9419797514E+040
  8.6829938629E+005  1.0129838808E+041
  8.7866389681E+005  1.0332534713E+041
  9.2988859114E+005  1.1146983631E+041
  9.8463636149E+005  1.2158161627E+041
  1.0404817446E+006  1.3421082837E+041
  1.0962253661E+006  1.4549994708E+041
  1.1549022197E+006  1.5983873007E+041
  1.2139334429E+006  1.7175058159E+041
  1.2702661298E+006  1.8385407008E+041
  1.3206171841E+006  1.9669476968E+041
  1.3693446005E+006  2.0633280587E+041
  1.4264899888E+006  2.2040067898E+041
  1.4839804976E+006  2.3191369749E+041
  1.5388429019E+006  2.4174819757E+041
  1.5815213148E+006  2.5096010382E+041
  1.6384584375E+006  2.6091164938E+041
  1.6891826204E+006  2.6996240996E+041
  1.7480071216E+006  2.7771621315E+041
  1.8676546060E+006  2.9164118910E+041
  1.9580757120E+006  2.9817363645E+041
  2.0673044567E+006  3.0393471387E+041
  2.1815882217E+006  3.0566297041E+041
  2.2818978570E+006  3.0478049691E+041
  2.3909351794E+006  3.0221312939E+041
  2.5050186631E+006  2.9898286649E+041
  2.6130417029E+006  2.9445893466E+041
  2.7217171307E+006  2.8876292458E+041
  2.8254246014E+006  2.8369173201E+041
  2.9427600855E+006  2.7879354606E+041
  3.0476364131E+006  2.7304384023E+041
  3.1634002554E+006  2.6653926606E+041
  3.2580436920E+006  2.6119500994E+041
  3.3599643216E+006  2.5551836349E+041
  3.4697216921E+006  2.4892199944E+041
  3.5868188428E+006  2.4152972406E+041
  3.7074331503E+006  2.3352853721E+041
  3.7689611144E+006  2.2925764927E+041
  3.8564167758E+006  2.2234447473E+041
  3.9529514621E+006  2.1515442522E+041
  4.0595076933E+006  2.0617078672E+041
  4.1771258349E+006  1.9638039690E+041
  4.2732852651E+006  1.8786538138E+041
  4.3768384541E+006  1.7817938215E+041
  4.4883539125E+006  1.6680225105E+041
  4.6084438642E+006  1.5455261144E+041
  4.6935909741E+006  1.4537033174E+041
  4.7830486565E+006  1.3492007978E+041
  4.8770351340E+006  1.2476541839E+041
  4.9757796769E+006  1.1299675382E+041
  5.0000000000E+006  1.1299675382E+041
