   0.000000000E+00   0.171849944E+05  -0.480624731E+01  -0.537145843E+01  -0.518131768E+01  -0.487624731E+01  -0.461871212E+01  -0.435364175E+01  -0.617392325E+01  -0.513131768E+01  -0.503378250E+01  -0.501624731E+01  -0.497871212E+01
   0.220371582E+02   0.171853767E+05  -0.480629191E+01  -0.537152252E+01  -0.518136878E+01  -0.487629191E+01  -0.461875348E+01  -0.435367661E+01  -0.617398408E+01  -0.513136878E+01  -0.503383035E+01  -0.501629191E+01  -0.497875348E+01
   0.100277962E+05   0.392037296E+05  -0.139177775E+02  -0.149492030E+02  -0.145234902E+02  -0.140277775E+02  -0.136677775E+02  -0.133320647E+02  -0.157292030E+02  -0.145034902E+02  -0.142377775E+02  -0.141277775E+02  -0.140020647E+02
   0.200614084E+05   0.265239210E+05  -0.143980429E+02  -0.152672166E+02  -0.149176297E+02  -0.144978363E+02  -0.141680429E+02  -0.138582494E+02  -0.160572166E+02  -0.148876297E+02  -0.146878363E+02  -0.146080429E+02  -0.145082494E+02
   0.301085842E+05   0.212449380E+05  -0.145723741E+02  -0.153020655E+02  -0.150282507E+02  -0.146603124E+02  -0.143623741E+02  -0.140744358E+02  -0.161020655E+02  -0.149961889E+02  -0.148303124E+02  -0.147823741E+02  -0.147144358E+02
   0.401215233E+05   0.176969712E+05  -0.146697344E+02  -0.152602659E+02  -0.150567554E+02  -0.147414896E+02  -0.144797344E+02  -0.142079791E+02  -0.160620211E+02  -0.150067554E+02  -0.149032449E+02  -0.148814896E+02  -0.148379791E+02
   0.504214271E+05   0.155036743E+05  -0.146890824E+02  -0.151584926E+02  -0.150274011E+02  -0.147590824E+02  -0.145163095E+02  -0.142735366E+02  -0.159684926E+02  -0.149701740E+02  -0.149018553E+02  -0.149063095E+02  -0.148835366E+02
   0.605910295E+05   0.140822789E+05  -0.146801862E+02  -0.150414791E+02  -0.149663164E+02  -0.147401862E+02  -0.145211537E+02  -0.142830886E+02  -0.158524466E+02  -0.148963164E+02  -0.148682513E+02  -0.148901862E+02  -0.148921211E+02
   0.707840823E+05   0.130849959E+05  -0.146528461E+02  -0.149192684E+02  -0.148968116E+02  -0.147113375E+02  -0.145058634E+02  -0.142873720E+02  -0.157407771E+02  -0.148253030E+02  -0.148198289E+02  -0.148643548E+02  -0.148858634E+02
   0.808107918E+05   0.123089052E+05  -0.146186334E+02  -0.148062751E+02  -0.148274543E+02  -0.146683976E+02  -0.144888692E+02  -0.142791050E+02  -0.156362751E+02  -0.147472184E+02  -0.147681617E+02  -0.148383976E+02  -0.148688692E+02
   0.914159815E+05   0.116550289E+05  -0.145853332E+02  -0.146942800E+02  -0.147548066E+02  -0.146272279E+02  -0.144634385E+02  -0.142615438E+02  -0.155242800E+02  -0.146667013E+02  -0.147191225E+02  -0.147972279E+02  -0.148434385E+02
   0.101680675E+06   0.110552611E+05  -0.145472569E+02  -0.145744652E+02  -0.146730069E+02  -0.145815486E+02  -0.144329652E+02  -0.142443819E+02  -0.154044652E+02  -0.145830069E+02  -0.146658402E+02  -0.147572569E+02  -0.148186736E+02
   0.112192370E+06   0.104432229E+05  -0.144953134E+02  -0.144327750E+02  -0.145798449E+02  -0.145253134E+02  -0.143930476E+02  -0.142207819E+02  -0.152666421E+02  -0.144859778E+02  -0.145975791E+02  -0.147091805E+02  -0.147869148E+02
   0.122680819E+06   0.987725768E+04  -0.144503171E+02  -0.142966427E+02  -0.144993904E+02  -0.144784960E+02  -0.143639593E+02  -0.142076015E+02  -0.151366427E+02  -0.143975693E+02  -0.145348538E+02  -0.146703171E+02  -0.147657804E+02
   0.132750351E+06   0.939098104E+04  -0.144128648E+02  -0.141653982E+02  -0.144186494E+02  -0.144338289E+02  -0.143409366E+02  -0.141990083E+02  -0.150053982E+02  -0.143096135E+02  -0.144757571E+02  -0.146328648E+02  -0.147499724E+02
   0.142907691E+06   0.899525652E+04  -0.143910234E+02  -0.140520870E+02  -0.143541864E+02  -0.144057609E+02  -0.143315482E+02  -0.142020731E+02  -0.149026118E+02  -0.142389240E+02  -0.144352361E+02  -0.146110234E+02  -0.147415482E+02
   0.153007194E+06   0.859837067E+04  -0.143548560E+02  -0.139194903E+02  -0.142730187E+02  -0.143631650E+02  -0.143082381E+02  -0.141916202E+02  -0.147794903E+02  -0.141513276E+02  -0.143797829E+02  -0.145748560E+02  -0.147199292E+02
   0.162886692E+06   0.826780614E+04  -0.143248321E+02  -0.138048798E+02  -0.142035210E+02  -0.143275020E+02  -0.142894924E+02  -0.141841528E+02  -0.146648798E+02  -0.140761909E+02  -0.143328417E+02  -0.145448321E+02  -0.147068226E+02
   0.173603672E+06   0.791993620E+04  -0.142803359E+02  -0.136608301E+02  -0.141088328E+02  -0.142768356E+02  -0.142573366E+02  -0.141643373E+02  -0.145243304E+02  -0.139788328E+02  -0.142663345E+02  -0.145003359E+02  -0.146808369E+02
   0.184047655E+06   0.765397068E+04  -0.142507197E+02  -0.135485101E+02  -0.140354322E+02  -0.142423544E+02  -0.142374502E+02  -0.141541807E+02  -0.144168753E+02  -0.139054322E+02  -0.142172586E+02  -0.144707197E+02  -0.146658155E+02
   0.193877591E+06   0.740554794E+04  -0.142079536E+02  -0.134217955E+02  -0.139529944E+02  -0.141948337E+02  -0.142041934E+02  -0.141366729E+02  -0.142949154E+02  -0.138167547E+02  -0.141585939E+02  -0.144279536E+02  -0.146404331E+02
   0.204420629E+06   0.716770583E+04  -0.141615434E+02  -0.132914082E+02  -0.138692611E+02  -0.141437581E+02  -0.141671140E+02  -0.141182552E+02  -0.141691935E+02  -0.137236905E+02  -0.140981876E+02  -0.143815434E+02  -0.146126846E+02
   0.214080018E+06   0.696551474E+04  -0.141192308E+02  -0.131716765E+02  -0.137923314E+02  -0.140954754E+02  -0.141348639E+02  -0.140986194E+02  -0.140535543E+02  -0.136404537E+02  -0.140398422E+02  -0.143392308E+02  -0.145848639E+02
   0.224367557E+06   0.677011212E+04  -0.140742226E+02  -0.130444801E+02  -0.137103385E+02  -0.140422484E+02  -0.141021840E+02  -0.140741583E+02  -0.139304672E+02  -0.135543513E+02  -0.139742870E+02  -0.142942226E+02  -0.145521840E+02
   0.235339424E+06   0.658220383E+04  -0.140288359E+02  -0.129200573E+02  -0.136293855E+02  -0.139889580E+02  -0.140686527E+02  -0.140485305E+02  -0.138099962E+02  -0.134694466E+02  -0.139091412E+02  -0.142488359E+02  -0.145186527E+02
   0.245049963E+06   0.643210153E+04  -0.139850108E+02  -0.128052957E+02  -0.135518131E+02  -0.139416910E+02  -0.140349701E+02  -0.140249294E+02  -0.136986155E+02  -0.133851736E+02  -0.138517317E+02  -0.142083306E+02  -0.144882899E+02
   0.255318040E+06   0.628581711E+04  -0.139434356E+02  -0.126944383E+02  -0.134772464E+02  -0.138968167E+02  -0.140032924E+02  -0.140031491E+02  -0.135910572E+02  -0.133040086E+02  -0.137969600E+02  -0.141700546E+02  -0.144599113E+02
   0.266246209E+06   0.614292693E+04  -0.139010151E+02  -0.125843432E+02  -0.134025999E+02  -0.138511736E+02  -0.139705397E+02  -0.139800643E+02  -0.134841847E+02  -0.132229169E+02  -0.137416490E+02  -0.141308567E+02  -0.144303812E+02
   0.275533901E+06   0.603715888E+04  -0.138660677E+02  -0.124935331E+02  -0.133421883E+02  -0.138112918E+02  -0.139456194E+02  -0.139627832E+02  -0.133959210E+02  -0.131598004E+02  -0.136965159E+02  -0.140960677E+02  -0.144080074E+02
   0.285274130E+06   0.594005754E+04  -0.138341987E+02  -0.124100020E+02  -0.132868365E+02  -0.137747262E+02  -0.139231435E+02  -0.139473522E+02  -0.133147382E+02  -0.131021003E+02  -0.136552538E+02  -0.140641987E+02  -0.143878797E+02
   0.295495577E+06   0.584083983E+04  -0.138040582E+02  -0.123270734E+02  -0.132327015E+02  -0.137397869E+02  -0.139026009E+02  -0.139340080E+02  -0.132342091E+02  -0.130455658E+02  -0.136155155E+02  -0.140340582E+02  -0.143697366E+02
   0.306228961E+06   0.574746477E+04  -0.137740657E+02  -0.122474013E+02  -0.131801274E+02  -0.137052781E+02  -0.138816411E+02  -0.139198226E+02  -0.131567951E+02  -0.129907335E+02  -0.135764904E+02  -0.140040657E+02  -0.143510349E+02
   0.317507225E+06   0.565676405E+04  -0.137450540E+02  -0.121642123E+02  -0.131263349E+02  -0.136733522E+02  -0.138618609E+02  -0.139086679E+02  -0.130759140E+02  -0.129329314E+02  -0.135365453E+02  -0.139767557E+02  -0.143352644E+02
   0.326344675E+06   0.559359186E+04  -0.137250595E+02  -0.121049092E+02  -0.130883239E+02  -0.136517199E+02  -0.138484179E+02  -0.139017762E+02  -0.130182488E+02  -0.128916448E+02  -0.135083615E+02  -0.139583991E+02  -0.143250970E+02
   0.335524333E+06   0.552820639E+04  -0.137053937E+02  -0.120445576E+02  -0.130500105E+02  -0.136303588E+02  -0.138355330E+02  -0.138956724E+02  -0.129595925E+02  -0.128499408E+02  -0.134802195E+02  -0.139404285E+02  -0.143156027E+02
   0.345062961E+06   0.546919997E+04  -0.136878435E+02  -0.119902910E+02  -0.130156319E+02  -0.136112788E+02  -0.138241022E+02  -0.138903610E+02  -0.129068556E+02  -0.128125025E+02  -0.134550200E+02  -0.139244082E+02  -0.143072316E+02
   0.355044777E+06   0.539819691E+04  -0.136646791E+02  -0.119229452E+02  -0.129722177E+02  -0.135862735E+02  -0.138083014E+02  -0.138819237E+02  -0.128413508E+02  -0.127654066E+02  -0.134226512E+02  -0.139030846E+02  -0.142951125E+02
   0.365461924E+06   0.533282324E+04  -0.136444773E+02  -0.118615673E+02  -0.129331839E+02  -0.135642617E+02  -0.137948006E+02  -0.138752317E+02  -0.127816751E+02  -0.127229684E+02  -0.133938306E+02  -0.138844773E+02  -0.142850162E+02
   0.376302513E+06   0.527235683E+04  -0.136263742E+02  -0.117980765E+02  -0.128949086E+02  -0.135427966E+02  -0.137817406E+02  -0.138688958E+02  -0.127198653E+02  -0.126813309E+02  -0.133656414E+02  -0.138663742E+02  -0.142753182E+02
   0.387587761E+06   0.521178542E+04  -0.136086398E+02  -0.117348758E+02  -0.128569669E+02  -0.135216944E+02  -0.137690581E+02  -0.138629491E+02  -0.126583485E+02  -0.126400214E+02  -0.133378034E+02  -0.138486398E+02  -0.142660036E+02
   0.399340068E+06   0.515156737E+04  -0.135918634E+02  -0.116728981E+02  -0.128201010E+02  -0.135015696E+02  -0.137573039E+02  -0.138578914E+02  -0.125980449E+02  -0.125998073E+02  -0.133109822E+02  -0.138318634E+02  -0.142575977E+02
   0.407446051E+06   0.511509610E+04  -0.135813625E+02  -0.116350210E+02  -0.127974329E+02  -0.134890409E+02  -0.137498449E+02  -0.138544881E+02  -0.125611818E+02  -0.125751113E+02  -0.132943977E+02  -0.138213625E+02  -0.142521665E+02
   0.415777459E+06   0.507406599E+04  -0.135718461E+02  -0.115947063E+02  -0.127742284E+02  -0.134772431E+02  -0.137437505E+02  -0.138529564E+02  -0.125220077E+02  -0.125496254E+02  -0.132780372E+02  -0.138118461E+02  -0.142483534E+02
   0.424341928E+06   0.503639210E+04  -0.135629580E+02  -0.115575392E+02  -0.127527719E+02  -0.134662603E+02  -0.137380045E+02  -0.138513999E+02  -0.124858880E+02  -0.125260742E+02  -0.132628649E+02  -0.138029580E+02  -0.142447022E+02
   0.433147391E+06   0.500254683E+04  -0.135542426E+02  -0.115234187E+02  -0.127327653E+02  -0.134556630E+02  -0.137321119E+02  -0.138492710E+02  -0.124527084E+02  -0.125041857E+02  -0.132485039E+02  -0.137942426E+02  -0.142406914E+02
   0.442249702E+06   0.500000000E+04  -0.135406093E+02  -0.115078737E+02  -0.127182824E+02  -0.134418882E+02  -0.137186911E+02  -0.138361334E+02  -0.124372343E+02  -0.124895612E+02  -0.132344459E+02  -0.137806093E+02  -0.142274122E+02
   0.451661427E+06   0.500000000E+04  -0.135305366E+02  -0.114978010E+02  -0.127082097E+02  -0.134318154E+02  -0.137086183E+02  -0.138260606E+02  -0.124271616E+02  -0.124794885E+02  -0.132243731E+02  -0.137705366E+02  -0.142173395E+02
   0.461345511E+06   0.500000000E+04  -0.135228827E+02  -0.114901470E+02  -0.127005557E+02  -0.134241615E+02  -0.137009644E+02  -0.138184067E+02  -0.124195076E+02  -0.124718346E+02  -0.132167192E+02  -0.137628827E+02  -0.142096855E+02
   0.471311621E+06   0.500000000E+04  -0.135174005E+02  -0.114846649E+02  -0.126950736E+02  -0.134186794E+02  -0.136954822E+02  -0.138129246E+02  -0.124140255E+02  -0.124663524E+02  -0.132112370E+02  -0.137574005E+02  -0.142042034E+02
   0.481569807E+06   0.500000000E+04  -0.135129124E+02  -0.114801768E+02  -0.126905854E+02  -0.134141912E+02  -0.136909941E+02  -0.138084364E+02  -0.124095373E+02  -0.124618643E+02  -0.132067489E+02  -0.137529124E+02  -0.141997153E+02
   0.492130522E+06   0.500000000E+04  -0.135115038E+02  -0.114787682E+02  -0.126891769E+02  -0.134127827E+02  -0.136895856E+02  -0.138070279E+02  -0.124081288E+02  -0.124604557E+02  -0.132053404E+02  -0.137515038E+02  -0.141983067E+02
   0.503004640E+06   0.500000000E+04  -0.135113552E+02  -0.114786196E+02  -0.126890283E+02  -0.134126341E+02  -0.136894370E+02  -0.138068793E+02  -0.124079802E+02  -0.124603071E+02  -0.132051918E+02  -0.137513552E+02  -0.141981581E+02
   0.514203484E+06   0.500000000E+04  -0.135115569E+02  -0.114788213E+02  -0.126892300E+02  -0.134128358E+02  -0.136896387E+02  -0.138070810E+02  -0.124081819E+02  -0.124605088E+02  -0.132053935E+02  -0.137515569E+02  -0.141983598E+02
   0.525732818E+06   0.500000000E+04  -0.134996696E+02  -0.114669340E+02  -0.126773426E+02  -0.134009484E+02  -0.136777513E+02  -0.137951936E+02  -0.123962945E+02  -0.124486215E+02  -0.131935061E+02  -0.137396696E+02  -0.141864725E+02
   0.537734666E+06   0.500000000E+04  -0.134980495E+02  -0.114653139E+02  -0.126757226E+02  -0.133993283E+02  -0.136761312E+02  -0.137935735E+02  -0.123946745E+02  -0.124470014E+02  -0.131918860E+02  -0.137380495E+02  -0.141848524E+02
   0.550115924E+06   0.500000000E+04  -0.134999873E+02  -0.114672516E+02  -0.126776603E+02  -0.134012661E+02  -0.136780690E+02  -0.137955113E+02  -0.123966122E+02  -0.124489392E+02  -0.131938238E+02  -0.137399873E+02  -0.141867901E+02
   0.562876658E+06   0.500000000E+04  -0.135036501E+02  -0.114709145E+02  -0.126813232E+02  -0.134049290E+02  -0.136817318E+02  -0.137991742E+02  -0.124002751E+02  -0.124526020E+02  -0.131974866E+02  -0.137436501E+02  -0.141904530E+02
   0.576015492E+06   0.500000000E+04  -0.135086968E+02  -0.114759612E+02  -0.126863698E+02  -0.134099756E+02  -0.136867785E+02  -0.138042208E+02  -0.124053217E+02  -0.124576487E+02  -0.132025333E+02  -0.137486968E+02  -0.141954997E+02
   0.582730334E+06   0.500000000E+04  -0.135130249E+02  -0.114802893E+02  -0.126906979E+02  -0.134143037E+02  -0.136911066E+02  -0.138085489E+02  -0.124096498E+02  -0.124619768E+02  -0.132068614E+02  -0.137530249E+02  -0.141998278E+02
   0.589544351E+06   0.500000000E+04  -0.135178149E+02  -0.114850793E+02  -0.126954879E+02  -0.134190937E+02  -0.136958966E+02  -0.138133389E+02  -0.124144398E+02  -0.124667668E+02  -0.132116514E+02  -0.137578149E+02  -0.142046178E+02
   0.596459252E+06   0.500000000E+04  -0.135229333E+02  -0.114901977E+02  -0.127006063E+02  -0.134242121E+02  -0.137010150E+02  -0.138184573E+02  -0.124195582E+02  -0.124718852E+02  -0.132167698E+02  -0.137629333E+02  -0.142097362E+02
   0.603476779E+06   0.500000000E+04  -0.135284867E+02  -0.114957511E+02  -0.127061597E+02  -0.134297655E+02  -0.137065684E+02  -0.138240107E+02  -0.124251116E+02  -0.124774386E+02  -0.132223232E+02  -0.137684867E+02  -0.142152896E+02
   0.610598707E+06   0.500000000E+04  -0.135344473E+02  -0.115017117E+02  -0.127121203E+02  -0.134357261E+02  -0.137125290E+02  -0.138299713E+02  -0.124310722E+02  -0.124833992E+02  -0.132282838E+02  -0.137744473E+02  -0.142212502E+02
   0.617826846E+06   0.500000000E+04  -0.135271482E+02  -0.114944126E+02  -0.127048213E+02  -0.134284271E+02  -0.137052299E+02  -0.138226723E+02  -0.124237732E+02  -0.124761001E+02  -0.132209847E+02  -0.137671482E+02  -0.142139511E+02
   0.625235688E+06   0.500000000E+04  -0.135301459E+02  -0.114974103E+02  -0.127078189E+02  -0.134314247E+02  -0.137082276E+02  -0.138256699E+02  -0.124267708E+02  -0.124790978E+02  -0.132239824E+02  -0.137701459E+02  -0.142169488E+02
   0.632761177E+06   0.500000000E+04  -0.135366442E+02  -0.115039086E+02  -0.127143173E+02  -0.134379231E+02  -0.137147260E+02  -0.138321683E+02  -0.124332692E+02  -0.124855961E+02  -0.132304808E+02  -0.137766442E+02  -0.142234471E+02
   0.640400672E+06   0.500000000E+04  -0.135428658E+02  -0.115101302E+02  -0.127205389E+02  -0.134441447E+02  -0.137209476E+02  -0.138383899E+02  -0.124394908E+02  -0.124918177E+02  -0.132367024E+02  -0.137828658E+02  -0.142296687E+02
   0.648156177E+06   0.500000000E+04  -0.135501084E+02  -0.115173728E+02  -0.127277815E+02  -0.134513873E+02  -0.137281902E+02  -0.138456325E+02  -0.124467334E+02  -0.124990603E+02  -0.132439450E+02  -0.137901084E+02  -0.142369113E+02
   0.656029729E+06   0.500000000E+04  -0.135587335E+02  -0.115259979E+02  -0.127364066E+02  -0.134600124E+02  -0.137368153E+02  -0.138542576E+02  -0.124553585E+02  -0.125076854E+02  -0.132525701E+02  -0.137987335E+02  -0.142455364E+02
   0.664023403E+06   0.500000000E+04  -0.135678939E+02  -0.115351583E+02  -0.127455670E+02  -0.134691727E+02  -0.137459756E+02  -0.138634180E+02  -0.124645189E+02  -0.125168458E+02  -0.132617304E+02  -0.138078939E+02  -0.142546968E+02
   0.672139313E+06   0.500000000E+04  -0.135777860E+02  -0.115450504E+02  -0.127554591E+02  -0.134790649E+02  -0.137558677E+02  -0.138733101E+02  -0.124744110E+02  -0.125267379E+02  -0.132716225E+02  -0.138177860E+02  -0.142645889E+02
   0.680379611E+06   0.500000000E+04  -0.135883193E+02  -0.115555837E+02  -0.127659923E+02  -0.134895981E+02  -0.137664010E+02  -0.138838433E+02  -0.124849442E+02  -0.125372712E+02  -0.132821558E+02  -0.138283193E+02  -0.142751222E+02
   0.688746489E+06   0.500000000E+04  -0.135996379E+02  -0.115669023E+02  -0.127773109E+02  -0.135009167E+02  -0.137777196E+02  -0.138951619E+02  -0.124962629E+02  -0.125485898E+02  -0.132934744E+02  -0.138396379E+02  -0.142864408E+02
   0.697242178E+06   0.500000000E+04  -0.136119047E+02  -0.115791691E+02  -0.127895778E+02  -0.135131836E+02  -0.137899865E+02  -0.139074288E+02  -0.125085297E+02  -0.125608566E+02  -0.133057413E+02  -0.138519047E+02  -0.142987076E+02
   0.705868954E+06   0.500000000E+04  -0.136011179E+02  -0.115683823E+02  -0.127787909E+02  -0.135023967E+02  -0.137791996E+02  -0.138966419E+02  -0.124977428E+02  -0.125500698E+02  -0.132949544E+02  -0.138411179E+02  -0.142879208E+02
   0.705868954E+06   0.500000000E+04  -0.135961293E+02  -0.115633937E+02  -0.127738024E+02  -0.134974082E+02  -0.137742111E+02  -0.138916534E+02  -0.124927543E+02  -0.125450812E+02  -0.132899658E+02  -0.138361293E+02  -0.142829322E+02
   0.714821928E+06   0.500000000E+04  -0.136082549E+02  -0.115755193E+02  -0.127859279E+02  -0.135095337E+02  -0.137863366E+02  -0.139037789E+02  -0.125048798E+02  -0.125572068E+02  -0.133020914E+02  -0.138482549E+02  -0.142950578E+02
   0.724228148E+06   0.500000000E+04  -0.136221217E+02  -0.115893861E+02  -0.127997948E+02  -0.135234006E+02  -0.138002035E+02  -0.139176458E+02  -0.125187467E+02  -0.125710736E+02  -0.133159583E+02  -0.138621217E+02  -0.143089246E+02
   0.734110557E+06   0.500000000E+04  -0.136376354E+02  -0.116048998E+02  -0.128153084E+02  -0.135389142E+02  -0.138157171E+02  -0.139331594E+02  -0.125342604E+02  -0.125865873E+02  -0.133314719E+02  -0.138776354E+02  -0.143244383E+02
   0.744493263E+06   0.500000000E+04  -0.136553814E+02  -0.116226458E+02  -0.128330545E+02  -0.135566603E+02  -0.138334632E+02  -0.139509055E+02  -0.125520064E+02  -0.126043334E+02  -0.133492180E+02  -0.138953814E+02  -0.143421843E+02
   0.755401594E+06   0.500000000E+04  -0.136748657E+02  -0.116421301E+02  -0.128525388E+02  -0.135761445E+02  -0.138529474E+02  -0.139703897E+02  -0.125714907E+02  -0.126238176E+02  -0.133687022E+02  -0.139148657E+02  -0.143616686E+02
   0.766862158E+06   0.500000000E+04  -0.136962479E+02  -0.116635123E+02  -0.128739210E+02  -0.135975268E+02  -0.138743297E+02  -0.139917720E+02  -0.125928729E+02  -0.126451998E+02  -0.133900845E+02  -0.139362479E+02  -0.143830508E+02
   0.778902914E+06   0.500000000E+04  -0.137196874E+02  -0.116869518E+02  -0.128973605E+02  -0.136209663E+02  -0.138977692E+02  -0.140152115E+02  -0.126163124E+02  -0.126686393E+02  -0.134135240E+02  -0.139596874E+02  -0.144064903E+02
   0.791553234E+06   0.500000000E+04  -0.137452248E+02  -0.117124892E+02  -0.129228979E+02  -0.136465036E+02  -0.139233065E+02  -0.140407488E+02  -0.126418498E+02  -0.126941767E+02  -0.134390613E+02  -0.139852248E+02  -0.144320277E+02
   0.804928068E+06   0.500000000E+04  -0.137421706E+02  -0.117094350E+02  -0.129198437E+02  -0.136434495E+02  -0.139202524E+02  -0.140376947E+02  -0.126387956E+02  -0.126911225E+02  -0.134360072E+02  -0.139821706E+02  -0.144289735E+02
   0.815797308E+06   0.500000000E+04  -0.137643212E+02  -0.117315855E+02  -0.129419942E+02  -0.136656000E+02  -0.139424029E+02  -0.140598452E+02  -0.126609461E+02  -0.127132731E+02  -0.134581577E+02  -0.140043212E+02  -0.144511241E+02
   0.827502290E+06   0.500000000E+04  -0.137881304E+02  -0.117553948E+02  -0.129658035E+02  -0.136894093E+02  -0.139662122E+02  -0.140836545E+02  -0.126847554E+02  -0.127370823E+02  -0.134819669E+02  -0.140281304E+02  -0.144749333E+02
   0.835801448E+06   0.500000000E+04  -0.138051204E+02  -0.117723848E+02  -0.129827935E+02  -0.137063993E+02  -0.139832022E+02  -0.141006445E+02  -0.127017454E+02  -0.127540723E+02  -0.134989570E+02  -0.140451204E+02  -0.144919233E+02
   0.844520750E+06   0.500000000E+04  -0.138232445E+02  -0.117905089E+02  -0.130009176E+02  -0.137245234E+02  -0.140013263E+02  -0.141187686E+02  -0.127198695E+02  -0.127721964E+02  -0.135170811E+02  -0.140632445E+02  -0.145100474E+02
   0.853681467E+06   0.500000000E+04  -0.138424378E+02  -0.118097022E+02  -0.130201109E+02  -0.137437167E+02  -0.140205196E+02  -0.141379619E+02  -0.127390628E+02  -0.127913897E+02  -0.135362744E+02  -0.140824378E+02  -0.145292407E+02
   0.863305946E+06   0.500000000E+04  -0.138627620E+02  -0.118300264E+02  -0.130404350E+02  -0.137640408E+02  -0.140408437E+02  -0.141582860E+02  -0.127593869E+02  -0.128117139E+02  -0.135565985E+02  -0.141027620E+02  -0.145495649E+02
   0.873417663E+06   0.500000000E+04  -0.138842728E+02  -0.118515372E+02  -0.130619459E+02  -0.137855517E+02  -0.140623546E+02  -0.141797969E+02  -0.127808978E+02  -0.128332247E+02  -0.135781094E+02  -0.141242728E+02  -0.145710757E+02
   0.926360791E+06   0.500000000E+04  -0.139666491E+02  -0.119339134E+02  -0.131443221E+02  -0.138679279E+02  -0.141447308E+02  -0.142621731E+02  -0.128632740E+02  -0.129156010E+02  -0.136604856E+02  -0.142066491E+02  -0.146534519E+02
   0.979773249E+06   0.500000000E+04  -0.140609254E+02  -0.120281898E+02  -0.132385985E+02  -0.139622043E+02  -0.142390072E+02  -0.143564495E+02  -0.129575504E+02  -0.130098773E+02  -0.137547620E+02  -0.143009254E+02  -0.147477283E+02
   0.103425655E+07   0.500000000E+04  -0.141682245E+02  -0.121354889E+02  -0.133458976E+02  -0.140695034E+02  -0.143463063E+02  -0.144637486E+02  -0.130648495E+02  -0.131171764E+02  -0.138620611E+02  -0.144082245E+02  -0.148550274E+02
   0.108864057E+07   0.500000000E+04  -0.142559127E+02  -0.122231771E+02  -0.134335858E+02  -0.141571916E+02  -0.144339945E+02  -0.145514368E+02  -0.131525377E+02  -0.132048646E+02  -0.139497493E+02  -0.144959127E+02  -0.149427156E+02
   0.114588628E+07   0.500000000E+04  -0.143579607E+02  -0.123252251E+02  -0.135356338E+02  -0.142592395E+02  -0.145360424E+02  -0.146534847E+02  -0.132545857E+02  -0.133069126E+02  -0.140517972E+02  -0.145979607E+02  -0.150447636E+02
   0.120347772E+07   0.500000000E+04  -0.144360012E+02  -0.124032656E+02  -0.136136742E+02  -0.143372800E+02  -0.146140829E+02  -0.147315252E+02  -0.133326261E+02  -0.133849531E+02  -0.141298377E+02  -0.146760012E+02  -0.151228041E+02
   0.125843644E+07   0.500000000E+04  -0.145099388E+02  -0.124772032E+02  -0.136876118E+02  -0.144112176E+02  -0.146880205E+02  -0.148054628E+02  -0.134065637E+02  -0.134588907E+02  -0.142037753E+02  -0.147499388E+02  -0.151967417E+02
   0.130755942E+07   0.500000000E+04  -0.145832377E+02  -0.125505021E+02  -0.137609107E+02  -0.144845165E+02  -0.147613194E+02  -0.148787617E+02  -0.134798626E+02  -0.135321896E+02  -0.142770742E+02  -0.148232377E+02  -0.152700406E+02
   0.136195777E+07   0.500000000E+04  -0.146351764E+02  -0.126024407E+02  -0.138128494E+02  -0.145364552E+02  -0.148132581E+02  -0.149307004E+02  -0.135318013E+02  -0.135841283E+02  -0.143290129E+02  -0.148751764E+02  -0.153219792E+02
   0.141770937E+07   0.500000000E+04  -0.147067880E+02  -0.126740524E+02  -0.138844610E+02  -0.146080668E+02  -0.148848697E+02  -0.150023120E+02  -0.136034129E+02  -0.136557399E+02  -0.144006245E+02  -0.149467880E+02  -0.153935909E+02
   0.147379767E+07   0.500000000E+04  -0.147620716E+02  -0.127293360E+02  -0.139397447E+02  -0.146633505E+02  -0.149401534E+02  -0.150575957E+02  -0.136586966E+02  -0.137110235E+02  -0.144559082E+02  -0.150020716E+02  -0.154488745E+02
   0.152732197E+07   0.500000000E+04  -0.148071638E+02  -0.127744281E+02  -0.139848368E+02  -0.147084426E+02  -0.149852455E+02  -0.151026878E+02  -0.137037887E+02  -0.137561157E+02  -0.145010003E+02  -0.150471638E+02  -0.154939666E+02
   0.157516284E+07   0.500000000E+04  -0.148533765E+02  -0.128206409E+02  -0.140310496E+02  -0.147546554E+02  -0.150314583E+02  -0.151489006E+02  -0.137500015E+02  -0.138023284E+02  -0.145472131E+02  -0.150933765E+02  -0.155401794E+02
   0.157516284E+07   0.500000000E+04  -0.148477674E+02  -0.128150317E+02  -0.140254404E+02  -0.147490462E+02  -0.150258491E+02  -0.151432914E+02  -0.137443923E+02  -0.137967193E+02  -0.145416039E+02  -0.150877674E+02  -0.155345702E+02
   0.163071125E+07   0.500000000E+04  -0.148899893E+02  -0.128572537E+02  -0.140676624E+02  -0.147912682E+02  -0.150680711E+02  -0.151855134E+02  -0.137866143E+02  -0.138389412E+02  -0.145838258E+02  -0.151299893E+02  -0.155767922E+02
   0.168019826E+07   0.500000000E+04  -0.149270139E+02  -0.128942783E+02  -0.141046869E+02  -0.148282927E+02  -0.151050956E+02  -0.152225379E+02  -0.138236389E+02  -0.138759658E+02  -0.146208504E+02  -0.151670139E+02  -0.156138168E+02
   0.173758801E+07   0.500000000E+04  -0.149577587E+02  -0.129250231E+02  -0.141354318E+02  -0.148590376E+02  -0.151358405E+02  -0.152532828E+02  -0.138543837E+02  -0.139067106E+02  -0.146515953E+02  -0.151977587E+02  -0.156445616E+02
   0.185431727E+07   0.500000000E+04  -0.150108778E+02  -0.129781422E+02  -0.141885509E+02  -0.149121566E+02  -0.151889595E+02  -0.153064018E+02  -0.139075028E+02  -0.139598297E+02  -0.147047143E+02  -0.152508778E+02  -0.156976807E+02
   0.194953925E+07   0.500000000E+04  -0.150349287E+02  -0.130021931E+02  -0.142126018E+02  -0.149362076E+02  -0.152130105E+02  -0.153304528E+02  -0.139315537E+02  -0.139838807E+02  -0.147287653E+02  -0.152749287E+02  -0.157217316E+02
   0.205610388E+07   0.500000000E+04  -0.150557064E+02  -0.130229708E+02  -0.142333795E+02  -0.149569853E+02  -0.152337881E+02  -0.153512305E+02  -0.139523314E+02  -0.140046583E+02  -0.147495429E+02  -0.152957064E+02  -0.157425093E+02
   0.216760024E+07   0.500000000E+04  -0.150618627E+02  -0.130291271E+02  -0.142395358E+02  -0.149631416E+02  -0.152399445E+02  -0.153573868E+02  -0.139584877E+02  -0.140108146E+02  -0.147556992E+02  -0.153018627E+02  -0.157486656E+02
   0.227337636E+07   0.500000000E+04  -0.150587236E+02  -0.130259880E+02  -0.142363966E+02  -0.149600024E+02  -0.152368053E+02  -0.153542476E+02  -0.139553485E+02  -0.140076755E+02  -0.147525601E+02  -0.152987236E+02  -0.157455265E+02
   0.237975423E+07   0.500000000E+04  -0.150495390E+02  -0.130168034E+02  -0.142272120E+02  -0.149508178E+02  -0.152276207E+02  -0.153450630E+02  -0.139461639E+02  -0.139984909E+02  -0.147433755E+02  -0.152895390E+02  -0.157363419E+02
   0.249105519E+07   0.500000000E+04  -0.150378714E+02  -0.130051358E+02  -0.142155445E+02  -0.149391502E+02  -0.152159531E+02  -0.153333954E+02  -0.139344964E+02  -0.139868233E+02  -0.147317079E+02  -0.152778714E+02  -0.157246743E+02
   0.259644352E+07   0.500000000E+04  -0.150213175E+02  -0.129885819E+02  -0.141989905E+02  -0.149225963E+02  -0.151993992E+02  -0.153168415E+02  -0.139179425E+02  -0.139702694E+02  -0.147151540E+02  -0.152613175E+02  -0.157081204E+02
   0.270246833E+07   0.500000000E+04  -0.150001092E+02  -0.129673736E+02  -0.141777823E+02  -0.149013881E+02  -0.151781910E+02  -0.152956333E+02  -0.138967342E+02  -0.139490611E+02  -0.146939458E+02  -0.152401092E+02  -0.156869121E+02
   0.280364635E+07   0.500000000E+04  -0.149808723E+02  -0.129481367E+02  -0.141585454E+02  -0.148821512E+02  -0.151589541E+02  -0.152763964E+02  -0.138774973E+02  -0.139298242E+02  -0.146747089E+02  -0.152208723E+02  -0.156676752E+02
   0.291811999E+07   0.500000000E+04  -0.149619624E+02  -0.129292268E+02  -0.141396355E+02  -0.148632413E+02  -0.151400442E+02  -0.152574865E+02  -0.138585874E+02  -0.139109143E+02  -0.146557990E+02  -0.152019624E+02  -0.156487653E+02
   0.302043836E+07   0.500000000E+04  -0.149393366E+02  -0.129066010E+02  -0.141170097E+02  -0.148406154E+02  -0.151174183E+02  -0.152348607E+02  -0.138359616E+02  -0.138882885E+02  -0.146331731E+02  -0.151793366E+02  -0.156261395E+02
   0.313337870E+07   0.500000000E+04  -0.149131586E+02  -0.128804230E+02  -0.140908317E+02  -0.148144375E+02  -0.150912404E+02  -0.152086827E+02  -0.138097836E+02  -0.138621105E+02  -0.146069952E+02  -0.151531586E+02  -0.155999615E+02
   0.322571376E+07   0.500000000E+04  -0.148911678E+02  -0.128584322E+02  -0.140688409E+02  -0.147924467E+02  -0.150692496E+02  -0.151866919E+02  -0.137877928E+02  -0.138401197E+02  -0.145850044E+02  -0.151311678E+02  -0.155779707E+02
   0.332514852E+07   0.500000000E+04  -0.148673109E+02  -0.128345753E+02  -0.140449840E+02  -0.147685898E+02  -0.150453927E+02  -0.151628350E+02  -0.137639359E+02  -0.138162628E+02  -0.145611475E+02  -0.151073109E+02  -0.155541138E+02
   0.343222888E+07   0.500000000E+04  -0.148389138E+02  -0.128061782E+02  -0.140165869E+02  -0.147401927E+02  -0.150169956E+02  -0.151344379E+02  -0.137355388E+02  -0.137878657E+02  -0.145327504E+02  -0.150789138E+02  -0.155257167E+02
   0.354726625E+07   0.500000000E+04  -0.148061821E+02  -0.127734465E+02  -0.139838552E+02  -0.147074610E+02  -0.149842638E+02  -0.151017062E+02  -0.137028071E+02  -0.137551340E+02  -0.145000186E+02  -0.150461821E+02  -0.154929850E+02
   0.366690006E+07   0.500000000E+04  -0.147696055E+02  -0.127368699E+02  -0.139472786E+02  -0.146708844E+02  -0.149476873E+02  -0.150651296E+02  -0.136662305E+02  -0.137185574E+02  -0.144634421E+02  -0.150096055E+02  -0.154564084E+02
   0.374841391E+07   0.500000000E+04  -0.147455944E+02  -0.127128588E+02  -0.139232675E+02  -0.146468732E+02  -0.149236761E+02  -0.150411185E+02  -0.136422194E+02  -0.136945463E+02  -0.144394309E+02  -0.149855944E+02  -0.154323973E+02
   0.374841391E+07   0.500000000E+04  -0.147495652E+02  -0.127168296E+02  -0.139272383E+02  -0.146508441E+02  -0.149276470E+02  -0.150450893E+02  -0.136461902E+02  -0.136985171E+02  -0.144434018E+02  -0.149895652E+02  -0.154363681E+02
   0.383373650E+07   0.500000000E+04  -0.147163215E+02  -0.126835859E+02  -0.138939946E+02  -0.146176003E+02  -0.148944032E+02  -0.150118455E+02  -0.136129465E+02  -0.136652734E+02  -0.144101580E+02  -0.149563215E+02  -0.154031244E+02
   0.392791669E+07   0.500000000E+04  -0.146806314E+02  -0.126478957E+02  -0.138583044E+02  -0.145819102E+02  -0.148587131E+02  -0.149761554E+02  -0.135772563E+02  -0.136295833E+02  -0.143744679E+02  -0.149206314E+02  -0.153674342E+02
   0.403187398E+07   0.500000000E+04  -0.146343235E+02  -0.126015879E+02  -0.138119965E+02  -0.145356023E+02  -0.148124052E+02  -0.149298475E+02  -0.135309484E+02  -0.135832754E+02  -0.143281600E+02  -0.148743235E+02  -0.153211264E+02
   0.414662339E+07   0.500000000E+04  -0.145815010E+02  -0.125487654E+02  -0.137591740E+02  -0.144827798E+02  -0.147595827E+02  -0.148770250E+02  -0.134781259E+02  -0.135304529E+02  -0.142753375E+02  -0.148215010E+02  -0.152683039E+02
   0.424043747E+07   0.500000000E+04  -0.145333725E+02  -0.125006369E+02  -0.137110456E+02  -0.144346514E+02  -0.147114543E+02  -0.148288966E+02  -0.134299975E+02  -0.134823244E+02  -0.142272091E+02  -0.147733725E+02  -0.152201754E+02
   0.434146497E+07   0.500000000E+04  -0.144758993E+02  -0.124431637E+02  -0.136535723E+02  -0.143771781E+02  -0.146539810E+02  -0.147714233E+02  -0.133725242E+02  -0.134248512E+02  -0.141697358E+02  -0.147158993E+02  -0.151627022E+02
   0.445026054E+07   0.500000000E+04  -0.144042604E+02  -0.123715248E+02  -0.135819335E+02  -0.143055393E+02  -0.145823421E+02  -0.146997845E+02  -0.133008854E+02  -0.133532123E+02  -0.140980969E+02  -0.146442604E+02  -0.150910633E+02
   0.456742147E+07   0.500000000E+04  -0.143214465E+02  -0.122887109E+02  -0.134991196E+02  -0.142227254E+02  -0.144995282E+02  -0.146169706E+02  -0.132180715E+02  -0.132703984E+02  -0.140152830E+02  -0.145614465E+02  -0.150082494E+02
   0.465049182E+07   0.500000000E+04  -0.142549451E+02  -0.122222095E+02  -0.134326182E+02  -0.141562239E+02  -0.144330268E+02  -0.145504691E+02  -0.131515701E+02  -0.132038970E+02  -0.139487816E+02  -0.144949451E+02  -0.149417480E+02
   0.473776761E+07   0.500000000E+04  -0.141739471E+02  -0.121412115E+02  -0.133516202E+02  -0.140752260E+02  -0.143520289E+02  -0.144694712E+02  -0.130705721E+02  -0.131228990E+02  -0.138677836E+02  -0.144139471E+02  -0.148607500E+02
   0.482946173E+07   0.500000000E+04  -0.140889912E+02  -0.120562556E+02  -0.132666643E+02  -0.139902701E+02  -0.142670729E+02  -0.143845153E+02  -0.129856162E+02  -0.130379431E+02  -0.137828277E+02  -0.143289912E+02  -0.147757941E+02
   0.492579787E+07   0.500000000E+04  -0.139814206E+02  -0.119486849E+02  -0.131590936E+02  -0.138826994E+02  -0.141595023E+02  -0.142769446E+02  -0.128780455E+02  -0.129303725E+02  -0.136752571E+02  -0.142214206E+02  -0.146682235E+02
