  0.0000000000E+000  0.0000000000E+000
  2.2283806904E+001 -4.1147142061E+003
  1.0055007217E+004  4.9051771054E+009
  2.0136965340E+004  3.8945592710E+009
  3.0228940390E+004  3.3032425278E+009
  4.0292331117E+004  3.0070409404E+009
  5.0652112936E+004  2.7224978740E+009
  6.0887211808E+004  2.4671254047E+009
  7.1151114643E+004  2.2434852031E+009
  8.1251745165E+004  2.0636653268E+009
  9.1947950539E+004  1.9022857250E+009
  1.0229663578E+005  1.7816565317E+009
  1.1289885540E+005  1.6874147117E+009
  1.2348217129E+005  1.6221305185E+009
  1.3363545990E+005  1.5709761857E+009
  1.4387888957E+005  1.5289868254E+009
  1.5406635777E+005  1.4930501563E+009
  1.6403439751E+005  1.4611368033E+009
  1.7486587640E+005  1.4285678602E+009
  1.8541081320E+005  1.3976179719E+009
  1.9533847119E+005  1.3691275289E+009
  2.0598912767E+005  1.3391331892E+009
  2.1574953726E+005  1.3138455042E+009
  2.2614707940E+005  1.2872937873E+009
  2.3723886471E+005  1.2597211737E+009
  2.4705765685E+005  1.2355424132E+009
  2.5744226355E+005  1.2123889348E+009
  2.6852720292E+005  1.1881373787E+009
  2.7792544586E+005  1.1679734036E+009
  2.8778321410E+005  1.1468844712E+009
  2.9812968137E+005  1.1279496795E+009
  3.0899610591E+005  1.1073310012E+009
  3.2041601594E+005  1.0882786797E+009
  3.2936572882E+005  1.0736252357E+009
  3.3866313613E+005  1.0601728702E+009
  3.4832530635E+005  1.0453722214E+009
  3.5847137467E+005  1.0324810491E+009
  3.6902738007E+005  1.0190082719E+009
  3.8001377464E+005  1.0055151718E+009
  3.9145215960E+005  9.9235628478E+008
  4.0336534704E+005  9.7960602638E+008
  4.1158310658E+005  9.6998644609E+008
  4.2003007271E+005  9.6269338112E+008
  4.2871402764E+005  9.5435916336E+008
  4.3764305748E+005  9.4459581319E+008
  4.4692210873E+005  9.3783505977E+008
  4.5646882848E+005  9.2800501666E+008
  4.6629269372E+005  9.2017638790E+008
  4.7640356069E+005  9.1214703529E+008
  4.8681167864E+005  9.0241683310E+008
  4.9752770856E+005  8.9509369290E+008
  5.0856274561E+005  8.8741229051E+008
  5.1992734205E+005  8.7802980928E+008
  5.3168343066E+005  8.7125660042E+008
  5.4387825967E+005  8.6131400532E+008
  5.5644940532E+005  8.5379038059E+008
  5.6939814846E+005  8.4568930933E+008
  5.8273033402E+005  8.3598601520E+008
  5.8954435089E+005  8.3276794995E+008
  5.9645925186E+005  8.2929249050E+008
  6.0347677879E+005  8.2550431795E+008
  6.1059870691E+005  8.2138592701E+008
  6.1782684558E+005  8.1690587557E+008
  6.2523568772E+005  8.1326844860E+008
  6.3276117672E+005  8.0932359382E+008
  6.4040067202E+005  8.0501545445E+008
  6.4815617674E+005  8.0036778078E+008
  6.5602972882E+005  7.9576531831E+008
  6.6402340319E+005  7.9249086839E+008
  6.7213931310E+005  7.8896238624E+008
  6.8037961089E+005  7.8516729330E+008
  6.8874648861E+005  7.8108245261E+008
  6.9724217849E+005  7.7667814810E+008
  7.0586895351E+005  7.7242069074E+008
  7.1029017570E+005  7.7168327999E+008
  7.1946697502E+005  7.6739080312E+008
  7.2910834980E+005  7.6264796939E+008
  7.3923781918E+005  7.5783610446E+008
  7.4988009295E+005  7.5428116965E+008
  7.6106113183E+005  7.5035637122E+008
  7.7280821080E+005  7.4601482859E+008
  7.8514998564E+005  7.4119237511E+008
  7.9811656284E+005  7.3575414137E+008
  8.0846206176E+005  7.3339937671E+008
  8.1960303256E+005  7.2942469348E+008
  8.3160063957E+005  7.2495527636E+008
  8.4010727604E+005  7.2162152565E+008
  8.4904456098E+005  7.1927378462E+008
  8.5843429597E+005  7.1681919588E+008
  8.6829938629E+005  7.1416012162E+008
  8.7866389681E+005  7.1126800263E+008
  9.2988859114E+005  6.9653774716E+008
  9.8463636149E+005  6.8218458483E+008
  1.0404817446E+006  6.6764141725E+008
  1.0962253661E+006  6.5465781184E+008
  1.1549022197E+006  6.4208058786E+008
  1.2139334429E+006  6.2866920053E+008
  1.2702661298E+006  6.1628284239E+008
  1.3206171841E+006  6.0596304799E+008
  1.3693446005E+006  5.9579967371E+008
  1.4264899888E+006  5.8401304861E+008
  1.4839804976E+006  5.7289987843E+008
  1.5388429019E+006  5.6236164126E+008
  1.5815213148E+006  5.5417171342E+008
  1.6384584375E+006  5.4375890546E+008
  1.6891826204E+006  5.3443559895E+008
  1.7480071216E+006  5.2417695019E+008
  1.8676546060E+006  5.0327881698E+008
  1.9580757120E+006  4.8757529764E+008
  2.0673044567E+006  4.6854922975E+008
  2.1815882217E+006  4.4924792429E+008
  2.2818978570E+006  4.3358093907E+008
  2.3909351794E+006  4.1758049445E+008
  2.5050186631E+006  4.0219971277E+008
  2.6130417029E+006  3.8998116621E+008
  2.7217171307E+006  3.8011515503E+008
  2.8254246014E+006  3.7139308305E+008
  2.9427600855E+006  3.6376110580E+008
  3.0476364131E+006  3.5776236970E+008
  3.1634002554E+006  3.5156758685E+008
  3.2580436920E+006  3.4705021864E+008
  3.3599643216E+006  3.4231480817E+008
  3.4697216921E+006  3.3709727076E+008
  3.5868188428E+006  3.3174655290E+008
  3.7074331503E+006  3.2614079829E+008
  3.7689611144E+006  3.2310053608E+008
  3.8564167758E+006  3.1905441613E+008
  3.9529514621E+006  3.1426202664E+008
  4.0595076933E+006  3.0889177378E+008
  4.1771258349E+006  3.0286688905E+008
  4.2732852651E+006  2.9791074933E+008
  4.3768384541E+006  2.9231436778E+008
  4.4883539125E+006  2.8611012417E+008
  4.6084438642E+006  2.7932207546E+008
  4.6935909741E+006  2.7438279749E+008
  4.7830486565E+006  2.6943520419E+008
  4.8770351340E+006  2.6465894166E+008
  4.9757796769E+006  2.5986882841E+008
  5.0000000000E+006  2.5986882841E+008
