  0.0000000000E+000  0.0000000000E+000
  2.2290250118E+001  5.0102604815E+038
  1.7065509666E+004  1.1700026537E+042
  3.4179735382E+004  8.1451225880E+041
  5.1327884469E+004  7.1998848054E+041
  6.8696475011E+004  5.6013402866E+041
  8.5903077021E+004  4.0364285825E+041
  1.0329604912E+005  3.1893710541E+041
  1.2041678259E+005  3.3467203135E+041
  1.3749169856E+005  2.7911110765E+041
  1.5509038126E+005  2.2631840824E+041
  1.7243205099E+005  1.9449960864E+041
  1.9121924648E+005  1.6885889171E+041
  2.0985259793E+005  1.4866305978E+041
  2.2761590916E+005  1.3304997808E+041
  2.4559427476E+005  1.2018173660E+041
  2.6346941870E+005  1.0991238932E+041
  2.8087705970E+005  1.0227929606E+041
  2.9988389590E+005  9.5889064347E+040
  3.1797286914E+005  9.0885487151E+040
  3.3467329560E+005  8.7601805515E+040
  3.5258130072E+005  8.4663764000E+040
  3.7180183342E+005  8.2213308324E+040
  3.8889954669E+005  8.1039916803E+040
  4.0705962433E+005  7.9923250466E+040
  4.2636493556E+005  7.9033801265E+040
  4.4269475879E+005  7.8736111071E+040
  4.5986529696E+005  7.8722369706E+040
  4.7792986254E+005  7.8397111597E+040
  4.9694641870E+005  7.8865778795E+040
  5.1697625535E+005  7.9704169575E+040
  5.3270335665E+005  8.0059496515E+040
  5.4906796930E+005  8.1163008858E+040
  5.6610140427E+005  8.2510564031E+040
  5.8383679317E+005  8.3389450399E+040
  6.0230989820E+005  8.5063360019E+040
  6.2155767372E+005  8.7023844473E+040
  6.4161932800E+005  8.7863533539E+040
  6.6253666640E+005  9.0266586599E+040
  6.7697817791E+005  9.2341481244E+040
  6.9183267597E+005  9.3035780764E+040
  7.0711452615E+005  9.5372902575E+040
  7.2283800459E+005  9.7150066364E+040
  7.3901789414E+005  9.9260196047E+040
  7.5567010081E+005  1.0141909087E+041
  7.7281075804E+005  1.0476732506E+041
  7.9045642846E+005  1.0683514251E+041
  8.0862493302E+005  1.1078232164E+041
  8.2733432002E+005  1.1421697943E+041
  8.4633432002E+005  1.1821696418E+041
  8.6533432002E+005  1.2212643850E+041
  8.8433432002E+005  1.2743486496E+041
  9.0333432002E+005  1.3116717016E+041
  9.2233432002E+005  1.3584288775E+041
  9.4133432002E+005  1.4123096200E+041
  9.6033432002E+005  1.4621137061E+041
  9.7933432002E+005  1.5137669389E+041
  9.9833432002E+005  1.5715104451E+041
  1.0173343200E+006  1.6239553650E+041
  1.0363343200E+006  1.6701887866E+041
  1.0553343200E+006  1.7356400135E+041
  1.0743343200E+006  1.7875364342E+041
  1.0933343200E+006  1.8317368624E+041
  1.1123343200E+006  1.8822354607E+041
  1.1313343200E+006  1.9401609842E+041
  1.1503343200E+006  1.9889579665E+041
  1.1693343200E+006  2.0376232676E+041
  1.1883343200E+006  2.0786286826E+041
  1.2073343200E+006  2.1410354466E+041
  1.2263343200E+006  2.1806418960E+041
  1.2453343200E+006  2.2256130634E+041
  1.2643343200E+006  2.2879566932E+041
  1.2833343200E+006  2.3248493957E+041
  1.3023343200E+006  2.3680043842E+041
  1.3213343200E+006  2.4042658086E+041
  1.3403343200E+006  2.4647711220E+041
  1.3593343200E+006  2.5060875592E+041
  1.3783343200E+006  2.5398038397E+041
  1.3973343200E+006  2.5795326679E+041
  1.4163343200E+006  2.6333651916E+041
  1.4353343200E+006  2.6713792577E+041
  1.4543343200E+006  2.7091473200E+041
  1.4733343200E+006  2.7392326521E+041
  1.4923343200E+006  2.7755907215E+041
  1.5113343200E+006  2.8287196455E+041
  1.5303343200E+006  2.8642618154E+041
  1.5493343200E+006  2.8993544470E+041
  1.5683343200E+006  2.9268014073E+041
  1.5873343200E+006  2.9854012440E+041
  1.6063343200E+006  3.0100194224E+041
  1.6253343200E+006  3.0395213021E+041
  1.6443343200E+006  3.0680621520E+041
  1.6633343200E+006  3.0884405715E+041
  1.6823343200E+006  3.1435260209E+041
  1.7013343200E+006  3.1619374706E+041
  1.7203343200E+006  3.1855315907E+041
  1.7393343200E+006  3.2083492882E+041
  1.7583343200E+006  3.2231312818E+041
  1.7773343200E+006  3.2763356572E+041
  1.7963343200E+006  3.2886621562E+041
  1.8153343200E+006  3.3066003983E+041
  1.8343343200E+006  3.3237346901E+041
  1.8533343200E+006  3.3327849461E+041
  1.8723343200E+006  3.3475861791E+041
  1.8913343200E+006  3.3912678528E+041
  1.9103343200E+006  3.4036480032E+041
  1.9293343200E+006  3.4151870849E+041
  1.9483343200E+006  3.4188639351E+041
  1.9673343200E+006  3.4281838110E+041
  1.9863343200E+006  3.4302377214E+041
  2.0053343200E+006  3.4790048195E+041
  2.0243343200E+006  3.4853154016E+041
  2.0433343200E+006  3.4839063184E+041
  2.0623343200E+006  3.4882846049E+041
  2.0813343200E+006  3.4852851524E+041
  2.1003343200E+006  3.4877854541E+041
  2.1193343200E+006  3.4895851739E+041
  2.1383343200E+006  3.5319627460E+041
  2.1573343200E+006  3.5325732919E+041
  2.1763343200E+006  3.5255829447E+041
  2.1953343200E+006  3.5245731230E+041
  2.2143343200E+006  3.5240724469E+041
  2.2333343200E+006  3.5169648175E+041
  2.2523343200E+006  3.5157953256E+041
  2.2713343200E+006  3.5075777112E+041
  2.2903343200E+006  3.5591718592E+041
  2.3093343200E+006  3.5564987960E+041
  2.3283343200E+006  3.5463998560E+041
  2.3473343200E+006  3.5425211615E+041
  2.3663343200E+006  3.5317026124E+041
  2.3853343200E+006  3.5262790261E+041
  2.4043343200E+006  3.5209808395E+041
  2.4233343200E+006  3.5082366460E+041
  2.4423343200E+006  3.5021606581E+041
  2.4613343200E+006  3.4893131836E+041
  2.4803343200E+006  3.4816958318E+041
  2.4993343200E+006  3.5377739557E+041
  2.5183343200E+006  3.5226250509E+041
  2.5373343200E+006  3.5149678088E+041
  2.5563343200E+006  3.5011165165E+041
  2.5753343200E+006  3.4931737229E+041
  2.5943343200E+006  3.4854820322E+041
  2.6133343200E+006  3.4699446502E+041
  2.6323343200E+006  3.4615816850E+041
  2.6513343200E+006  3.4472160069E+041
  2.6703343200E+006  3.4381369421E+041
  2.6893343200E+006  3.4291246448E+041
  2.7083343200E+006  3.4141180695E+041
  2.7273343200E+006  3.4792706744E+041
  2.7463343200E+006  3.4623642775E+041
  2.7653343200E+006  3.4528952814E+041
  2.7843343200E+006  3.4440157364E+041
  2.8033343200E+006  3.4281910369E+041
  2.8223343200E+006  3.4188145722E+041
  2.8413343200E+006  3.4025563118E+041
  2.8603343200E+006  3.3926622038E+041
  2.8793343200E+006  3.3832535925E+041
  2.8983343200E+006  3.3677556848E+041
  2.9173343200E+006  3.3579875678E+041
  2.9363343200E+006  3.3424836806E+041
  2.9553343200E+006  3.3312636769E+041
  2.9743343200E+006  3.4058370256E+041
  2.9933343200E+006  3.3892224980E+041
  3.0123343200E+006  3.3789066621E+041
  3.0313343200E+006  3.3627361547E+041
  3.0503343200E+006  3.3518804924E+041
  3.0693343200E+006  3.3413516956E+041
  3.0883343200E+006  3.3248213349E+041
  3.1073343200E+006  3.3141810849E+041
  3.1263343200E+006  3.2978108388E+041
  3.1453343200E+006  3.2866266204E+041
  3.1643343200E+006  3.2756801908E+041
  3.1833343200E+006  3.2588503081E+041
  3.2023343200E+006  3.2469710105E+041
  3.2213343200E+006  3.2273925639E+041
  3.2403343200E+006  3.3154425956E+041
  3.2593343200E+006  3.3043219783E+041
  3.2783343200E+006  3.2888442367E+041
  3.2973343200E+006  3.2774902104E+041
  3.3163343200E+006  3.2614219455E+041
  3.3353343200E+006  3.2496914295E+041
  3.3543343200E+006  3.2381737453E+041
  3.3733343200E+006  3.2185294448E+041
  3.3923343200E+006  3.2062949275E+041
  3.4113343200E+006  3.1869362067E+041
  3.4303343200E+006  3.1744990700E+041
  3.4493343200E+006  3.1617675801E+041
  3.4683343200E+006  3.1443696274E+041
  3.4873343200E+006  3.1309606936E+041
  3.5063343200E+006  3.2317289409E+041
  3.5253343200E+006  3.2195374354E+041
  3.5443343200E+006  3.2073725672E+041
  3.5633343200E+006  3.1890551866E+041
  3.5823343200E+006  3.1765950360E+041
  3.6013343200E+006  3.1592520432E+041
  3.6203343200E+006  3.1466140451E+041
  3.6393343200E+006  3.1340515948E+041
  3.6583343200E+006  3.1122563396E+041
  3.6773343200E+006  3.0988221066E+041
  3.6963343200E+006  3.0826172572E+041
  3.7153343200E+006  3.0686501901E+041
  3.7343343200E+006  3.0544011713E+041
  3.7533343200E+006  3.0333336884E+041
  3.7723343200E+006  3.1598546264E+041
  3.7913343200E+006  3.1415123075E+041
  3.8103343200E+006  3.1283139992E+041
  3.8293343200E+006  3.1151072798E+041
  3.8483343200E+006  3.0930787617E+041
  3.8673343200E+006  3.0795951265E+041
  3.8863343200E+006  3.0604277156E+041
  3.9053343200E+006  3.0461766201E+041
  3.9243343200E+006  3.0319483414E+041
  3.9433343200E+006  3.0106804485E+041
  3.9623343200E+006  2.9957643021E+041
  3.9813343200E+006  2.9737367794E+041
  4.0003343200E+006  2.9582877976E+041
  4.0193343200E+006  2.9424059996E+041
  4.0383343200E+006  2.9215725381E+041
  4.0573343200E+006  3.0715091332E+041
  4.0763343200E+006  3.0527533560E+041
  4.0953343200E+006  3.0380450656E+041
  4.1143343200E+006  3.0236073037E+041
  4.1333343200E+006  3.0011337890E+041
  4.1523343200E+006  2.9864378889E+041
  4.1713343200E+006  2.9627889470E+041
  4.1903343200E+006  2.9474495784E+041
  4.2093343200E+006  2.9318510520E+041
  4.2283343200E+006  2.9103742198E+041
  4.2473343200E+006  2.8936290196E+041
  4.2663343200E+006  2.8681492944E+041
  4.2853343200E+006  2.8508992615E+041
  4.3043343200E+006  2.8332628184E+041
  4.3233343200E+006  2.8121701497E+041
  4.3423343200E+006  2.9779133680E+041
  4.3613343200E+006  2.9547900598E+041
  4.3803343200E+006  2.9393862627E+041
  4.3993343200E+006  2.9240057694E+041
  4.4183343200E+006  2.9015623411E+041
  4.4373343200E+006  2.8854999683E+041
  4.4563343200E+006  2.8607719981E+041
  4.4753343200E+006  2.8438931422E+041
  4.4943343200E+006  2.8267989917E+041
  4.5133343200E+006  2.8037379745E+041
  4.5323343200E+006  2.7859027993E+041
  4.5513343200E+006  2.7603045276E+041
  4.5703343200E+006  2.7415765517E+041
  4.5893343200E+006  2.7225669174E+041
  4.6083343200E+006  2.8742124106E+041
  4.6273343200E+006  2.8581172545E+041
  4.6463343200E+006  2.8331990280E+041
  4.6653343200E+006  2.8164777508E+041
  4.6843343200E+006  2.7996311589E+041
  4.7033343200E+006  2.7757280327E+041
  4.7223343200E+006  2.7582070424E+041
  4.7413343200E+006  2.7316539203E+041
  4.7603343200E+006  2.7132443045E+041
  4.7793343200E+006  2.6945407317E+041
  4.7983343200E+006  2.6662612120E+041
  4.8173343200E+006  2.6466091875E+041
  4.8363343200E+006  2.7840031343E+041
  4.8553343200E+006  2.7668020075E+041
  4.8743343200E+006  2.7496043277E+041
  4.8933343200E+006  2.7258360593E+041
  4.9123343200E+006  2.7080913194E+041
  4.9313343200E+006  2.6781868002E+041
  4.9503343200E+006  2.6597041173E+041
  4.9693343200E+006  2.6410065157E+041
  4.9883343200E+006  2.6142594923E+041
  5.0000000000E+006  2.6022968541E+041
  5.0000000000E+006  2.6022968541E+041
