  0.0000000000E+000  0.0000000000E+000
  2.2317082715E+001  1.0660365107E+038
  1.0072235162E+004  3.5024276865E+042
  2.0164886417E+004  1.9873641196E+042
  3.0235949035E+004  1.3361721917E+042
  4.0366089558E+004  9.4841286346E+041
  5.0571439251E+004  7.2916789578E+041
  6.0827827724E+004  5.9384534886E+041
  7.1119304621E+004  5.0175815524E+041
  8.1254172864E+004  4.3553909651E+041
  9.1994657808E+004  3.7984880419E+041
  1.0239311001E+005  3.3432175208E+041
  1.1304918954E+005  2.9273783660E+041
  1.2368454430E+005  2.6046435381E+041
  1.3388367008E+005  2.3296117129E+041
  1.4415904331E+005  2.1274441811E+041
  1.5435961937E+005  1.9735101972E+041
  1.6431933949E+005  1.8121113914E+041
  1.7511623480E+005  1.6777339403E+041
  1.8560417328E+005  1.5635038697E+041
  1.9545442307E+005  1.4649120296E+041
  2.0599924952E+005  1.3718477441E+041
  2.1564536018E+005  1.2936176089E+041
  2.2590685203E+005  1.2189315020E+041
  2.3684165164E+005  1.1494607722E+041
  2.4651472532E+005  1.0942955685E+041
  2.5674139028E+005  1.0445023481E+041
  2.6765776477E+005  9.9657844598E+040
  2.7691538381E+005  9.6348104569E+040
  2.8662720218E+005  9.3430281808E+040
  2.9682279991E+005  9.0748693237E+040
  3.0753363060E+005  8.8170149384E+040
  3.1879321430E+005  8.5981627998E+040
  3.2761946442E+005  8.4585565796E+040
  3.3679049162E+005  8.3236154502E+040
  3.4632316724E+005  8.2052814130E+040
  3.5630349600E+005  8.0695348104E+040
  3.6672284608E+005  7.9302379672E+040
  3.7756889168E+005  7.8256844525E+040
  3.8886343248E+005  7.7284928156E+040
  4.0062956964E+005  7.6380772682E+040
  4.1289178531E+005  7.5546287234E+040
  4.2135494535E+005  7.5074266353E+040
  4.3005815245E+005  7.4630220045E+040
  4.3900979285E+005  7.4222968911E+040
  4.4831422868E+005  7.3329338240E+040
  4.5789020302E+005  7.2715845308E+040
  4.6774747674E+005  7.2295152934E+040
  4.7789620940E+005  7.1991366421E+040
  4.8834697343E+005  7.1766801512E+040
  4.9910709637E+005  7.1744709802E+040
  5.1017334910E+005  7.1767361850E+040
  5.2155503511E+005  7.1834392287E+040
  5.3332522804E+005  7.1133576764E+040
  5.4266535462E+005  7.1170379661E+040
  5.5272364938E+005  7.1264928261E+040
  5.6355533271E+005  7.1487039703E+040
  5.7521987093E+005  7.1808459210E+040
  5.8778130280E+005  7.2301960911E+040
  5.9668770674E+005  7.2761879502E+040
  6.0604499738E+005  7.3280934455E+040
  6.1587600086E+005  7.3866368510E+040
  6.2620469889E+005  7.3405039715E+040
  6.3705628726E+005  7.4022080198E+040
  6.4845723729E+005  7.4736084391E+040
  6.6043536042E+005  7.5610191322E+040
  6.7301987602E+005  7.6676623293E+040
  6.8624148274E+005  7.7901402174E+040
  6.9310121140E+005  7.8581687695E+040
  7.0013243329E+005  7.9312074733E+040
  7.0733943572E+005  8.0109657056E+040
  7.1472661321E+005  7.9173135215E+040
  7.2229847014E+005  7.9959546182E+040
  7.3005962349E+005  8.0827814398E+040
  7.3801480568E+005  8.1761230990E+040
  7.4616886742E+005  8.2812918826E+040
  7.5452678070E+005  8.3930777261E+040
  7.6309364182E+005  8.5130507230E+040
  7.7187467446E+005  8.6413604935E+040
  7.8087523292E+005  8.7786889374E+040
  7.9010080535E+005  8.9256714778E+040
  7.9955701708E+005  9.0822938309E+040
  8.0440332559E+005  8.9530483750E+040
  8.1446244470E+005  9.1244859517E+040
  8.2503080671E+005  9.3001615950E+040
  8.3613419205E+005  9.4897841866E+040
  8.4779968627E+005  9.6966730627E+040
  8.6005574614E+005  9.9222806272E+040
  8.7293226903E+005  1.0167799272E+041
  9.2490500044E+005  1.1010927090E+041
  9.7961781102E+005  1.2016990702E+041
  1.0368626874E+006  1.3311331960E+041
  1.0871079053E+006  1.4304765192E+041
  1.1417248322E+006  1.5624898667E+041
  1.1988693874E+006  1.6780156390E+041
  1.2529782590E+006  1.7927710941E+041
  1.3049762583E+006  1.9233459612E+041
  1.3592719489E+006  2.0316746161E+041
  1.4187803479E+006  2.1780975251E+041
  1.4717952313E+006  2.2842691992E+041
  1.5223866077E+006  2.3982606358E+041
  1.5796261064E+006  2.5088477649E+041
  1.6307876835E+006  2.5930547110E+041
  1.6872604919E+006  2.6958057600E+041
  1.7334301814E+006  2.7486984019E+041
  1.7831498872E+006  2.8196547826E+041
  1.8874239131E+006  2.9283601576E+041
  1.9956350171E+006  2.9976783566E+041
  2.1142350289E+006  3.0471060569E+041
  2.2198934890E+006  3.0586396995E+041
  2.3101350791E+006  3.0454004620E+041
  2.4317085812E+006  3.0119959280E+041
  2.5365487106E+006  2.9814825048E+041
  2.6420220052E+006  2.9383808859E+041
  2.7426737242E+006  2.8946726125E+041
  2.8451854319E+006  2.8461638873E+041
  2.9549316610E+006  2.7903979112E+041
  3.0704527422E+006  2.7316998873E+041
  3.1866714946E+006  2.6722481399E+041
  3.2975774566E+006  2.6074545703E+041
  3.3967069748E+006  2.5461328389E+041
  3.5061274148E+006  2.4837036445E+041
  3.6269071069E+006  2.3989884941E+041
  3.7256512822E+006  2.3254918872E+041
  3.8319879589E+006  2.2483237873E+041
  3.9465009290E+006  2.1659353910E+041
  4.0698188731E+006  2.0700903795E+041
  4.1572547191E+006  1.9960819311E+041
  4.2475030780E+006  1.9136923994E+041
  4.3396360463E+006  1.8216467375E+041
  4.4336935325E+006  1.7355905820E+041
  4.5297084301E+006  1.6427425183E+041
  4.6277493264E+006  1.5354744455E+041
  4.7278394982E+006  1.4248266530E+041
  4.8300028357E+006  1.3146148523E+041
  4.9342668973E+006  1.1909792559E+041
  5.0000000000E+006  1.0987599938E+041
  5.0000000000E+006  1.0987599938E+041
