   0.000000000E+00   0.171849944E+05  -0.480624731E+01  -0.537145843E+01  -0.518131768E+01  -0.487624731E+01  -0.461871212E+01  -0.435364175E+01  -0.617392325E+01  -0.513131768E+01  -0.503378250E+01  -0.501624731E+01  -0.497871212E+01
   0.220699886E+02   0.171853773E+05  -0.480629198E+01  -0.537152261E+01  -0.518136886E+01  -0.487629198E+01  -0.461875354E+01  -0.435367667E+01  -0.617398417E+01  -0.513136886E+01  -0.503383042E+01  -0.501629198E+01  -0.497875354E+01
   0.100447812E+05   0.387364412E+05  -0.138984937E+02  -0.149264843E+02  -0.145024890E+02  -0.140084937E+02  -0.136484937E+02  -0.133144984E+02  -0.157064843E+02  -0.144824890E+02  -0.142184937E+02  -0.141084937E+02  -0.139844984E+02
   0.200885245E+05   0.263585314E+05  -0.143746497E+02  -0.152401277E+02  -0.148923887E+02  -0.144735192E+02  -0.141446497E+02  -0.138357802E+02  -0.160301277E+02  -0.148623887E+02  -0.146635192E+02  -0.145846497E+02  -0.144857802E+02
   0.301148589E+05   0.210091294E+05  -0.145484763E+02  -0.152700476E+02  -0.150011048E+02  -0.146347906E+02  -0.143384763E+02  -0.140521621E+02  -0.160700476E+02  -0.149674191E+02  -0.148047906E+02  -0.147584763E+02  -0.146921621E+02
   0.401940733E+05   0.174620472E+05  -0.146417707E+02  -0.152210956E+02  -0.150215457E+02  -0.147117707E+02  -0.144518833E+02  -0.141821083E+02  -0.160212081E+02  -0.149715457E+02  -0.148716582E+02  -0.148517707E+02  -0.148118833E+02
   0.503403297E+05   0.153450516E+05  -0.146532854E+02  -0.151125868E+02  -0.149872717E+02  -0.147232854E+02  -0.144819566E+02  -0.142406279E+02  -0.159225868E+02  -0.149286005E+02  -0.148646142E+02  -0.148719566E+02  -0.148506279E+02
   0.605309500E+05   0.139693005E+05  -0.146439118E+02  -0.149945608E+02  -0.149253114E+02  -0.147039118E+02  -0.144860619E+02  -0.142503621E+02  -0.158067109E+02  -0.148553114E+02  -0.148296116E+02  -0.148539118E+02  -0.148582120E+02
   0.707511641E+05   0.129840021E+05  -0.146157044E+02  -0.148719241E+02  -0.148551354E+02  -0.146730621E+02  -0.144709889E+02  -0.142536311E+02  -0.156945664E+02  -0.147824931E+02  -0.147804199E+02  -0.148283466E+02  -0.148509889E+02
   0.808115726E+05   0.122158837E+05  -0.145840196E+02  -0.147604661E+02  -0.147872428E+02  -0.146326643E+02  -0.144553750E+02  -0.142467303E+02  -0.155904661E+02  -0.147058875E+02  -0.147313089E+02  -0.148026643E+02  -0.148353750E+02
   0.914602886E+05   0.115419089E+05  -0.145490380E+02  -0.146443707E+02  -0.147117043E+02  -0.145895713E+02  -0.144285048E+02  -0.142279715E+02  -0.154743707E+02  -0.146222376E+02  -0.146801045E+02  -0.147595713E+02  -0.148085048E+02
   0.101774063E+06   0.109434847E+05  -0.145108488E+02  -0.145221900E+02  -0.146279440E+02  -0.145436980E+02  -0.143979995E+02  -0.142123011E+02  -0.153521900E+02  -0.145379440E+02  -0.146265472E+02  -0.147208488E+02  -0.147851503E+02
   0.112339122E+06   0.103432001E+05  -0.144614365E+02  -0.143836739E+02  -0.145404319E+02  -0.144914365E+02  -0.143619388E+02  -0.141924411E+02  -0.152189251E+02  -0.144451808E+02  -0.145609342E+02  -0.146766876E+02  -0.147571899E+02
   0.122879400E+06   0.979393916E+04  -0.144204776E+02  -0.142507330E+02  -0.144621340E+02  -0.144474204E+02  -0.143365922E+02  -0.141827068E+02  -0.150907330E+02  -0.143590767E+02  -0.145013058E+02  -0.146404776E+02  -0.147396495E+02
   0.132995055E+06   0.929880786E+04  -0.143800122E+02  -0.141135224E+02  -0.143769836E+02  -0.143995795E+02  -0.143108775E+02  -0.141717428E+02  -0.149543877E+02  -0.142665510E+02  -0.144387142E+02  -0.146000122E+02  -0.147208775E+02
   0.143185562E+06   0.887682788E+04  -0.143485896E+02  -0.139813886E+02  -0.142985624E+02  -0.143614428E+02  -0.142928830E+02  -0.141671765E+02  -0.148356820E+02  -0.141814157E+02  -0.143871494E+02  -0.145685896E+02  -0.147028830E+02
   0.153300065E+06   0.851764638E+04  -0.143231884E+02  -0.138671665E+02  -0.142317115E+02  -0.143301203E+02  -0.142793246E+02  -0.141654609E+02  -0.147271665E+02  -0.141086434E+02  -0.143439840E+02  -0.145431884E+02  -0.146923928E+02
   0.163173731E+06   0.816839995E+04  -0.142841724E+02  -0.137387834E+02  -0.141509909E+02  -0.142851465E+02  -0.142522243E+02  -0.141502761E+02  -0.145987834E+02  -0.140219650E+02  -0.142870946E+02  -0.145041724E+02  -0.146712502E+02
   0.173859049E+06   0.784965441E+04  -0.142475718E+02  -0.136062114E+02  -0.140644986E+02  -0.142427859E+02  -0.142271436E+02  -0.141367154E+02  -0.144709973E+02  -0.139344986E+02  -0.142284282E+02  -0.144675718E+02  -0.146519295E+02
   0.184249887E+06   0.757351320E+04  -0.142114199E+02  -0.134841915E+02  -0.139828872E+02  -0.142015829E+02  -0.142010938E+02  -0.141207678E+02  -0.143540285E+02  -0.138528872E+02  -0.141720721E+02  -0.144314199E+02  -0.146309308E+02
   0.194006295E+06   0.733586400E+04  -0.141689263E+02  -0.133581643E+02  -0.139030321E+02  -0.141544396E+02  -0.141678999E+02  -0.141058470E+02  -0.142326511E+02  -0.137640585E+02  -0.141154660E+02  -0.143889263E+02  -0.146068735E+02
   0.204447671E+06   0.710711084E+04  -0.141245850E+02  -0.132330548E+02  -0.138227938E+02  -0.141056111E+02  -0.141325327E+02  -0.140884283E+02  -0.141120287E+02  -0.136748460E+02  -0.140576633E+02  -0.143445850E+02  -0.145804805E+02
   0.213996412E+06   0.691099154E+04  -0.140821134E+02  -0.131116262E+02  -0.137448941E+02  -0.140560647E+02  -0.141011865E+02  -0.140672352E+02  -0.139946505E+02  -0.135918698E+02  -0.139969916E+02  -0.143021134E+02  -0.145511865E+02
   0.224151490E+06   0.671971213E+04  -0.140376604E+02  -0.129867191E+02  -0.136642368E+02  -0.140035662E+02  -0.140688016E+02  -0.140428957E+02  -0.138737662E+02  -0.135071897E+02  -0.139324251E+02  -0.142576604E+02  -0.145188016E+02
   0.234969772E+06   0.653650803E+04  -0.139916074E+02  -0.128613406E+02  -0.135819566E+02  -0.139506424E+02  -0.140345027E+02  -0.140173980E+02  -0.137523057E+02  -0.134200264E+02  -0.138677471E+02  -0.142125725E+02  -0.144854678E+02
   0.244537197E+06   0.638941105E+04  -0.139481611E+02  -0.127482272E+02  -0.135053354E+02  -0.139038785E+02  -0.140010088E+02  -0.139938565E+02  -0.136425098E+02  -0.133367703E+02  -0.138110308E+02  -0.141724437E+02  -0.144552914E+02
   0.254649663E+06   0.624695386E+04  -0.139072366E+02  -0.126398331E+02  -0.134322825E+02  -0.138597412E+02  -0.139697228E+02  -0.139722090E+02  -0.135373285E+02  -0.132572917E+02  -0.137572549E+02  -0.141347320E+02  -0.144272182E+02
   0.265411026E+06   0.610735586E+04  -0.138644458E+02  -0.125292591E+02  -0.133575428E+02  -0.138130652E+02  -0.139372071E+02  -0.139492780E+02  -0.134299494E+02  -0.131768525E+02  -0.137016846E+02  -0.140944458E+02  -0.143978974E+02
   0.274559515E+06   0.600420964E+04  -0.138302695E+02  -0.124402045E+02  -0.132984218E+02  -0.137739000E+02  -0.139130086E+02  -0.139325629E+02  -0.133433893E+02  -0.131152370E+02  -0.136575304E+02  -0.140602695E+02  -0.143761934E+02
   0.284155079E+06   0.590955558E+04  -0.137991698E+02  -0.123587447E+02  -0.132444311E+02  -0.137382221E+02  -0.138910653E+02  -0.139174869E+02  -0.132642186E+02  -0.130589573E+02  -0.136172743E+02  -0.140291698E+02  -0.143565392E+02
   0.294226860E+06   0.581239953E+04  -0.137699012E+02  -0.122777849E+02  -0.131916665E+02  -0.137042543E+02  -0.138711951E+02  -0.139046655E+02  -0.131856084E+02  -0.130038431E+02  -0.135786073E+02  -0.139999012E+02  -0.143390186E+02
   0.304805824E+06   0.572128345E+04  -0.137407518E+02  -0.122000570E+02  -0.131404334E+02  -0.136707228E+02  -0.138508676E+02  -0.138909834E+02  -0.131100860E+02  -0.129503755E+02  -0.135406070E+02  -0.139707807E+02  -0.143209255E+02
   0.315924956E+06   0.563206993E+04  -0.137111490E+02  -0.121149415E+02  -0.130853872E+02  -0.136388070E+02  -0.138305169E+02  -0.138798848E+02  -0.130272835E+02  -0.128907033E+02  -0.134994391E+02  -0.139434910E+02  -0.143052008E+02
   0.324639880E+06   0.557048959E+04  -0.136917789E+02  -0.120572533E+02  -0.130484547E+02  -0.136178403E+02  -0.138175331E+02  -0.138732874E+02  -0.129711919E+02  -0.128505776E+02  -0.134720861E+02  -0.139257174E+02  -0.142954103E+02
   0.333694151E+06   0.550605781E+04  -0.136726477E+02  -0.119980298E+02  -0.130109479E+02  -0.135970387E+02  -0.138050841E+02  -0.138675204E+02  -0.129136389E+02  -0.128097297E+02  -0.134446023E+02  -0.139082568E+02  -0.142863022E+02
   0.343104347E+06   0.544859774E+04  -0.136556117E+02  -0.119452395E+02  -0.129775244E+02  -0.135785128E+02  -0.137940070E+02  -0.138624024E+02  -0.128623383E+02  -0.127733267E+02  -0.134201175E+02  -0.138927105E+02  -0.142782047E+02
   0.352921611E+06   0.538133861E+04  -0.136357554E+02  -0.118835316E+02  -0.129384861E+02  -0.135569127E+02  -0.137811260E+02  -0.138564967E+02  -0.128023742E+02  -0.127308008E+02  -0.133915421E+02  -0.138745980E+02  -0.142688113E+02
   0.363203359E+06   0.531626061E+04  -0.136145559E+02  -0.118192136E+02  -0.128977371E+02  -0.135334194E+02  -0.137662606E+02  -0.138485335E+02  -0.127397818E+02  -0.126866006E+02  -0.133611465E+02  -0.138545559E+02  -0.142573971E+02
   0.373904813E+06   0.525606562E+04  -0.135967992E+02  -0.117562730E+02  -0.128598987E+02  -0.135123158E+02  -0.137535243E+02  -0.138424912E+02  -0.126785147E+02  -0.126454152E+02  -0.133333489E+02  -0.138367992E+02  -0.142480078E+02
   0.385047354E+06   0.519753271E+04  -0.135799759E+02  -0.116955133E+02  -0.128235481E+02  -0.134922379E+02  -0.137415828E+02  -0.138370587E+02  -0.126193823E+02  -0.126058101E+02  -0.133067620E+02  -0.138199759E+02  -0.142393208E+02
   0.396653642E+06   0.513775141E+04  -0.135638750E+02  -0.116345391E+02  -0.127875035E+02  -0.134728131E+02  -0.137304679E+02  -0.138325917E+02  -0.125600701E+02  -0.125664416E+02  -0.132806892E+02  -0.138038750E+02  -0.142315298E+02
   0.408747690E+06   0.508169456E+04  -0.135488308E+02  -0.115774172E+02  -0.127537581E+02  -0.134546520E+02  -0.137200990E+02  -0.138284566E+02  -0.125045066E+02  -0.125295793E+02  -0.132562945E+02  -0.137888308E+02  -0.142242778E+02
   0.417093871E+06   0.504232968E+04  -0.135398370E+02  -0.115388751E+02  -0.127316317E+02  -0.134434695E+02  -0.137143883E+02  -0.138271234E+02  -0.124670589E+02  -0.125052642E+02  -0.132407344E+02  -0.137798370E+02  -0.142207559E+02
   0.425676026E+06   0.500625480E+04  -0.135313902E+02  -0.115033496E+02  -0.127111500E+02  -0.134330169E+02  -0.137089503E+02  -0.138256970E+02  -0.124325363E+02  -0.124827766E+02  -0.132262701E+02  -0.137713902E+02  -0.142173237E+02
   0.434502382E+06   0.500000000E+04  -0.135251014E+02  -0.114923658E+02  -0.127027745E+02  -0.134263803E+02  -0.137031832E+02  -0.138206255E+02  -0.124217264E+02  -0.124740534E+02  -0.132189380E+02  -0.137651014E+02  -0.142119043E+02
   0.443628663E+06   0.500000000E+04  -0.135119501E+02  -0.114792144E+02  -0.126896231E+02  -0.134132289E+02  -0.136900318E+02  -0.138074741E+02  -0.124085750E+02  -0.124609020E+02  -0.132057866E+02  -0.137519501E+02  -0.141987529E+02
   0.453067673E+06   0.500000000E+04  -0.135028283E+02  -0.114700927E+02  -0.126805013E+02  -0.134041071E+02  -0.136809100E+02  -0.137983523E+02  -0.123994533E+02  -0.124517802E+02  -0.131966648E+02  -0.137428283E+02  -0.141896312E+02
   0.462783052E+06   0.500000000E+04  -0.134965286E+02  -0.114637930E+02  -0.126742017E+02  -0.133978074E+02  -0.136746103E+02  -0.137920526E+02  -0.123931536E+02  -0.124454805E+02  -0.131903651E+02  -0.137365286E+02  -0.141833315E+02
   0.472784760E+06   0.500000000E+04  -0.134919567E+02  -0.114592211E+02  -0.126696297E+02  -0.133932355E+02  -0.136700384E+02  -0.137874807E+02  -0.123885817E+02  -0.124409086E+02  -0.131857932E+02  -0.137319567E+02  -0.141787596E+02
   0.483083160E+06   0.500000000E+04  -0.134885646E+02  -0.114558290E+02  -0.126662377E+02  -0.133898435E+02  -0.136666464E+02  -0.137840887E+02  -0.123851896E+02  -0.124375165E+02  -0.131824012E+02  -0.137285646E+02  -0.141753675E+02
   0.493689039E+06   0.500000000E+04  -0.134882304E+02  -0.114554947E+02  -0.126659034E+02  -0.133895092E+02  -0.136663121E+02  -0.137837544E+02  -0.123848553E+02  -0.124371823E+02  -0.131820669E+02  -0.137282304E+02  -0.141750332E+02
   0.504601443E+06   0.500000000E+04  -0.134885731E+02  -0.114558375E+02  -0.126662462E+02  -0.133898519E+02  -0.136666548E+02  -0.137840971E+02  -0.123851981E+02  -0.124375250E+02  -0.131824096E+02  -0.137285731E+02  -0.141753760E+02
   0.515824107E+06   0.500000000E+04  -0.134895867E+02  -0.114568511E+02  -0.126672598E+02  -0.133908655E+02  -0.136676684E+02  -0.137851107E+02  -0.123862117E+02  -0.124385386E+02  -0.131834232E+02  -0.137295867E+02  -0.141763896E+02
   0.527367476E+06   0.500000000E+04  -0.134789423E+02  -0.114462066E+02  -0.126566153E+02  -0.133802211E+02  -0.136570240E+02  -0.137744663E+02  -0.123755672E+02  -0.124278942E+02  -0.131727788E+02  -0.137189423E+02  -0.141657452E+02
   0.539474793E+06   0.500000000E+04  -0.134795039E+02  -0.114467682E+02  -0.126571769E+02  -0.133807827E+02  -0.136575856E+02  -0.137750279E+02  -0.123761288E+02  -0.124284558E+02  -0.131733404E+02  -0.137195039E+02  -0.141663067E+02
   0.549287764E+06   0.500000000E+04  -0.134809453E+02  -0.114482097E+02  -0.126586183E+02  -0.133822241E+02  -0.136590270E+02  -0.137764693E+02  -0.123775702E+02  -0.124298972E+02  -0.131747818E+02  -0.137209453E+02  -0.141677482E+02
   0.559855260E+06   0.500000000E+04  -0.134843239E+02  -0.114515883E+02  -0.126619970E+02  -0.133856028E+02  -0.136624057E+02  -0.137798480E+02  -0.123809489E+02  -0.124332758E+02  -0.131781605E+02  -0.137243239E+02  -0.141711268E+02
   0.571235297E+06   0.500000000E+04  -0.134891947E+02  -0.114564591E+02  -0.126668677E+02  -0.133904735E+02  -0.136672764E+02  -0.137847187E+02  -0.123858196E+02  -0.124381466E+02  -0.131830312E+02  -0.137291947E+02  -0.141759976E+02
   0.583490352E+06   0.500000000E+04  -0.134966308E+02  -0.114638952E+02  -0.126743039E+02  -0.133979097E+02  -0.136747126E+02  -0.137921549E+02  -0.123932558E+02  -0.124455827E+02  -0.131904674E+02  -0.137366308E+02  -0.141834337E+02
   0.592179527E+06   0.500000000E+04  -0.135035154E+02  -0.114707798E+02  -0.126811885E+02  -0.134047943E+02  -0.136815972E+02  -0.137990395E+02  -0.124001404E+02  -0.124524673E+02  -0.131973519E+02  -0.137435154E+02  -0.141903183E+02
   0.601308591E+06   0.500000000E+04  -0.135112331E+02  -0.114784975E+02  -0.126889062E+02  -0.134125120E+02  -0.136893149E+02  -0.138067572E+02  -0.124078581E+02  -0.124601850E+02  -0.132050697E+02  -0.137512331E+02  -0.141980360E+02
   0.610899814E+06   0.500000000E+04  -0.135198725E+02  -0.114871369E+02  -0.126975456E+02  -0.134211514E+02  -0.136979542E+02  -0.138153966E+02  -0.124164975E+02  -0.124688244E+02  -0.132137090E+02  -0.137598725E+02  -0.142066754E+02
   0.620976592E+06   0.500000000E+04  -0.135130703E+02  -0.114803347E+02  -0.126907434E+02  -0.134143492E+02  -0.136911521E+02  -0.138085944E+02  -0.124096953E+02  -0.124620222E+02  -0.132069069E+02  -0.137530703E+02  -0.141998732E+02
   0.631563508E+06   0.500000000E+04  -0.135221589E+02  -0.114894232E+02  -0.126998319E+02  -0.134234377E+02  -0.137002406E+02  -0.138176829E+02  -0.124187838E+02  -0.124711108E+02  -0.132159954E+02  -0.137621589E+02  -0.142089617E+02
   0.642686386E+06   0.500000000E+04  -0.135325815E+02  -0.114998459E+02  -0.127102546E+02  -0.134338603E+02  -0.137106632E+02  -0.138281055E+02  -0.124292065E+02  -0.124815334E+02  -0.132264180E+02  -0.137725815E+02  -0.142193844E+02
   0.654372360E+06   0.500000000E+04  -0.135452065E+02  -0.115124709E+02  -0.127228795E+02  -0.134464853E+02  -0.137232882E+02  -0.138407305E+02  -0.124418315E+02  -0.124941584E+02  -0.132390430E+02  -0.137852065E+02  -0.142320094E+02
   0.666649936E+06   0.500000000E+04  -0.135604131E+02  -0.115276775E+02  -0.127380862E+02  -0.134616919E+02  -0.137384948E+02  -0.138559371E+02  -0.124570381E+02  -0.125093650E+02  -0.132542496E+02  -0.138004131E+02  -0.142472160E+02
   0.679549065E+06   0.500000000E+04  -0.135776188E+02  -0.115448832E+02  -0.127552919E+02  -0.134788977E+02  -0.137557006E+02  -0.138731429E+02  -0.124742438E+02  -0.125265707E+02  -0.132714554E+02  -0.138176188E+02  -0.142644217E+02
   0.686241483E+06   0.500000000E+04  -0.135870590E+02  -0.115543234E+02  -0.127647321E+02  -0.134883379E+02  -0.137651408E+02  -0.138825831E+02  -0.124836840E+02  -0.125360109E+02  -0.132808956E+02  -0.138270590E+02  -0.142738619E+02
   0.693101211E+06   0.500000000E+04  -0.135971039E+02  -0.115643683E+02  -0.127747770E+02  -0.134983828E+02  -0.137751857E+02  -0.138926280E+02  -0.124937289E+02  -0.125460558E+02  -0.132909405E+02  -0.138371039E+02  -0.142839068E+02
   0.700132433E+06   0.500000000E+04  -0.136079678E+02  -0.115752322E+02  -0.127856409E+02  -0.135092467E+02  -0.137860496E+02  -0.139034919E+02  -0.125045928E+02  -0.125569197E+02  -0.133018044E+02  -0.138479678E+02  -0.142947707E+02
   0.707339436E+06   0.500000000E+04  -0.135952003E+02  -0.115624646E+02  -0.127728733E+02  -0.134964791E+02  -0.137732820E+02  -0.138907243E+02  -0.124918252E+02  -0.125441522E+02  -0.132890368E+02  -0.138352003E+02  -0.142820031E+02
   0.714726613E+06   0.500000000E+04  -0.136059314E+02  -0.115731958E+02  -0.127836045E+02  -0.135072103E+02  -0.137840132E+02  -0.139014555E+02  -0.125025564E+02  -0.125548833E+02  -0.132997680E+02  -0.138459314E+02  -0.142927343E+02
   0.722298470E+06   0.500000000E+04  -0.136176577E+02  -0.115849221E+02  -0.127953308E+02  -0.135189366E+02  -0.137957395E+02  -0.139131818E+02  -0.125142827E+02  -0.125666096E+02  -0.133114943E+02  -0.138576577E+02  -0.143044606E+02
   0.730059623E+06   0.500000000E+04  -0.136301242E+02  -0.115973886E+02  -0.128077973E+02  -0.135314030E+02  -0.138082059E+02  -0.139256482E+02  -0.125267492E+02  -0.125790761E+02  -0.133239607E+02  -0.138701242E+02  -0.143169271E+02
   0.738014806E+06   0.500000000E+04  -0.136440009E+02  -0.116112653E+02  -0.128216739E+02  -0.135452797E+02  -0.138220826E+02  -0.139395249E+02  -0.125406258E+02  -0.125929528E+02  -0.133378374E+02  -0.138840009E+02  -0.143308038E+02
   0.746168867E+06   0.500000000E+04  -0.136585588E+02  -0.116258231E+02  -0.128362318E+02  -0.135598376E+02  -0.138366405E+02  -0.139540828E+02  -0.125551837E+02  -0.126075107E+02  -0.133523953E+02  -0.138985588E+02  -0.143453616E+02
   0.754526781E+06   0.500000000E+04  -0.136739687E+02  -0.116412331E+02  -0.128516418E+02  -0.135752475E+02  -0.138520504E+02  -0.139694927E+02  -0.125705937E+02  -0.126229206E+02  -0.133678052E+02  -0.139139687E+02  -0.143607716E+02
   0.763093642E+06   0.500000000E+04  -0.136902110E+02  -0.116574753E+02  -0.128678840E+02  -0.135914898E+02  -0.138682927E+02  -0.139857350E+02  -0.125868359E+02  -0.126391629E+02  -0.133840475E+02  -0.139302110E+02  -0.143770138E+02
   0.771874674E+06   0.500000000E+04  -0.137073298E+02  -0.116745942E+02  -0.128850029E+02  -0.136086086E+02  -0.138854115E+02  -0.140028538E+02  -0.126039548E+02  -0.126562817E+02  -0.134011663E+02  -0.139473298E+02  -0.143941327E+02
   0.780875233E+06   0.500000000E+04  -0.137253579E+02  -0.116926223E+02  -0.129030309E+02  -0.136266367E+02  -0.139034396E+02  -0.140208819E+02  -0.126219829E+02  -0.126743098E+02  -0.134191944E+02  -0.139653579E+02  -0.144121608E+02
   0.790100805E+06   0.500000000E+04  -0.137442445E+02  -0.117115089E+02  -0.129219176E+02  -0.136455234E+02  -0.139223262E+02  -0.140397686E+02  -0.126408695E+02  -0.126931964E+02  -0.134380810E+02  -0.139842445E+02  -0.144310474E+02
   0.799557017E+06   0.500000000E+04  -0.137376257E+02  -0.117048901E+02  -0.129152987E+02  -0.136389045E+02  -0.139157074E+02  -0.140331497E+02  -0.126342506E+02  -0.126865776E+02  -0.134314622E+02  -0.139776257E+02  -0.144244286E+02
   0.799557017E+06   0.500000000E+04  -0.137286830E+02  -0.116959474E+02  -0.129063560E+02  -0.136299618E+02  -0.139067647E+02  -0.140242070E+02  -0.126253079E+02  -0.126776349E+02  -0.134225195E+02  -0.139686830E+02  -0.144154859E+02
   0.809370792E+06   0.500000000E+04  -0.137492767E+02  -0.117165410E+02  -0.129269497E+02  -0.136505555E+02  -0.139273584E+02  -0.140448007E+02  -0.126459016E+02  -0.126982286E+02  -0.134431132E+02  -0.139892767E+02  -0.144360796E+02
   0.819681389E+06   0.500000000E+04  -0.137699819E+02  -0.117372463E+02  -0.129476549E+02  -0.136712607E+02  -0.139480636E+02  -0.140655059E+02  -0.126666068E+02  -0.127189338E+02  -0.134638184E+02  -0.140099819E+02  -0.144567848E+02
   0.830513960E+06   0.500000000E+04  -0.137918965E+02  -0.117591609E+02  -0.129695695E+02  -0.136931753E+02  -0.139699782E+02  -0.140874205E+02  -0.126885214E+02  -0.127408484E+02  -0.134857330E+02  -0.140318965E+02  -0.144786994E+02
   0.841894930E+06   0.500000000E+04  -0.138153125E+02  -0.117825769E+02  -0.129929856E+02  -0.137165914E+02  -0.139933943E+02  -0.141108366E+02  -0.127119375E+02  -0.127642644E+02  -0.135091491E+02  -0.140553125E+02  -0.145021154E+02
   0.853852062E+06   0.500000000E+04  -0.138402844E+02  -0.118075488E+02  -0.130179575E+02  -0.137415633E+02  -0.140183661E+02  -0.141358085E+02  -0.127369094E+02  -0.127892363E+02  -0.135341209E+02  -0.140802844E+02  -0.145270873E+02
   0.866414523E+06   0.500000000E+04  -0.138668231E+02  -0.118340874E+02  -0.130444961E+02  -0.137681019E+02  -0.140449048E+02  -0.141623471E+02  -0.127634480E+02  -0.128157750E+02  -0.135606596E+02  -0.141068231E+02  -0.145536259E+02
   0.920629077E+06   0.500000000E+04  -0.139533154E+02  -0.119205797E+02  -0.131309884E+02  -0.138545942E+02  -0.141313971E+02  -0.142488394E+02  -0.128499403E+02  -0.129022673E+02  -0.136471519E+02  -0.141933154E+02  -0.146401183E+02
   0.974007428E+06   0.500000000E+04  -0.140482450E+02  -0.120155093E+02  -0.132259180E+02  -0.139495238E+02  -0.142263267E+02  -0.143437690E+02  -0.129448699E+02  -0.129971969E+02  -0.137420815E+02  -0.142882450E+02  -0.147350478E+02
   0.102985609E+07   0.500000000E+04  -0.141593094E+02  -0.121265738E+02  -0.133369825E+02  -0.140605883E+02  -0.143373912E+02  -0.144548335E+02  -0.130559344E+02  -0.131082613E+02  -0.138531460E+02  -0.143993094E+02  -0.148461123E+02
   0.108283947E+07   0.500000000E+04  -0.142374575E+02  -0.122047219E+02  -0.134151305E+02  -0.141387363E+02  -0.144155392E+02  -0.145329815E+02  -0.131340824E+02  -0.131864094E+02  -0.139312940E+02  -0.144774575E+02  -0.149242604E+02
   0.113612428E+07   0.500000000E+04  -0.143332987E+02  -0.123005631E+02  -0.135109717E+02  -0.142345775E+02  -0.145113804E+02  -0.146288227E+02  -0.132299236E+02  -0.132822506E+02  -0.140271352E+02  -0.145732987E+02  -0.150201016E+02
   0.119187507E+07   0.500000000E+04  -0.144107457E+02  -0.123780100E+02  -0.135884187E+02  -0.143120245E+02  -0.145888274E+02  -0.147062697E+02  -0.133073706E+02  -0.133596976E+02  -0.141045822E+02  -0.146507457E+02  -0.150975485E+02
   0.124466421E+07   0.500000000E+04  -0.144825677E+02  -0.124498321E+02  -0.136602408E+02  -0.143838466E+02  -0.146606495E+02  -0.147780918E+02  -0.133791927E+02  -0.134315197E+02  -0.141764043E+02  -0.147225677E+02  -0.151693706E+02
   0.129965492E+07   0.500000000E+04  -0.145588992E+02  -0.125261636E+02  -0.137365722E+02  -0.144601780E+02  -0.147369809E+02  -0.148544232E+02  -0.134555241E+02  -0.135078511E+02  -0.142527357E+02  -0.147988992E+02  -0.152457021E+02
   0.135262632E+07   0.500000000E+04  -0.146183910E+02  -0.125856554E+02  -0.137960641E+02  -0.145196699E+02  -0.147964728E+02  -0.149139151E+02  -0.135150160E+02  -0.135673429E+02  -0.143122276E+02  -0.148583910E+02  -0.153051939E+02
   0.141068330E+07   0.500000000E+04  -0.146939489E+02  -0.126612133E+02  -0.138716220E+02  -0.145952278E+02  -0.148720307E+02  -0.149894730E+02  -0.135905739E+02  -0.136429009E+02  -0.143877855E+02  -0.149339489E+02  -0.153807518E+02
   0.146240513E+07   0.500000000E+04  -0.147456239E+02  -0.127128882E+02  -0.139232969E+02  -0.146469027E+02  -0.149237056E+02  -0.150411479E+02  -0.136422488E+02  -0.136945758E+02  -0.144394604E+02  -0.149856239E+02  -0.154324267E+02
   0.151176257E+07   0.500000000E+04  -0.147984966E+02  -0.127657610E+02  -0.139761697E+02  -0.146997754E+02  -0.149765783E+02  -0.150940206E+02  -0.136951216E+02  -0.137474485E+02  -0.144923331E+02  -0.150384966E+02  -0.154852995E+02
   0.156760599E+07   0.500000000E+04  -0.148474414E+02  -0.128147058E+02  -0.140251145E+02  -0.147487203E+02  -0.150255232E+02  -0.151429655E+02  -0.137440664E+02  -0.137963933E+02  -0.145412779E+02  -0.150874414E+02  -0.155342443E+02
   0.161751972E+07   0.500000000E+04  -0.148832848E+02  -0.128505492E+02  -0.140609579E+02  -0.147845637E+02  -0.150613666E+02  -0.151788089E+02  -0.137799098E+02  -0.138322367E+02  -0.145771214E+02  -0.151232848E+02  -0.155700877E+02
   0.167261514E+07   0.500000000E+04  -0.149254771E+02  -0.128927415E+02  -0.141031502E+02  -0.148267560E+02  -0.151035589E+02  -0.152210012E+02  -0.138221021E+02  -0.138744290E+02  -0.146193137E+02  -0.151654771E+02  -0.156122800E+02
   0.171765874E+07   0.500000000E+04  -0.149465734E+02  -0.129138378E+02  -0.141242464E+02  -0.148478522E+02  -0.151246551E+02  -0.152420974E+02  -0.138431983E+02  -0.138955253E+02  -0.146404099E+02  -0.151865734E+02  -0.156333763E+02
   0.176616577E+07   0.500000000E+04  -0.149742455E+02  -0.129415099E+02  -0.141519186E+02  -0.148755243E+02  -0.151523272E+02  -0.152697695E+02  -0.138708705E+02  -0.139231974E+02  -0.146680820E+02  -0.152142455E+02  -0.156610484E+02
   0.187681850E+07   0.500000000E+04  -0.150153169E+02  -0.129825813E+02  -0.141929899E+02  -0.149165957E+02  -0.151933986E+02  -0.153108409E+02  -0.139119418E+02  -0.139642688E+02  -0.147091534E+02  -0.152553169E+02  -0.157021198E+02
   0.198239031E+07   0.500000000E+04  -0.150407182E+02  -0.130079826E+02  -0.142183913E+02  -0.149419971E+02  -0.152188000E+02  -0.153362423E+02  -0.139373432E+02  -0.139896701E+02  -0.147345548E+02  -0.152807182E+02  -0.157275211E+02
   0.209809763E+07   0.500000000E+04  -0.150584746E+02  -0.130257390E+02  -0.142361476E+02  -0.149597534E+02  -0.152365563E+02  -0.153539986E+02  -0.139550995E+02  -0.140074265E+02  -0.147523111E+02  -0.152984746E+02  -0.157452775E+02
   0.220117906E+07   0.500000000E+04  -0.150625764E+02  -0.130298408E+02  -0.142402495E+02  -0.149638553E+02  -0.152406582E+02  -0.153581005E+02  -0.139592014E+02  -0.140115284E+02  -0.147564130E+02  -0.153025764E+02  -0.157493793E+02
   0.229954825E+07   0.500000000E+04  -0.150571797E+02  -0.130244441E+02  -0.142348528E+02  -0.149584586E+02  -0.152352615E+02  -0.153527038E+02  -0.139538047E+02  -0.140061316E+02  -0.147510162E+02  -0.152971797E+02  -0.157439826E+02
   0.229954825E+07   0.500000000E+04  -0.150578667E+02  -0.130251311E+02  -0.142355397E+02  -0.149591455E+02  -0.152359484E+02  -0.153533907E+02  -0.139544916E+02  -0.140068186E+02  -0.147517032E+02  -0.152978667E+02  -0.157446696E+02
   0.241815654E+07   0.500000000E+04  -0.150458916E+02  -0.130131560E+02  -0.142235647E+02  -0.149471704E+02  -0.152239733E+02  -0.153414156E+02  -0.139425166E+02  -0.139948435E+02  -0.147397281E+02  -0.152858916E+02  -0.157326945E+02
   0.252043960E+07   0.500000000E+04  -0.150348363E+02  -0.130021007E+02  -0.142125094E+02  -0.149361152E+02  -0.152129180E+02  -0.153303604E+02  -0.139314613E+02  -0.139837882E+02  -0.147286728E+02  -0.152748363E+02  -0.157216392E+02
   0.262334037E+07   0.500000000E+04  -0.150190259E+02  -0.129862903E+02  -0.141966989E+02  -0.149203047E+02  -0.151971076E+02  -0.153145499E+02  -0.139156508E+02  -0.139679778E+02  -0.147128624E+02  -0.152590259E+02  -0.157058288E+02
   0.272153717E+07   0.500000000E+04  -0.150027543E+02  -0.129700187E+02  -0.141804273E+02  -0.149040331E+02  -0.151808360E+02  -0.152982783E+02  -0.138993792E+02  -0.139517062E+02  -0.146965908E+02  -0.152427543E+02  -0.156895572E+02
   0.283292947E+07   0.500000000E+04  -0.149844054E+02  -0.129516698E+02  -0.141620785E+02  -0.148856842E+02  -0.151624871E+02  -0.152799295E+02  -0.138810304E+02  -0.139333573E+02  -0.146782419E+02  -0.152244054E+02  -0.156712083E+02
   0.293999896E+07   0.500000000E+04  -0.149629210E+02  -0.129301854E+02  -0.141405940E+02  -0.148641998E+02  -0.151410027E+02  -0.152584450E+02  -0.138595460E+02  -0.139118729E+02  -0.146567575E+02  -0.152029210E+02  -0.156497239E+02
   0.305270246E+07   0.500000000E+04  -0.149398381E+02  -0.129071025E+02  -0.141175112E+02  -0.148411169E+02  -0.151179198E+02  -0.152353622E+02  -0.138364631E+02  -0.138887900E+02  -0.146336746E+02  -0.151798381E+02  -0.156266410E+02
   0.316608661E+07   0.500000000E+04  -0.149159476E+02  -0.128832120E+02  -0.140936207E+02  -0.148172264E+02  -0.150940293E+02  -0.152114717E+02  -0.138125726E+02  -0.138648995E+02  -0.146097841E+02  -0.151559476E+02  -0.156027505E+02
   0.327428754E+07   0.500000000E+04  -0.148892975E+02  -0.128565619E+02  -0.140669706E+02  -0.147905764E+02  -0.150673793E+02  -0.151848216E+02  -0.137859225E+02  -0.138382494E+02  -0.145831341E+02  -0.151292975E+02  -0.155761004E+02
   0.337099927E+07   0.500000000E+04  -0.148634583E+02  -0.128307227E+02  -0.140411314E+02  -0.147647371E+02  -0.150415400E+02  -0.151589823E+02  -0.137600833E+02  -0.138124102E+02  -0.145572948E+02  -0.151034583E+02  -0.155502612E+02
   0.347775092E+07   0.500000000E+04  -0.148365051E+02  -0.128037695E+02  -0.140141781E+02  -0.147377839E+02  -0.150145868E+02  -0.151320291E+02  -0.137331300E+02  -0.137854570E+02  -0.145303416E+02  -0.150765051E+02  -0.155233080E+02
   0.359558476E+07   0.500000000E+04  -0.147988261E+02  -0.127660904E+02  -0.139764991E+02  -0.147001049E+02  -0.149769078E+02  -0.150943501E+02  -0.136954510E+02  -0.137477780E+02  -0.144926626E+02  -0.150388261E+02  -0.154856289E+02
   0.369192054E+07   0.500000000E+04  -0.147650427E+02  -0.127323071E+02  -0.139427158E+02  -0.146663216E+02  -0.149431245E+02  -0.150605668E+02  -0.136616677E+02  -0.137139946E+02  -0.144588792E+02  -0.150050427E+02  -0.154518456E+02
   0.379566364E+07   0.500000000E+04  -0.147284028E+02  -0.126956672E+02  -0.139060758E+02  -0.146296816E+02  -0.149064845E+02  -0.150239268E+02  -0.136250277E+02  -0.136773547E+02  -0.144222393E+02  -0.149684028E+02  -0.154152057E+02
   0.390738361E+07   0.500000000E+04  -0.146878694E+02  -0.126551338E+02  -0.138655424E+02  -0.145891482E+02  -0.148659511E+02  -0.149833934E+02  -0.135844944E+02  -0.136368213E+02  -0.143817059E+02  -0.149278694E+02  -0.153746723E+02
   0.402769380E+07   0.500000000E+04  -0.146387289E+02  -0.126059933E+02  -0.138164020E+02  -0.145400078E+02  -0.148168106E+02  -0.149342530E+02  -0.135353539E+02  -0.135876808E+02  -0.143325654E+02  -0.148787289E+02  -0.153255318E+02
   0.411299707E+07   0.500000000E+04  -0.145992016E+02  -0.125664659E+02  -0.137768746E+02  -0.145004804E+02  -0.147772833E+02  -0.148947256E+02  -0.134958265E+02  -0.135481535E+02  -0.142930381E+02  -0.148392016E+02  -0.152860044E+02
   0.420216110E+07   0.500000000E+04  -0.145534360E+02  -0.125207004E+02  -0.137311090E+02  -0.144547148E+02  -0.147315177E+02  -0.148489600E+02  -0.134500609E+02  -0.135023879E+02  -0.142472725E+02  -0.147934360E+02  -0.152402389E+02
   0.429333521E+07   0.500000000E+04  -0.144999160E+02  -0.124671804E+02  -0.136775891E+02  -0.144011949E+02  -0.146779978E+02  -0.147954401E+02  -0.133965410E+02  -0.134488679E+02  -0.141937526E+02  -0.147399160E+02  -0.151867189E+02
   0.438643696E+07   0.500000000E+04  -0.144473739E+02  -0.124146382E+02  -0.136250469E+02  -0.143486527E+02  -0.146254556E+02  -0.147428979E+02  -0.133439988E+02  -0.133963258E+02  -0.141412104E+02  -0.146873739E+02  -0.151341767E+02
   0.448145985E+07   0.500000000E+04  -0.143876794E+02  -0.123549438E+02  -0.135653524E+02  -0.142889582E+02  -0.145657611E+02  -0.146832034E+02  -0.132843044E+02  -0.133366313E+02  -0.140815159E+02  -0.146276794E+02  -0.150744823E+02
   0.457847701E+07   0.500000000E+04  -0.143143621E+02  -0.122816265E+02  -0.134920352E+02  -0.142156410E+02  -0.144924439E+02  -0.146098862E+02  -0.132109871E+02  -0.132633140E+02  -0.140081987E+02  -0.145543621E+02  -0.150011650E+02
   0.467755235E+07   0.500000000E+04  -0.142331607E+02  -0.122004251E+02  -0.134108338E+02  -0.141344396E+02  -0.144112425E+02  -0.145286848E+02  -0.131297857E+02  -0.131821126E+02  -0.139269973E+02  -0.144731607E+02  -0.149199636E+02
   0.477866769E+07   0.500000000E+04  -0.141457520E+02  -0.121130164E+02  -0.133234250E+02  -0.140470308E+02  -0.143238337E+02  -0.144412760E+02  -0.130423769E+02  -0.130947039E+02  -0.138395885E+02  -0.143857520E+02  -0.148325549E+02
   0.488188979E+07   0.500000000E+04  -0.140385161E+02  -0.120057805E+02  -0.132161892E+02  -0.139397950E+02  -0.142165979E+02  -0.143340402E+02  -0.129351411E+02  -0.129874680E+02  -0.137323527E+02  -0.142785161E+02  -0.147253190E+02
   0.498720626E+07   0.500000000E+04  -0.139510127E+02  -0.119182771E+02  -0.131286858E+02  -0.138522916E+02  -0.141290945E+02  -0.142465368E+02  -0.128476377E+02  -0.128999646E+02  -0.136448493E+02  -0.141910127E+02  -0.146378156E+02
