  0.0000000000E+000  0.0000000000E+000
  2.2317082715E+001  9.8525756240E+033
  1.0072235162E+004  9.8524984324E+033
  2.0164886417E+004  9.8522004744E+033
  3.0235949035E+004  9.8516812783E+033
  4.0366089558E+004  9.8511622583E+033
  5.0571439251E+004  9.8502952879E+033
  6.0827827724E+004  9.8488160026E+033
  7.1119304621E+004  9.8464130383E+033
  8.1254172864E+004  9.8431287949E+033
  9.1994657808E+004  9.8387785018E+033
  1.0239311001E+005  9.8339123641E+033
  1.1304918954E+005  9.8283922251E+033
  1.2368454430E+005  9.8228473902E+033
  1.3388367008E+005  9.8174615146E+033
  1.4415904331E+005  9.8120954994E+033
  1.5435961937E+005  9.8066377740E+033
  1.6431933949E+005  9.8009784271E+033
  1.7511623480E+005  9.7942154846E+033
  1.8560417328E+005  9.7869814506E+033
  1.9545442307E+005  9.7794789310E+033
  2.0599924952E+005  9.7705772695E+033
  2.1564536018E+005  9.7617671445E+033
  2.2590685203E+005  9.7516009236E+033
  2.3684165164E+005  9.7398155463E+033
  2.4651472532E+005  9.7284697656E+033
  2.5674139028E+005  9.7160575710E+033
  2.6765776477E+005  9.7018711156E+033
  2.7691538381E+005  9.6892432453E+033
  2.8662720218E+005  9.6752015669E+033
  2.9682279991E+005  9.6609325317E+033
  3.0753363060E+005  9.6445371886E+033
  3.1879321430E+005  9.6274583979E+033
  3.2761946442E+005  9.6132281517E+033
  3.3679049162E+005  9.5988659517E+033
  3.4632316724E+005  9.5822315182E+033
  3.5630349600E+005  9.5656334644E+033
  3.6672284608E+005  9.5471455967E+033
  3.7756889168E+005  9.5274341865E+033
  3.8886343248E+005  9.5062218064E+033
  4.0062956964E+005  9.4842881579E+033
  4.1289178531E+005  9.4596726972E+033
  4.2135494535E+005  9.4439489487E+033
  4.3005815245E+005  9.4260219620E+033
  4.3900979285E+005  9.4066597942E+033
  4.4831422868E+005  9.3883216893E+033
  4.5789020302E+005  9.3652385490E+033
  4.6774747674E+005  9.3457494180E+033
  4.7789620940E+005  9.3233325826E+033
  4.8834697343E+005  9.2973317879E+033
  4.9910709637E+005  9.2762224952E+033
  5.1017334910E+005  9.2514452096E+033
  5.2155503511E+005  9.2220609517E+033
  5.3332522804E+005  9.1985261521E+033
  5.4266535462E+005  9.1729169436E+033
  5.5272364938E+005  9.1502849488E+033
  5.6355533271E+005  9.1266428042E+033
  5.7521987093E+005  9.0975971454E+033
  5.8778130280E+005  9.0675041640E+033
  5.9668770674E+005  9.0497829243E+033
  6.0604499738E+005  9.0293908987E+033
  6.1587600086E+005  9.0059084181E+033
  6.2620469889E+005  8.9827433436E+033
  6.3705628726E+005  8.9583661646E+033
  6.4845723729E+005  8.9303160412E+033
  6.6043536042E+005  8.9029901595E+033
  6.7301987602E+005  8.8788057766E+033
  6.8624148274E+005  8.8509931022E+033
  6.9310121140E+005  8.8355292005E+033
  7.0013243329E+005  8.8188337556E+033
  7.0733943572E+005  8.8027698864E+033
  7.1472661321E+005  8.7912595140E+033
  7.2229847014E+005  8.7741245348E+033
  7.3005962349E+005  8.7558728157E+033
  7.3801480568E+005  8.7361981403E+033
  7.4616886742E+005  8.7224488290E+033
  7.5452678070E+005  8.7078084913E+033
  7.6309364182E+005  8.6922384845E+033
  7.7187467446E+005  8.6756454014E+033
  7.8087523292E+005  8.6579301837E+033
  7.9010080535E+005  8.6389723894E+033
  7.9955701708E+005  8.6183679890E+033
  8.0440332559E+005  8.6139665886E+033
  8.1446244470E+005  8.5947932023E+033
  8.2503080671E+005  8.5739364509E+033
  8.3613419205E+005  8.5510358403E+033
  8.4779968627E+005  8.5301880955E+033
  8.6005574614E+005  8.5116116524E+033
  8.7293226903E+005  8.4912952065E+033
  9.2490500044E+005  8.4022663267E+033
  9.7961781102E+005  8.3133854152E+033
  1.0368626874E+006  8.2190663357E+033
  1.0871079053E+006  8.1456235388E+033
  1.1417248322E+006  8.0636166729E+033
  1.1988693874E+006  7.9747390554E+033
  1.2529782590E+006  7.8921017349E+033
  1.3049762583E+006  7.8189897229E+033
  1.3592719489E+006  7.7388514169E+033
  1.4187803479E+006  7.6537401345E+033
  1.4717952313E+006  7.5808122500E+033
  1.5223866077E+006  7.5093831848E+033
  1.5796261064E+006  7.4357363326E+033
  1.6307876835E+006  7.3684663191E+033
  1.6872604919E+006  7.2973825226E+033
  1.7334301814E+006  7.2400702951E+033
  1.7831498872E+006  7.1801260789E+033
  1.8874239131E+006  7.0568240888E+033
  1.9956350171E+006  6.9338486329E+033
  2.1142350289E+006  6.8035177084E+033
  2.2198934890E+006  6.6911133676E+033
  2.3101350791E+006  6.6002315245E+033
  2.4317085812E+006  6.4825374512E+033
  2.5365487106E+006  6.3826152116E+033
  2.6420220052E+006  6.2813557847E+033
  2.7426737242E+006  6.1909236232E+033
  2.8451854319E+006  6.0959343978E+033
  2.9549316610E+006  5.9926067159E+033
  3.0704527422E+006  5.8839918016E+033
  3.1866714946E+006  5.7684922675E+033
  3.2975774566E+006  5.6582866501E+033
  3.3967069748E+006  5.5601872473E+033
  3.5061274148E+006  5.4459306393E+033
  3.6269071069E+006  5.3186969551E+033
  3.7256512822E+006  5.2161354783E+033
  3.8319879589E+006  5.1025970706E+033
  3.9465009290E+006  4.9782311988E+033
  4.0698188731E+006  4.8448643116E+033
  4.1572547191E+006  4.7532804811E+033
  4.2475030780E+006  4.6576408535E+033
  4.3396360463E+006  4.5573418598E+033
  4.4336935325E+006  4.4542346060E+033
  4.5297084301E+006  4.3505076683E+033
  4.6277493264E+006  4.2415933744E+033
  4.7278394982E+006  4.1282040405E+033
  4.8300028357E+006  4.0095954968E+033
  4.9342668973E+006  3.8837911075E+033
  5.0000000000E+006  3.8012054539E+033
  5.0000000000E+006  3.8012054539E+033
