   0.000000000E+00  -2.096069546E+51   1.219185881E+51   3.954042005E+48  -8.729296230E+50   0.000000000E+00
   2.203464386E+01  -1.734772323E+50   5.443750566E+50   7.497876676E+50   1.120685492E+51   1.993615115E+51
   1.003024124E+04  -6.471682751E+47   1.948078596E+48   1.126060052E+51   1.127360962E+51   2.000290586E+51
   2.003163068E+04  -3.243936503E+47   9.373027354E+47   1.126749669E+51   1.127362578E+51   2.000292201E+51
   3.008046504E+04  -2.161429819E+47   6.190410724E+47   1.126964085E+51   1.127366983E+51   2.000296606E+51
   4.009594724E+04  -1.621777487E+47   4.688952031E+47   1.127068366E+51   1.127375084E+51   2.000304707E+51
   5.039958995E+04  -1.290154883E+47   3.815221010E+47   1.127132754E+51   1.127385261E+51   2.000314884E+51
   6.057420603E+04  -1.073305941E+47   3.278028404E+47   1.127175831E+51   1.127396303E+51   2.000325926E+51
   7.077321748E+04  -9.184833449E+46   2.921217709E+47   1.127207740E+51   1.127408013E+51   2.000337636E+51
   8.080631178E+04  -8.043057616E+46   2.679885585E+47   1.127232469E+51   1.127420027E+51   2.000349650E+51
   9.141855695E+04  -7.106596350E+46   2.542429204E+47   1.127909475E+51   1.128092652E+51   2.001022275E+51
   1.016892673E+05  -6.387742534E+46   2.497006810E+47   1.127928610E+51   1.128114433E+51   2.001044056E+51
   1.122011433E+05  -5.788270482E+46   2.479286678E+47   1.127947103E+51   1.128137149E+51   2.001066772E+51
   1.226773982E+05  -5.293033930E+46   2.481987526E+47   1.127964819E+51   1.128160087E+51   2.001089710E+51
   1.336122796E+05  -4.859360455E+46   2.500814344E+47   1.127982748E+51   1.128184236E+51   2.001113859E+51
   1.438223247E+05  -4.514011532E+46   2.530035090E+47   1.127999062E+51   1.128206925E+51   2.001136548E+51
   1.539585605E+05  -4.216461081E+46   2.568251609E+47   1.128014889E+51   1.128229550E+51   2.001159173E+51
   1.638574439E+05  -3.961396144E+46   2.613160127E+47   1.128030015E+51   1.128251717E+51   2.001181340E+51
   1.745925722E+05  -3.716678200E+46   2.664339927E+47   1.128674589E+51   1.128903856E+51   2.001833479E+51
   1.850301029E+05  -3.506661744E+46   2.706307122E+47   1.128689800E+51   1.128925364E+51   2.001854987E+51
   1.948378567E+05  -3.329813765E+46   2.751672684E+47   1.128703719E+51   1.128945588E+51   2.001875211E+51
   2.053396751E+05  -3.159173899E+46   2.805775238E+47   1.128718267E+51   1.128967252E+51   2.001896875E+51
   2.149455490E+05  -3.017689631E+46   2.859607542E+47   1.128731287E+51   1.128987071E+51   2.001916694E+51
   2.251598279E+05  -2.880485678E+46   2.920848653E+47   1.128744868E+51   1.129008148E+51   2.001937771E+51
   2.360356392E+05  -2.747448384E+46   2.990014060E+47   1.128759064E+51   1.129030590E+51   2.001960214E+51
   2.456463680E+05  -2.639690973E+46   3.054109351E+47   1.128771406E+51   1.129050420E+51   2.001980043E+51
   2.557945416E+05  -2.534697854E+46   3.124448057E+47   1.128784256E+51   1.129071354E+51   2.002000977E+51
   2.666165098E+05  -2.430962599E+46   3.186564748E+47   1.129444616E+51   1.129738963E+51   2.002668586E+51
   2.757862267E+05  -2.349907728E+46   3.238709056E+47   1.129455864E+51   1.129756235E+51   2.002685858E+51
   2.853932701E+05  -2.270575758E+46   3.295525685E+47   1.129467468E+51   1.129774314E+51   2.002703937E+51
   2.954657379E+05  -2.192942136E+46   3.357244640E+47   1.129479455E+51   1.129793251E+51   2.002722874E+51
   3.060338902E+05  -2.116983937E+46   3.424110381E+47   1.129491857E+51   1.129813098E+51   2.002742721E+51
   3.171302823E+05  -2.042680122E+46   3.496380667E+47   1.129504703E+51   1.129833914E+51   2.002763537E+51
   3.258201926E+05  -1.988026408E+46   3.554295821E+47   1.129514649E+51   1.129850198E+51   2.002779821E+51
   3.348425978E+05  -1.934285202E+46   3.615532008E+47   1.129524879E+51   1.129867089E+51   2.002796712E+51
   3.442140993E+05  -1.881449770E+46   3.680222769E+47   1.129535408E+51   1.129884615E+51   2.002814238E+51
   3.540256431E+05  -1.828754233E+46   3.735196397E+47   1.130194830E+51   1.130550062E+51   2.003479685E+51
   3.642661126E+05  -1.777168423E+46   3.794252868E+47   1.130206082E+51   1.130567736E+51   2.003497359E+51
   3.749202621E+05  -1.726492806E+46   3.857151945E+47   1.130217646E+51   1.130586096E+51   2.003515719E+51
   3.860093527E+05  -1.676722621E+46   3.924054079E+47   1.130229538E+51   1.130605176E+51   2.003534799E+51
   3.975558675E+05  -1.627853422E+46   3.995131120E+47   1.130241778E+51   1.130625013E+51   2.003554636E+51
   4.095835930E+05  -1.579881013E+46   4.070570133E+47   1.130254386E+51   1.130645644E+51   2.003575267E+51
   4.178817885E+05  -1.548395646E+46   4.123382694E+47   1.130263006E+51   1.130659860E+51   2.003589483E+51
   4.264128344E+05  -1.517305940E+46   4.178281392E+47   1.130271805E+51   1.130674460E+51   2.003604083E+51
   4.351848546E+05  -1.486294544E+46   4.227754098E+47   1.130990798E+51   1.131398711E+51   2.004328334E+51
   4.443069776E+05  -1.455656683E+46   4.272874876E+47   1.131000057E+51   1.131412788E+51   2.004342411E+51
   4.536961844E+05  -1.425421011E+46   4.320227350E+47   1.131009481E+51   1.131427250E+51   2.004356873E+51
   4.633586577E+05  -1.395586703E+46   4.369870717E+47   1.131019077E+51   1.131442108E+51   2.004371731E+51
   4.733040703E+05  -1.366152959E+46   4.421870795E+47   1.131028851E+51   1.131457377E+51   2.004387000E+51
   4.835424656E+05  -1.337118972E+46   4.476300020E+47   1.131038810E+51   1.131473069E+51   2.004402692E+51
   4.940842815E+05  -1.308483900E+46   4.533235874E+47   1.131048963E+51   1.131489201E+51   2.004418824E+51
   5.049403748E+05  -1.280246845E+46   4.592762352E+47   1.131059315E+51   1.131505789E+51   2.004435412E+51
   5.161220469E+05  -1.252406836E+46   4.654957199E+47   1.131069876E+51   1.131522848E+51   2.004452471E+51
   5.276981375E+05  -1.224566759E+46   4.707772759E+47   1.131935337E+51   1.132393868E+51   2.005323491E+51
   5.276981375E+05  -1.231435255E+46   4.694217685E+47   1.131933958E+51   1.132391066E+51   2.005320689E+51
   5.400592075E+05  -1.202722125E+46   4.752441924E+47   1.131945456E+51   1.132408673E+51   2.005338296E+51
   5.501650759E+05  -1.180223653E+46   4.800955646E+47   1.131954753E+51   1.132423046E+51   2.005352669E+51
   5.610479908E+05  -1.156917859E+46   4.854048449E+47   1.131964667E+51   1.132438503E+51   2.005368126E+51
   5.727676997E+05  -1.132827827E+46   4.912145339E+47   1.131975237E+51   1.132455124E+51   2.005384747E+51
   5.810772988E+05  -1.116346238E+46   4.953883485E+47   1.131982669E+51   1.132466894E+51   2.005396517E+51
   5.898075713E+05  -1.099539040E+46   4.998195676E+47   1.131990423E+51   1.132479248E+51   2.005408871E+51
   5.989798139E+05  -1.082417577E+46   5.045239249E+47   1.131998514E+51   1.132492214E+51   2.005421837E+51
   6.086164012E+05  -1.064908753E+46   5.089253895E+47   1.132869690E+51   1.133367966E+51   2.006297589E+51
   6.187408408E+05  -1.047199064E+46   5.130773253E+47   1.132878483E+51   1.133381088E+51   2.006310711E+51
   6.293778301E+05  -1.029216352E+46   5.175171528E+47   1.132887633E+51   1.133394858E+51   2.006324481E+51
   6.405533170E+05  -1.010976671E+46   5.222619964E+47   1.132897152E+51   1.133409305E+51   2.006338928E+51
   6.522945630E+05  -9.924971763E+45   5.273297619E+47   1.132907057E+51   1.133424462E+51   2.006354085E+51
   6.646302095E+05  -9.737960647E+45   5.327399610E+47   1.132917362E+51   1.133440364E+51   2.006369987E+51
   6.775903481E+05  -9.548925205E+45   5.385132750E+47   1.132928082E+51   1.133457046E+51   2.006386669E+51
   6.843144200E+05  -9.453710835E+45   5.415428239E+47   1.132933603E+51   1.133465692E+51   2.006395315E+51
   6.912065937E+05  -9.358066431E+45   5.446713484E+47   1.132939234E+51   1.133474547E+51   2.006404170E+51
   6.982710718E+05  -9.261250177E+45   5.471468580E+47   1.133944821E+51   1.134482707E+51   2.007412330E+51
   7.055121618E+05  -9.164833611E+45   5.497654990E+47   1.133950673E+51   1.134491274E+51   2.007420897E+51
   7.129342790E+05  -9.068067704E+45   5.524823071E+47   1.133956634E+51   1.134500048E+51   2.007429671E+51
   7.205419492E+05  -8.970980205E+45   5.552998529E+47   1.133962705E+51   1.134509034E+51   2.007438657E+51
   7.283398112E+05  -8.873599246E+45   5.582205831E+47   1.133968888E+51   1.134518235E+51   2.007447858E+51
   7.363326197E+05  -8.775953307E+45   5.612471630E+47   1.133975186E+51   1.134527657E+51   2.007457280E+51
   7.445252484E+05  -8.678071186E+45   5.643825168E+47   1.133981600E+51   1.134537305E+51   2.007466928E+51
   7.529226928E+05  -8.579981964E+45   5.676297452E+47   1.133988133E+51   1.134547183E+51   2.007476806E+51
   7.615300733E+05  -8.481714973E+45   5.709920654E+47   1.133994787E+51   1.134557298E+51   2.007486921E+51
   7.703526384E+05  -8.383299759E+45   5.744727484E+47   1.134001565E+51   1.134567655E+51   2.007497278E+51
   7.793957676E+05  -8.284766047E+45   5.780751186E+47   1.134008469E+51   1.134578259E+51   2.007507882E+51
   7.886649750E+05  -8.185473198E+45   5.808213078E+47   1.135171291E+51   1.135743927E+51   2.008673550E+51
   7.886649750E+05  -8.234485075E+45   5.794403681E+47   1.135169480E+51   1.135740685E+51   2.008670309E+51
   7.886649750E+05  -8.259211726E+45   5.787566650E+47   1.135168574E+51   1.135739071E+51   2.008668694E+51
   7.985281729E+05  -8.154982874E+45   5.817582991E+47   1.135176021E+51   1.135749624E+51   2.008679248E+51
   8.094152979E+05  -8.042945616E+45   5.851317334E+47   1.135184170E+51   1.135761259E+51   2.008690882E+51
   8.183161335E+05  -7.953610190E+45   5.879335044E+47   1.135190778E+51   1.135770758E+51   2.008700381E+51
   8.279013599E+05  -7.859598297E+45   5.909920529E+47   1.135197842E+51   1.135780974E+51   2.008710597E+51
   8.382236004E+05  -7.760811325E+45   5.943320588E+47   1.135205391E+51   1.135791962E+51   2.008721585E+51
   8.493395244E+05  -7.657167903E+45   5.979795476E+47   1.135213455E+51   1.135803777E+51   2.008733400E+51
   8.613101587E+05  -7.548606396E+45   6.019617981E+47   1.135222067E+51   1.135816480E+51   2.008746104E+51
   8.697976708E+05  -7.473479349E+45   6.048185286E+47   1.135228131E+51   1.135825476E+51   2.008755099E+51
   9.208530121E+05  -7.069793804E+45   6.181166288E+47   1.136578074E+51   1.137189121E+51   2.010118744E+51
   9.735291114E+05  -6.679014544E+45   6.325076532E+47   1.137954716E+51   1.138580545E+51   2.011510168E+51
   1.024008530E+06  -6.343379694E+45   6.441551606E+47   1.137987618E+51   1.138625430E+51   2.011555053E+51
   1.081423367E+06  -5.999978950E+45   6.563777823E+47   1.139452968E+51   1.140103346E+51   2.013032969E+51
   1.135788162E+06  -5.707759056E+45   6.667988893E+47   1.139485905E+51   1.140146996E+51   2.013076619E+51
   1.191571554E+06  -5.456684177E+45   6.747270590E+47   1.141207956E+51   1.141877226E+51   2.014806849E+51
   1.244793503E+06  -5.218499954E+45   6.827120726E+47   1.143058274E+51   1.143735768E+51   2.016665391E+51
   1.295188148E+06  -5.011596056E+45   6.884680391E+47   1.143085849E+51   1.143769305E+51   2.016698928E+51
   1.345887144E+06  -4.819078704E+45   6.937705329E+47   1.145145960E+51   1.145834912E+51   2.018764535E+51
   1.394268501E+06  -4.648901265E+45   6.976467657E+47   1.145170816E+51   1.145863814E+51   2.018793437E+51
   1.449007565E+06  -4.470097525E+45   7.010956199E+47   1.147308546E+51   1.148005171E+51   2.020934794E+51
   1.497934214E+06  -4.321686554E+45   7.037994688E+47   1.147332117E+51   1.148031595E+51   2.020961218E+51
   1.551940079E+06  -4.168695723E+45   7.052494984E+47   1.149795365E+51   1.150496445E+51   2.023426069E+51
   1.596092905E+06  -4.051590510E+45   7.062286206E+47   1.149815358E+51   1.150517535E+51   2.023447158E+51
   1.643640669E+06  -3.932475226E+45   7.060507309E+47   1.152544679E+51   1.153246797E+51   2.026176420E+51
   1.695719096E+06  -3.829008963E+45   7.060755754E+47   1.152565137E+51   1.153267384E+51   2.026197007E+51
   1.745223079E+06  -3.718170454E+45   7.047197746E+47   1.155501195E+51   1.156202197E+51   2.029131820E+51
   1.851294220E+06  -3.501199030E+45   7.005262476E+47   1.158696909E+51   1.159393934E+51   2.032323557E+51
   1.967548819E+06  -3.290707759E+45   6.939968572E+47   1.162256322E+51   1.162947028E+51   2.035876651E+51
   2.073182374E+06  -3.133290337E+45   6.865174729E+47   1.169623766E+51   1.170307150E+51   2.043236773E+51
   2.186609416E+06  -2.967535477E+45   6.760159455E+47   1.173991232E+51   1.174664280E+51   2.047593904E+51
   2.299829772E+06  -2.818676269E+45   6.644106614E+47   1.178975933E+51   1.179637525E+51   2.052567148E+51
   2.400695600E+06  -2.698081674E+45   6.532251816E+47   1.183537288E+51   1.184187815E+51   2.057117438E+51
   2.496950477E+06  -2.592311615E+45   6.420932335E+47   1.188789666E+51   1.189429167E+51   2.062358790E+51
   2.605854035E+06  -2.482197642E+45   6.291654066E+47   1.194983076E+51   1.195609759E+51   2.068539382E+51
   2.703193773E+06  -2.391491976E+45   6.174282199E+47   1.201635656E+51   1.202250693E+51   2.075180316E+51
   2.810986932E+06  -2.309711885E+45   6.059681602E+47   1.208822530E+51   1.209426188E+51   2.082355811E+51
   2.921461622E+06  -2.220843986E+45   5.924845429E+47   1.224119609E+51   1.224709873E+51   2.097639496E+51
   3.032603506E+06  -2.137986681E+45   5.789992145E+47   1.230274084E+51   1.230850945E+51   2.103780568E+51
   3.138664683E+06  -2.064515893E+45   5.663840603E+47   1.239544876E+51   1.240109195E+51   2.113038818E+51
   3.233463854E+06  -2.003005207E+45   5.552418970E+47   1.249634289E+51   1.250187528E+51   2.123117151E+51
   3.338104402E+06  -1.939231185E+45   5.430633259E+47   1.259844370E+51   1.260385494E+51   2.133315117E+51
   3.453607987E+06  -1.873488114E+45   5.299987213E+47   1.271090456E+51   1.271618581E+51   2.144548204E+51
   3.548441864E+06  -1.831029614E+45   5.212917993E+47   1.283298824E+51   1.283818285E+51   2.156747908E+51
   3.656682947E+06  -1.775920658E+45   5.095279728E+47   1.296051055E+51   1.296558807E+51   2.169488430E+51
   3.759975927E+06  -1.726341114E+45   4.985789098E+47   1.309811832E+51   1.310308684E+51   2.183238307E+51
   3.852300841E+06  -1.684319950E+45   4.889859890E+47   1.322775645E+51   1.323262947E+51   2.196192570E+51
   3.954210271E+06  -1.640220772E+45   4.786124751E+47   1.334383379E+51   1.334860351E+51   2.207789974E+51
   4.066699214E+06  -1.594041614E+45   4.673125441E+47   1.345156724E+51   1.345622442E+51   2.218552065E+51
   4.158665237E+06  -1.558133280E+45   4.581395312E+47   1.352766606E+51   1.353223187E+51   2.226152810E+51
   4.257702584E+06  -1.521233666E+45   4.483986630E+47   1.359419593E+51   1.359866471E+51   2.232796094E+51
   4.364354975E+06  -1.483406222E+45   4.384168131E+47   1.365142512E+51   1.365579446E+51   2.238509069E+51
   4.479207935E+06  -1.444710168E+45   4.279356388E+47   1.370667213E+51   1.371093704E+51   2.244023327E+51
   4.560641872E+06  -1.418467873E+45   4.207590902E+47   1.375247195E+51   1.375666535E+51   2.248596158E+51
   4.646198402E+06  -1.391898552E+45   4.134381714E+47   1.379773320E+51   1.380185367E+51   2.253114990E+51
   4.736086232E+06  -1.365049824E+45   4.059756221E+47   1.382276683E+51   1.382681294E+51   2.255610917E+51
   4.830524633E+06  -1.337932070E+45   3.983693745E+47   1.385040465E+51   1.385437497E+51   2.258367120E+51
   4.929743979E+06  -1.310581559E+45   3.905941200E+47   1.387364182E+51   1.387753466E+51   2.260683089E+51
