  0.0000000000E+000  0.0000000000E+000
  2.2281189037E+001  1.0660363582E+038
  1.0057539216E+004  3.6298750614E+042
  2.0107177517E+004  2.0457399473E+042
  3.0200849191E+004  1.3764035992E+042
  4.0266805747E+004  9.7765127864E+041
  5.0630375944E+004  7.4725439548E+041
  6.0870550472E+004  6.0796432587E+041
  7.1140476335E+004  5.1377975715E+041
  8.1247553614E+004  4.4571635265E+041
  9.1950884834E+004  3.9130564489E+041
  1.0230546878E+005  3.4477920715E+041
  1.1290726190E+005  2.9934126007E+041
  1.2347715293E+005  2.6624250610E+041
  1.3450255575E+005  2.3709362220E+041
  1.4479776472E+005  2.1657692192E+041
  1.5502060377E+005  2.0092029563E+041
  1.6500630231E+005  1.8429325221E+041
  1.7585495080E+005  1.6992473540E+041
  1.8639111961E+005  1.5890648605E+041
  1.9629410252E+005  1.4887497557E+041
  2.0690050332E+005  1.3941930584E+041
  2.1660430898E+005  1.3138884676E+041
  2.2692500957E+005  1.2378389146E+041
  2.3791662793E+005  1.1669660097E+041
  2.4763175478E+005  1.1109470781E+041
  2.5789219007E+005  1.0600574904E+041
  2.6886939835E+005  1.0112678627E+041
  2.7814592637E+005  9.7798611482E+040
  2.8786660935E+005  9.4783267331E+040
  2.9806007417E+005  9.2051244401E+040
  3.0875714159E+005  8.9447473163E+040
  3.1999096334E+005  8.7216904381E+040
  3.2878991578E+005  8.5806547463E+040
  3.3792679708E+005  8.4427538161E+040
  3.4741851213E+005  8.3229303165E+040
  3.5739443301E+005  8.1664779146E+040
  3.6777050562E+005  8.0351301690E+040
  3.7856721445E+005  7.9319320633E+040
  3.8980621904E+005  7.8325411952E+040
  4.0151042761E+005  7.7400295880E+040
  4.1370408018E+005  7.6551342686E+040
  4.2211770469E+005  7.6069781219E+040
  4.3076820280E+005  7.5619667259E+040
  4.3971192264E+005  7.4997553301E+040
  4.4896801333E+005  7.4154853352E+040
  4.5849266662E+005  7.3527816130E+040
  4.6829537787E+005  7.3136417548E+040
  4.7838600228E+005  7.2846822070E+040
  4.8877477755E+005  7.2626269963E+040
  4.9947234784E+005  7.2595394497E+040
  5.1048978903E+005  7.2605733989E+040
  5.2183863485E+005  7.2660381017E+040
  5.3067490416E+005  7.1891328167E+040
  5.4334500095E+005  7.1867247490E+040
  5.5370351599E+005  7.1992610230E+040
  5.6485850373E+005  7.2248126240E+040
  5.7687120546E+005  7.2602842590E+040
  5.8538854449E+005  7.2928133539E+040
  5.9433707382E+005  7.3385452735E+040
  6.0373862244E+005  7.3900813571E+040
  6.1361612446E+005  7.3629557555E+040
  6.2399367502E+005  7.3981337037E+040
  6.3489658908E+005  7.4575036049E+040
  6.4635146316E+005  7.5281565773E+040
  6.5838624024E+005  7.6126165910E+040
  6.7103027792E+005  7.7186775536E+040
  6.8431442000E+005  7.8400671923E+040
  6.9120659371E+005  7.9073725650E+040
  6.9827107177E+005  7.9796257770E+040
  7.0551216178E+005  7.9090811342E+040
  7.1293427904E+005  7.9819435030E+040
  7.2054194923E+005  8.0601794469E+040
  7.2833981117E+005  8.1462822017E+040
  7.3633261967E+005  8.2381456359E+040
  7.4452524837E+005  8.3388389111E+040
  7.5292269280E+005  8.4506703575E+040
  7.6153007333E+005  8.5704101753E+040
  7.7035263838E+005  8.6990848036E+040
  7.7939576756E+005  8.8368422075E+040
  7.8866497496E+005  8.9842685034E+040
  7.9104020936E+005  8.8246637195E+040
  8.0114998725E+005  8.9974725426E+040
  8.1230929042E+005  9.1790016367E+040
  8.2143264690E+005  9.3303433851E+040
  8.3125750397E+005  9.4975579110E+040
  8.4183780044E+005  9.6832448691E+040
  8.5323162252E+005  9.8907065147E+040
  8.6550152270E+005  1.0122946798E+041
  8.7420122258E+005  1.0292327216E+041
  9.2404184011E+005  1.1083175462E+041
  9.7803484183E+005  1.2058547401E+041
  1.0297762459E+006  1.3236997548E+041
  1.0886264536E+006  1.4378304605E+041
  1.1443503684E+006  1.5748918239E+041
  1.1969180656E+006  1.6799866895E+041
  1.2514705632E+006  1.7962488273E+041
  1.3031250747E+006  1.9261485732E+041
  1.3550915454E+006  2.0286968711E+041
  1.4046824359E+006  2.1531340554E+041
  1.4607899767E+006  2.2679157896E+041
  1.5109397917E+006  2.3830232729E+041
  1.5662958040E+006  2.4794617615E+041
  1.6115524501E+006  2.5706901141E+041
  1.6602889080E+006  2.6476886057E+041
  1.7051370733E+006  2.7239947675E+041
  1.7558786557E+006  2.7856712832E+041
  1.8646015751E+006  2.9113928678E+041
  1.9837625396E+006  3.0019604788E+041
  2.0833067310E+006  3.0455665952E+041
  2.1995694496E+006  3.0617277878E+041
  2.3156203141E+006  3.0476435801E+041
  2.4190077879E+006  3.0176642256E+041
  2.5176690368E+006  2.9900963245E+041
  2.6292951840E+006  2.9437307475E+041
  2.7290684152E+006  2.8968224398E+041
  2.8256243235E+006  2.8535944745E+041
  2.9388608808E+006  2.8046163499E+041
  3.0527813122E+006  2.7367609573E+041
  3.1614940180E+006  2.6816222518E+041
  3.2586631688E+006  2.6270191167E+041
  3.3659197300E+006  2.5565926603E+041
  3.4843109048E+006  2.4860880176E+041
  3.5653870027E+006  2.4360490454E+041
  3.6763341119E+006  2.3589156752E+041
  3.7822094171E+006  2.2824554536E+041
  3.8768424539E+006  2.2068581128E+041
  3.9812996199E+006  2.1305862606E+041
  4.0966007861E+006  2.0367674290E+041
  4.1908659591E+006  1.9476344745E+041
  4.2923792402E+006  1.8642534938E+041
  4.4016979409E+006  1.7565425307E+041
  4.5194222248E+006  1.6362477353E+041
  4.6028920105E+006  1.5509239665E+041
  4.6905874542E+006  1.4535287939E+041
  4.7827224797E+006  1.3508330890E+041
  4.8795218408E+006  1.2364938232E+041
  4.9812216696E+006  1.1104216590E+041
  5.0000000000E+006  1.1104216590E+041
