   0.000000000E+00   0.171849944E+05  -0.480624731E+01  -0.537145843E+01  -0.518131768E+01  -0.487624731E+01  -0.461871212E+01  -0.435364175E+01  -0.617392325E+01  -0.513131768E+01  -0.503378250E+01  -0.501624731E+01  -0.497871212E+01
   0.220346439E+02   0.171853767E+05  -0.480629191E+01  -0.537152251E+01  -0.518136878E+01  -0.487629191E+01  -0.461875348E+01  -0.435367661E+01  -0.617398408E+01  -0.513136878E+01  -0.503383034E+01  -0.501629191E+01  -0.497875348E+01
   0.100302412E+05   0.390788484E+05  -0.139121304E+02  -0.149426380E+02  -0.145173842E+02  -0.140221304E+02  -0.136621304E+02  -0.133268766E+02  -0.157226380E+02  -0.144973842E+02  -0.142321304E+02  -0.141221304E+02  -0.139968766E+02
   0.200316307E+05   0.264994333E+05  -0.143911269E+02  -0.152597534E+02  -0.149104402E+02  -0.144907835E+02  -0.141611269E+02  -0.138514703E+02  -0.160497534E+02  -0.148804402E+02  -0.146807835E+02  -0.146011269E+02  -0.145014703E+02
   0.300804650E+05   0.211569467E+05  -0.145623603E+02  -0.152890217E+02  -0.150170249E+02  -0.146496926E+02  -0.143523603E+02  -0.140650280E+02  -0.160890217E+02  -0.149843571E+02  -0.148196926E+02  -0.147723603E+02  -0.147050280E+02
   0.400959472E+05   0.175920425E+05  -0.146562975E+02  -0.152418439E+02  -0.150399951E+02  -0.147272219E+02  -0.144662975E+02  -0.141953731E+02  -0.160427683E+02  -0.149899951E+02  -0.148881463E+02  -0.148672219E+02  -0.148253731E+02
   0.503995899E+05   0.154096266E+05  -0.146704813E+02  -0.151338980E+02  -0.150062313E+02  -0.147404813E+02  -0.144985647E+02  -0.142566480E+02  -0.159438980E+02  -0.149481480E+02  -0.148823980E+02  -0.148885647E+02  -0.148666480E+02
   0.605742060E+05   0.140184343E+05  -0.146617087E+02  -0.150169867E+02  -0.149451656E+02  -0.147217087E+02  -0.145033445E+02  -0.142666160E+02  -0.158286225E+02  -0.148751656E+02  -0.148484371E+02  -0.148717087E+02  -0.148749802E+02
   0.707732175E+05   0.130295552E+05  -0.146342523E+02  -0.148950739E+02  -0.148757286E+02  -0.146921214E+02  -0.144885142E+02  -0.142706451E+02  -0.157172049E+02  -0.148035977E+02  -0.147999905E+02  -0.148463833E+02  -0.148685142E+02
   0.808063118E+05   0.122597265E+05  -0.146017110E+02  -0.147834340E+02  -0.148075725E+02  -0.146508833E+02  -0.144725387E+02  -0.142633664E+02  -0.156134340E+02  -0.147267448E+02  -0.147500556E+02  -0.148208833E+02  -0.148525387E+02
   0.914185569E+05   0.116086316E+05  -0.145700592E+02  -0.146734220E+02  -0.147367406E+02  -0.146113954E+02  -0.144487229E+02  -0.142473866E+02  -0.155034220E+02  -0.146480768E+02  -0.147027317E+02  -0.147813954E+02  -0.148287229E+02
   0.101689267E+06   0.110123589E+05  -0.145327353E+02  -0.145538534E+02  -0.146551634E+02  -0.145664733E+02  -0.144189972E+02  -0.142315212E+02  -0.153838534E+02  -0.145651634E+02  -0.146502113E+02  -0.147427353E+02  -0.148052592E+02
   0.112201143E+06   0.103914769E+05  -0.144783077E+02  -0.144078933E+02  -0.145599752E+02  -0.145083077E+02  -0.143774740E+02  -0.142066403E+02  -0.152424764E+02  -0.144653921E+02  -0.145791415E+02  -0.146928909E+02  -0.147720571E+02
   0.122677398E+06   0.984042465E+04  -0.144367137E+02  -0.142759351E+02  -0.144825082E+02  -0.144643462E+02  -0.143514489E+02  -0.141961841E+02  -0.151159351E+02  -0.143801406E+02  -0.145196110E+02  -0.146567137E+02  -0.147538165E+02
   0.133612280E+06   0.931744767E+04  -0.143961372E+02  -0.141340961E+02  -0.143951847E+02  -0.144160012E+02  -0.143264094E+02  -0.141866815E+02  -0.149743683E+02  -0.142850486E+02  -0.144557290E+02  -0.146161372E+02  -0.147364094E+02
   0.143822325E+06   0.889608921E+04  -0.143649099E+02  -0.140023059E+02  -0.143170280E+02  -0.143780696E+02  -0.143085904E+02  -0.141822710E+02  -0.148559864E+02  -0.142001878E+02  -0.144043891E+02  -0.145849099E+02  -0.147185904E+02
   0.153958560E+06   0.853646971E+04  -0.143397595E+02  -0.138885542E+02  -0.142505304E+02  -0.143470125E+02  -0.142952535E+02  -0.141807476E+02  -0.147485542E+02  -0.141277833E+02  -0.143615184E+02  -0.145597595E+02  -0.147080006E+02
   0.163857444E+06   0.818425523E+04  -0.143000495E+02  -0.137587177E+02  -0.141687613E+02  -0.143012940E+02  -0.142675604E+02  -0.141650713E+02  -0.146187177E+02  -0.140400058E+02  -0.143037831E+02  -0.145200495E+02  -0.146863158E+02
   0.174592572E+06   0.785671082E+04  -0.142603730E+02  -0.136212068E+02  -0.140784615E+02  -0.142557162E+02  -0.142396867E+02  -0.141490003E+02  -0.144858636E+02  -0.139484615E+02  -0.142417456E+02  -0.144803730E+02  -0.146643435E+02
   0.185030103E+06   0.758649161E+04  -0.142271274E+02  -0.135039347E+02  -0.140007313E+02  -0.142175278E+02  -0.142163265E+02  -0.141355257E+02  -0.143735343E+02  -0.138707313E+02  -0.141887291E+02  -0.144471274E+02  -0.146459261E+02
   0.194837857E+06   0.734793500E+04  -0.141850311E+02  -0.133785311E+02  -0.139210311E+02  -0.141707811E+02  -0.141835311E+02  -0.141205311E+02  -0.142527811E+02  -0.137825311E+02  -0.141322811E+02  -0.144050311E+02  -0.146220311E+02
   0.205339675E+06   0.711842856E+04  -0.141407954E+02  -0.132532614E+02  -0.138407803E+02  -0.141220435E+02  -0.141482992E+02  -0.141033068E+02  -0.141320133E+02  -0.136932765E+02  -0.140745398E+02  -0.143607954E+02  -0.145958030E+02
   0.214945549E+06   0.692150637E+04  -0.140978892E+02  -0.131318246E+02  -0.137626601E+02  -0.140722827E+02  -0.141162989E+02  -0.140819054E+02  -0.140146278E+02  -0.136098569E+02  -0.140138731E+02  -0.143178892E+02  -0.145662989E+02
   0.225159828E+06   0.672932427E+04  -0.140533617E+02  -0.130064634E+02  -0.136817575E+02  -0.140196719E+02  -0.140838965E+02  -0.140575863E+02  -0.138933083E+02  -0.135249126E+02  -0.139491371E+02  -0.142733617E+02  -0.145338965E+02
   0.236035639E+06   0.654516919E+04  -0.140074316E+02  -0.128812668E+02  -0.135997341E+02  -0.139666618E+02  -0.140497408E+02  -0.140320501E+02  -0.137720365E+02  -0.134381945E+02  -0.138843526E+02  -0.142282013E+02  -0.145005106E+02
   0.245646368E+06   0.639763973E+04  -0.139640012E+02  -0.127679645E+02  -0.135230313E+02  -0.139199042E+02  -0.140162921E+02  -0.140085831E+02  -0.136620615E+02  -0.133548374E+02  -0.138276132E+02  -0.141880982E+02  -0.144703891E+02
   0.255794542E+06   0.625536139E+04  -0.139227177E+02  -0.126592962E+02  -0.134496598E+02  -0.138754119E+02  -0.139846351E+02  -0.139865524E+02  -0.135566020E+02  -0.132750483E+02  -0.137734946E+02  -0.141500235E+02  -0.144419409E+02
   0.266616510E+06   0.611558444E+04  -0.138801336E+02  -0.125493249E+02  -0.133752205E+02  -0.138291510E+02  -0.139520989E+02  -0.139635728E+02  -0.134498162E+02  -0.131947292E+02  -0.137181684E+02  -0.141101336E+02  -0.144125902E+02
   0.275786227E+06   0.601223165E+04  -0.138462993E+02  -0.124605023E+02  -0.133163916E+02  -0.137903178E+02  -0.139282624E+02  -0.139472347E+02  -0.133634931E+02  -0.131334008E+02  -0.136743362E+02  -0.140762993E+02  -0.143912531E+02
   0.285393270E+06   0.591743430E+04  -0.138145893E+02  -0.123783561E+02  -0.132617560E+02  -0.137540227E+02  -0.139057226E+02  -0.139315726E+02  -0.132836394E+02  -0.130764727E+02  -0.136334560E+02  -0.140445893E+02  -0.143710060E+02
   0.295465738E+06   0.581991681E+04  -0.137851926E+02  -0.122970758E+02  -0.132087759E+02  -0.137199093E+02  -0.138857593E+02  -0.139186843E+02  -0.132047175E+02  -0.130211342E+02  -0.135946259E+02  -0.140151926E+02  -0.143534010E+02
   0.306033890E+06   0.572877057E+04  -0.137562429E+02  -0.122196323E+02  -0.131577836E+02  -0.136865511E+02  -0.138656267E+02  -0.139051645E+02  -0.131294783E+02  -0.129679376E+02  -0.135568592E+02  -0.139862429E+02  -0.143354726E+02
   0.317130282E+06   0.564022326E+04  -0.137268479E+02  -0.121357138E+02  -0.131034114E+02  -0.136547173E+02  -0.138453702E+02  -0.138938926E+02  -0.130478444E+02  -0.129091503E+02  -0.135161949E+02  -0.139589785E+02  -0.143196314E+02
   0.325820193E+06   0.557833771E+04  -0.137075428E+02  -0.120779007E+02  -0.130664568E+02  -0.136338077E+02  -0.138324831E+02  -0.138874235E+02  -0.129916358E+02  -0.128689867E+02  -0.134888674E+02  -0.139412779E+02  -0.143099533E+02
   0.334842598E+06   0.551435877E+04  -0.136882933E+02  -0.120188406E+02  -0.130289608E+02  -0.136128994E+02  -0.138198687E+02  -0.138814441E+02  -0.129342344E+02  -0.128281731E+02  -0.134613239E+02  -0.139236871E+02  -0.143006564E+02
   0.344214099E+06   0.545671217E+04  -0.136712790E+02  -0.119659560E+02  -0.129955059E+02  -0.135943905E+02  -0.138088328E+02  -0.138763867E+02  -0.128828444E+02  -0.127917290E+02  -0.134368367E+02  -0.139081674E+02  -0.142926097E+02
   0.354025643E+06   0.538721354E+04  -0.136488734E+02  -0.119003053E+02  -0.129532797E+02  -0.135701831E+02  -0.137936348E+02  -0.138683962E+02  -0.128189956E+02  -0.127458990E+02  -0.134054217E+02  -0.138875638E+02  -0.142810155E+02
   0.364266113E+06   0.532359708E+04  -0.136292305E+02  -0.118393952E+02  -0.129148593E+02  -0.135485020E+02  -0.137803234E+02  -0.138617805E+02  -0.127597594E+02  -0.127041307E+02  -0.133770449E+02  -0.138692305E+02  -0.142710519E+02
   0.374920262E+06   0.526430837E+04  -0.136118992E+02  -0.117775602E+02  -0.128777485E+02  -0.135278740E+02  -0.137679368E+02  -0.138559870E+02  -0.126995727E+02  -0.126637234E+02  -0.133498238E+02  -0.138518992E+02  -0.142619619E+02
   0.386009353E+06   0.520558867E+04  -0.135949435E+02  -0.117165280E+02  -0.128412033E+02  -0.135076534E+02  -0.137558785E+02  -0.138504586E+02  -0.126401730E+02  -0.126239132E+02  -0.133230734E+02  -0.138349435E+02  -0.142531686E+02
   0.397555867E+06   0.514607579E+04  -0.135787343E+02  -0.116556469E+02  -0.128051399E+02  -0.134881352E+02  -0.137446329E+02  -0.138458310E+02  -0.125809464E+02  -0.125845408E+02  -0.132969371E+02  -0.138187343E+02  -0.142452320E+02
   0.409583593E+06   0.509012090E+04  -0.135636486E+02  -0.115985600E+02  -0.127713870E+02  -0.134699383E+02  -0.137342140E+02  -0.138416345E+02  -0.125254151E+02  -0.125476767E+02  -0.132725178E+02  -0.138036486E+02  -0.142379242E+02
   0.417881789E+06   0.505094199E+04  -0.135546185E+02  -0.115601213E+02  -0.127492864E+02  -0.134587298E+02  -0.137284516E+02  -0.138402289E+02  -0.124880656E+02  -0.125233977E+02  -0.132569525E+02  -0.137946185E+02  -0.142343402E+02
   0.426412834E+06   0.501506811E+04  -0.135461804E+02  -0.115247553E+02  -0.127288803E+02  -0.134482970E+02  -0.137230054E+02  -0.138387721E+02  -0.124536969E+02  -0.125009970E+02  -0.132425303E+02  -0.137861804E+02  -0.142308887E+02
   0.435184855E+06   0.500000000E+04  -0.135363734E+02  -0.115036378E+02  -0.127140464E+02  -0.134376522E+02  -0.137144551E+02  -0.138318974E+02  -0.124329983E+02  -0.124853253E+02  -0.132302099E+02  -0.137763734E+02  -0.142231763E+02
   0.444306978E+06   0.500000000E+04  -0.135241046E+02  -0.114913690E+02  -0.127017777E+02  -0.134253834E+02  -0.137021863E+02  -0.138196286E+02  -0.124207296E+02  -0.124730565E+02  -0.132179411E+02  -0.137641046E+02  -0.142109075E+02
   0.453696184E+06   0.500000000E+04  -0.135148848E+02  -0.114821492E+02  -0.126925579E+02  -0.134161637E+02  -0.136929665E+02  -0.138104089E+02  -0.124115098E+02  -0.124638367E+02  -0.132087213E+02  -0.137548848E+02  -0.142016877E+02
   0.463358658E+06   0.500000000E+04  -0.135090899E+02  -0.114763542E+02  -0.126867629E+02  -0.134103687E+02  -0.136871716E+02  -0.138046139E+02  -0.124057148E+02  -0.124580418E+02  -0.132029264E+02  -0.137490899E+02  -0.141958927E+02
   0.473304070E+06   0.500000000E+04  -0.135047822E+02  -0.114720466E+02  -0.126824552E+02  -0.134060610E+02  -0.136828639E+02  -0.138003062E+02  -0.124014071E+02  -0.124537341E+02  -0.131986187E+02  -0.137447822E+02  -0.141915851E+02
   0.483542466E+06   0.500000000E+04  -0.135014900E+02  -0.114687544E+02  -0.126791631E+02  -0.134027688E+02  -0.136795717E+02  -0.137970140E+02  -0.123981150E+02  -0.124504419E+02  -0.131953265E+02  -0.137414900E+02  -0.141882929E+02
   0.494084281E+06   0.500000000E+04  -0.135010283E+02  -0.114682927E+02  -0.126787014E+02  -0.134023072E+02  -0.136791101E+02  -0.137965524E+02  -0.123976533E+02  -0.124499802E+02  -0.131948648E+02  -0.137410283E+02  -0.141878312E+02
   0.504940375E+06   0.500000000E+04  -0.135011829E+02  -0.114684473E+02  -0.126788560E+02  -0.134024618E+02  -0.136792647E+02  -0.137967070E+02  -0.123978079E+02  -0.124501348E+02  -0.131950195E+02  -0.137411829E+02  -0.141879858E+02
   0.516122047E+06   0.500000000E+04  -0.135019998E+02  -0.114692642E+02  -0.126796729E+02  -0.134032787E+02  -0.136800816E+02  -0.137975239E+02  -0.123986248E+02  -0.124509517E+02  -0.131958364E+02  -0.137419998E+02  -0.141888027E+02
   0.527698138E+06   0.500000000E+04  -0.134924352E+02  -0.114596996E+02  -0.126701083E+02  -0.133937141E+02  -0.136705170E+02  -0.137879593E+02  -0.123890602E+02  -0.124413871E+02  -0.131862718E+02  -0.137324352E+02  -0.141792381E+02
   0.527698138E+06   0.500000000E+04  -0.134904469E+02  -0.114577113E+02  -0.126681200E+02  -0.133917258E+02  -0.136685286E+02  -0.137859710E+02  -0.123870719E+02  -0.124393988E+02  -0.131842834E+02  -0.137304469E+02  -0.141772498E+02
   0.540059208E+06   0.500000000E+04  -0.134900832E+02  -0.114573476E+02  -0.126677562E+02  -0.133913620E+02  -0.136681649E+02  -0.137856072E+02  -0.123867081E+02  -0.124390351E+02  -0.131839197E+02  -0.137300832E+02  -0.141768861E+02
   0.550165076E+06   0.500000000E+04  -0.134919754E+02  -0.114592398E+02  -0.126696485E+02  -0.133932543E+02  -0.136700572E+02  -0.137874995E+02  -0.123886004E+02  -0.124409273E+02  -0.131858120E+02  -0.137319754E+02  -0.141787783E+02
   0.561047991E+06   0.500000000E+04  -0.134958221E+02  -0.114630865E+02  -0.126734952E+02  -0.133971010E+02  -0.136739038E+02  -0.137913462E+02  -0.123924471E+02  -0.124447740E+02  -0.131896586E+02  -0.137358221E+02  -0.141826250E+02
   0.572767700E+06   0.500000000E+04  -0.135011397E+02  -0.114684041E+02  -0.126788128E+02  -0.134024185E+02  -0.136792214E+02  -0.137966638E+02  -0.123977647E+02  -0.124500916E+02  -0.131949762E+02  -0.137411397E+02  -0.141879426E+02
   0.581077299E+06   0.500000000E+04  -0.135059934E+02  -0.114732578E+02  -0.126836665E+02  -0.134072722E+02  -0.136840751E+02  -0.138015174E+02  -0.124026184E+02  -0.124549453E+02  -0.131998299E+02  -0.137459934E+02  -0.141927963E+02
   0.589807571E+06   0.500000000E+04  -0.135127806E+02  -0.114800450E+02  -0.126904536E+02  -0.134140594E+02  -0.136908623E+02  -0.138083046E+02  -0.124094056E+02  -0.124617325E+02  -0.132066171E+02  -0.137527806E+02  -0.141995835E+02
   0.598979814E+06   0.500000000E+04  -0.135203787E+02  -0.114876431E+02  -0.126980518E+02  -0.134216575E+02  -0.136984604E+02  -0.138159027E+02  -0.124170037E+02  -0.124693306E+02  -0.132142152E+02  -0.137603787E+02  -0.142071816E+02
   0.608616401E+06   0.500000000E+04  -0.135163861E+02  -0.114836505E+02  -0.126940592E+02  -0.134176650E+02  -0.136944679E+02  -0.138119102E+02  -0.124130111E+02  -0.124653380E+02  -0.132102227E+02  -0.137563861E+02  -0.142031890E+02
   0.618740841E+06   0.500000000E+04  -0.135215611E+02  -0.114888255E+02  -0.126992341E+02  -0.134228399E+02  -0.136996428E+02  -0.138170851E+02  -0.124181860E+02  -0.124705130E+02  -0.132153976E+02  -0.137615611E+02  -0.142083640E+02
   0.629377830E+06   0.500000000E+04  -0.135302393E+02  -0.114975037E+02  -0.127079124E+02  -0.134315182E+02  -0.137083211E+02  -0.138257634E+02  -0.124268643E+02  -0.124791912E+02  -0.132240759E+02  -0.137702393E+02  -0.142170422E+02
   0.640553317E+06   0.500000000E+04  -0.135404773E+02  -0.115077416E+02  -0.127181503E+02  -0.134417561E+02  -0.137185590E+02  -0.138360013E+02  -0.124371022E+02  -0.124894292E+02  -0.132343138E+02  -0.137804773E+02  -0.142272801E+02
   0.652294563E+06   0.500000000E+04  -0.135525905E+02  -0.115198549E+02  -0.127302636E+02  -0.134538694E+02  -0.137306723E+02  -0.138481146E+02  -0.124492155E+02  -0.125015424E+02  -0.132464271E+02  -0.137925905E+02  -0.142393934E+02
   0.664630209E+06   0.500000000E+04  -0.135676129E+02  -0.115348773E+02  -0.127452860E+02  -0.134688917E+02  -0.137456946E+02  -0.138631369E+02  -0.124642379E+02  -0.125165648E+02  -0.132614494E+02  -0.138076129E+02  -0.142544158E+02
   0.677590348E+06   0.500000000E+04  -0.135845551E+02  -0.115518195E+02  -0.127622282E+02  -0.134858339E+02  -0.137626368E+02  -0.138800792E+02  -0.124811801E+02  -0.125335070E+02  -0.132783916E+02  -0.138245551E+02  -0.142713580E+02
   0.684314420E+06   0.500000000E+04  -0.135938361E+02  -0.115611005E+02  -0.127715092E+02  -0.134951150E+02  -0.137719179E+02  -0.138893602E+02  -0.124904611E+02  -0.125427881E+02  -0.132876727E+02  -0.138338361E+02  -0.142806390E+02
   0.691206594E+06   0.500000000E+04  -0.136037120E+02  -0.115709763E+02  -0.127813850E+02  -0.135049908E+02  -0.137817937E+02  -0.138992360E+02  -0.125003369E+02  -0.125526639E+02  -0.132975485E+02  -0.138437120E+02  -0.142905148E+02
   0.698271072E+06   0.500000000E+04  -0.135940707E+02  -0.115613351E+02  -0.127717438E+02  -0.134953496E+02  -0.137721525E+02  -0.138895948E+02  -0.124906957E+02  -0.125430226E+02  -0.132879073E+02  -0.138340707E+02  -0.142808736E+02
   0.705512162E+06   0.500000000E+04  -0.136040273E+02  -0.115712917E+02  -0.127817003E+02  -0.135053061E+02  -0.137821090E+02  -0.138995513E+02  -0.125006522E+02  -0.125529792E+02  -0.132978638E+02  -0.138440273E+02  -0.142908302E+02
   0.712934279E+06   0.500000000E+04  -0.136146174E+02  -0.115818818E+02  -0.127922905E+02  -0.135158963E+02  -0.137926992E+02  -0.139101415E+02  -0.125112424E+02  -0.125635693E+02  -0.133084540E+02  -0.138546174E+02  -0.143014203E+02
   0.720541949E+06   0.500000000E+04  -0.136261543E+02  -0.115934187E+02  -0.128038273E+02  -0.135274331E+02  -0.138042360E+02  -0.139216783E+02  -0.125227792E+02  -0.125751062E+02  -0.133199908E+02  -0.138661543E+02  -0.143129572E+02
   0.728339811E+06   0.500000000E+04  -0.136383293E+02  -0.116055937E+02  -0.128160024E+02  -0.135396082E+02  -0.138164110E+02  -0.139338534E+02  -0.125349543E+02  -0.125872812E+02  -0.133321658E+02  -0.138783293E+02  -0.143251322E+02
   0.736332620E+06   0.500000000E+04  -0.136515196E+02  -0.116187840E+02  -0.128291927E+02  -0.135527984E+02  -0.138296013E+02  -0.139470437E+02  -0.125481446E+02  -0.126004715E+02  -0.133453561E+02  -0.138915196E+02  -0.143383225E+02
   0.744525248E+06   0.500000000E+04  -0.136659835E+02  -0.116332479E+02  -0.128436566E+02  -0.135672624E+02  -0.138440653E+02  -0.139615076E+02  -0.125626085E+02  -0.126149355E+02  -0.133598201E+02  -0.139059835E+02  -0.143527864E+02
   0.752922693E+06   0.500000000E+04  -0.136812597E+02  -0.116485240E+02  -0.128589327E+02  -0.135825385E+02  -0.138593414E+02  -0.139767837E+02  -0.125778846E+02  -0.126302116E+02  -0.133750962E+02  -0.139212597E+02  -0.143680626E+02
   0.761530073E+06   0.500000000E+04  -0.136974396E+02  -0.116647039E+02  -0.128751126E+02  -0.135987184E+02  -0.138755213E+02  -0.139929636E+02  -0.125940645E+02  -0.126463915E+02  -0.133912761E+02  -0.139374396E+02  -0.143842424E+02
   0.770352638E+06   0.500000000E+04  -0.137144984E+02  -0.116817628E+02  -0.128921715E+02  -0.136157772E+02  -0.138925801E+02  -0.140100224E+02  -0.126111234E+02  -0.126634503E+02  -0.134083349E+02  -0.139544984E+02  -0.144013013E+02
   0.779395768E+06   0.500000000E+04  -0.137324625E+02  -0.116997268E+02  -0.129101355E+02  -0.136337413E+02  -0.139105442E+02  -0.140279865E+02  -0.126290874E+02  -0.126814144E+02  -0.134262990E+02  -0.139724625E+02  -0.144192653E+02
   0.788664975E+06   0.500000000E+04  -0.137265226E+02  -0.116937870E+02  -0.129041957E+02  -0.136278015E+02  -0.139046044E+02  -0.140220467E+02  -0.126231476E+02  -0.126754745E+02  -0.134203592E+02  -0.139665226E+02  -0.144133255E+02
   0.788664975E+06   0.500000000E+04  -0.137182105E+02  -0.116854749E+02  -0.128958835E+02  -0.136194893E+02  -0.138962922E+02  -0.140137345E+02  -0.126148354E+02  -0.126671624E+02  -0.134120470E+02  -0.139582105E+02  -0.144050134E+02
   0.788664975E+06   0.500000000E+04  -0.137130011E+02  -0.116802654E+02  -0.128906741E+02  -0.136142799E+02  -0.138910828E+02  -0.140085251E+02  -0.126096260E+02  -0.126619530E+02  -0.134068376E+02  -0.139530011E+02  -0.143998039E+02
   0.798528173E+06   0.500000000E+04  -0.137340570E+02  -0.117013214E+02  -0.129117300E+02  -0.136353358E+02  -0.139121387E+02  -0.140295810E+02  -0.126306819E+02  -0.126830089E+02  -0.134278935E+02  -0.139740570E+02  -0.144208599E+02
   0.809415298E+06   0.500000000E+04  -0.137557443E+02  -0.117230086E+02  -0.129334173E+02  -0.136570231E+02  -0.139338260E+02  -0.140512683E+02  -0.126523692E+02  -0.127046962E+02  -0.134495808E+02  -0.139957443E+02  -0.144425472E+02
   0.818316134E+06   0.500000000E+04  -0.137734997E+02  -0.117407641E+02  -0.129511728E+02  -0.136747786E+02  -0.139515814E+02  -0.140690238E+02  -0.126701247E+02  -0.127224516E+02  -0.134673362E+02  -0.140134997E+02  -0.144603026E+02
   0.827901360E+06   0.500000000E+04  -0.137927855E+02  -0.117600499E+02  -0.129704586E+02  -0.136940644E+02  -0.139708673E+02  -0.140883096E+02  -0.126894105E+02  -0.127417374E+02  -0.134866220E+02  -0.140327855E+02  -0.144795884E+02
   0.838223600E+06   0.500000000E+04  -0.138138079E+02  -0.117810723E+02  -0.129914810E+02  -0.137150868E+02  -0.139918897E+02  -0.141093320E+02  -0.127104329E+02  -0.127627598E+02  -0.135076445E+02  -0.140538079E+02  -0.145006108E+02
   0.849339524E+06   0.500000000E+04  -0.138368239E+02  -0.118040883E+02  -0.130144970E+02  -0.137381028E+02  -0.140149057E+02  -0.141323480E+02  -0.127334489E+02  -0.127857758E+02  -0.135306605E+02  -0.140768239E+02  -0.145236268E+02
   0.861310159E+06   0.500000000E+04  -0.138620230E+02  -0.118292874E+02  -0.130396961E+02  -0.137633019E+02  -0.140401048E+02  -0.141575471E+02  -0.127586480E+02  -0.128109749E+02  -0.135558596E+02  -0.141020230E+02  -0.145488259E+02
   0.869797671E+06   0.500000000E+04  -0.138800396E+02  -0.118473040E+02  -0.130577127E+02  -0.137813184E+02  -0.140581213E+02  -0.141755637E+02  -0.127766646E+02  -0.128289915E+02  -0.135738761E+02  -0.141200396E+02  -0.145668425E+02
   0.920853012E+06   0.500000000E+04  -0.139604162E+02  -0.119276806E+02  -0.131380892E+02  -0.138616950E+02  -0.141384979E+02  -0.142559402E+02  -0.128570411E+02  -0.129093681E+02  -0.136542527E+02  -0.142004162E+02  -0.146472191E+02
   0.973529111E+06   0.500000000E+04  -0.140519931E+02  -0.120192575E+02  -0.132296662E+02  -0.139532720E+02  -0.142300749E+02  -0.143475172E+02  -0.129486181E+02  -0.130009450E+02  -0.137458297E+02  -0.142919931E+02  -0.147387960E+02
   0.102400853E+07   0.500000000E+04  -0.141532294E+02  -0.121204938E+02  -0.133309024E+02  -0.140545082E+02  -0.143313111E+02  -0.144487534E+02  -0.130498543E+02  -0.131021813E+02  -0.138470659E+02  -0.143932294E+02  -0.148400323E+02
   0.108142337E+07   0.500000000E+04  -0.142430248E+02  -0.122102892E+02  -0.134206979E+02  -0.141443037E+02  -0.144211066E+02  -0.145385489E+02  -0.131396498E+02  -0.131919767E+02  -0.139368614E+02  -0.144830248E+02  -0.149298277E+02
   0.113578816E+07   0.500000000E+04  -0.143418825E+02  -0.123091469E+02  -0.135195555E+02  -0.142431613E+02  -0.145199642E+02  -0.146374065E+02  -0.132385074E+02  -0.132908344E+02  -0.140357190E+02  -0.145818825E+02  -0.150286854E+02
   0.119157155E+07   0.500000000E+04  -0.144120202E+02  -0.123792846E+02  -0.135896933E+02  -0.143132991E+02  -0.145901020E+02  -0.147075443E+02  -0.133086452E+02  -0.133609722E+02  -0.141058568E+02  -0.146520202E+02  -0.150988231E+02
   0.124479350E+07   0.500000000E+04  -0.144846719E+02  -0.124519363E+02  -0.136623449E+02  -0.143859507E+02  -0.146627536E+02  -0.147801959E+02  -0.133812969E+02  -0.134336238E+02  -0.141785084E+02  -0.147246719E+02  -0.151714748E+02
   0.129518815E+07   0.500000000E+04  -0.145604801E+02  -0.125277445E+02  -0.137381532E+02  -0.144617589E+02  -0.147385618E+02  -0.148560041E+02  -0.134571051E+02  -0.135094320E+02  -0.142543166E+02  -0.148004801E+02  -0.152472830E+02
   0.134588714E+07   0.500000000E+04  -0.146167985E+02  -0.125840629E+02  -0.137944716E+02  -0.145180774E+02  -0.147948803E+02  -0.149123226E+02  -0.135134235E+02  -0.135657504E+02  -0.143106351E+02  -0.148567985E+02  -0.153036014E+02
   0.139426850E+07   0.500000000E+04  -0.146814333E+02  -0.126486977E+02  -0.138591064E+02  -0.145827122E+02  -0.148595151E+02  -0.149769574E+02  -0.135780583E+02  -0.136303852E+02  -0.143752698E+02  -0.149214333E+02  -0.153682362E+02
   0.144900756E+07   0.500000000E+04  -0.147378230E+02  -0.127050873E+02  -0.139154960E+02  -0.146391018E+02  -0.149159047E+02  -0.150333470E+02  -0.136344479E+02  -0.136867749E+02  -0.144316595E+02  -0.149778230E+02  -0.154246258E+02
   0.149793421E+07   0.500000000E+04  -0.147915764E+02  -0.127588407E+02  -0.139692494E+02  -0.146928552E+02  -0.149696581E+02  -0.150871004E+02  -0.136882013E+02  -0.137405283E+02  -0.144854129E+02  -0.150315764E+02  -0.154783792E+02
   0.155194008E+07   0.500000000E+04  -0.148346492E+02  -0.128019136E+02  -0.140123222E+02  -0.147359280E+02  -0.150127309E+02  -0.151301732E+02  -0.137312741E+02  -0.137836011E+02  -0.145284857E+02  -0.150746492E+02  -0.155214521E+02
   0.159609290E+07   0.500000000E+04  -0.148738800E+02  -0.128411443E+02  -0.140515530E+02  -0.147751588E+02  -0.150519617E+02  -0.151694040E+02  -0.137705049E+02  -0.138228319E+02  -0.145677165E+02  -0.151138800E+02  -0.155606829E+02
   0.164364067E+07   0.500000000E+04  -0.149059229E+02  -0.128731873E+02  -0.140835960E+02  -0.148072018E+02  -0.150840046E+02  -0.152014470E+02  -0.138025479E+02  -0.138548748E+02  -0.145997594E+02  -0.151459229E+02  -0.155927258E+02
   0.169571910E+07   0.500000000E+04  -0.149367713E+02  -0.129040357E+02  -0.141144444E+02  -0.148380502E+02  -0.151148531E+02  -0.152322954E+02  -0.138333963E+02  -0.138857232E+02  -0.146306078E+02  -0.151767713E+02  -0.156235742E+02
   0.174522308E+07   0.500000000E+04  -0.149610803E+02  -0.129283447E+02  -0.141387534E+02  -0.148623592E+02  -0.151391620E+02  -0.152566044E+02  -0.138577053E+02  -0.139100322E+02  -0.146549168E+02  -0.152010803E+02  -0.156478832E+02
   0.185129422E+07   0.500000000E+04  -0.150090077E+02  -0.129762721E+02  -0.141866807E+02  -0.149102865E+02  -0.151870894E+02  -0.153045317E+02  -0.139056326E+02  -0.139579596E+02  -0.147028442E+02  -0.152490077E+02  -0.156958106E+02
   0.196754882E+07   0.500000000E+04  -0.150422681E+02  -0.130095325E+02  -0.142199411E+02  -0.149435469E+02  -0.152203498E+02  -0.153377921E+02  -0.139388930E+02  -0.139912200E+02  -0.147361046E+02  -0.152822681E+02  -0.157290710E+02
   0.207318237E+07   0.500000000E+04  -0.150579259E+02  -0.130251903E+02  -0.142355990E+02  -0.149592047E+02  -0.152360076E+02  -0.153534499E+02  -0.139545509E+02  -0.140068778E+02  -0.147517624E+02  -0.152979259E+02  -0.157447288E+02
   0.218660942E+07   0.500000000E+04  -0.150636721E+02  -0.130309365E+02  -0.142413451E+02  -0.149649509E+02  -0.152417538E+02  -0.153591961E+02  -0.139602970E+02  -0.140126240E+02  -0.147575086E+02  -0.153036721E+02  -0.157504750E+02
   0.229982977E+07   0.500000000E+04  -0.150586661E+02  -0.130259305E+02  -0.142363391E+02  -0.149599449E+02  -0.152367478E+02  -0.153541901E+02  -0.139552910E+02  -0.140076180E+02  -0.147525026E+02  -0.152986661E+02  -0.157454690E+02
   0.240069560E+07   0.500000000E+04  -0.150479329E+02  -0.130151973E+02  -0.142256060E+02  -0.149492118E+02  -0.152260147E+02  -0.153434570E+02  -0.139445579E+02  -0.139968848E+02  -0.147417695E+02  -0.152879329E+02  -0.157347358E+02
   0.249695048E+07   0.500000000E+04  -0.150379686E+02  -0.130052330E+02  -0.142156417E+02  -0.149392474E+02  -0.152160503E+02  -0.153334926E+02  -0.139345936E+02  -0.139869205E+02  -0.147318051E+02  -0.152779686E+02  -0.157247715E+02
   0.260585403E+07   0.500000000E+04  -0.150210009E+02  -0.129882652E+02  -0.141986739E+02  -0.149222797E+02  -0.151990826E+02  -0.153165249E+02  -0.139176258E+02  -0.139699528E+02  -0.147148374E+02  -0.152610009E+02  -0.157078037E+02
   0.270319377E+07   0.500000000E+04  -0.150035603E+02  -0.129708247E+02  -0.141812334E+02  -0.149048392E+02  -0.151816421E+02  -0.152990844E+02  -0.139001853E+02  -0.139525122E+02  -0.146973969E+02  -0.152435603E+02  -0.156903632E+02
   0.281098693E+07   0.500000000E+04  -0.149872363E+02  -0.129545007E+02  -0.141649093E+02  -0.148885151E+02  -0.151653180E+02  -0.152827603E+02  -0.138838612E+02  -0.139361882E+02  -0.146810728E+02  -0.152272363E+02  -0.156740392E+02
   0.292146162E+07   0.500000000E+04  -0.149684393E+02  -0.129357037E+02  -0.141461124E+02  -0.148697181E+02  -0.151465210E+02  -0.152639633E+02  -0.138650643E+02  -0.139173912E+02  -0.146622758E+02  -0.152084393E+02  -0.156552422E+02
   0.303260351E+07   0.500000000E+04  -0.149418478E+02  -0.129091122E+02  -0.141195209E+02  -0.148431267E+02  -0.151199295E+02  -0.152373719E+02  -0.138384728E+02  -0.138907997E+02  -0.146356843E+02  -0.151818478E+02  -0.156286507E+02
   0.313866468E+07   0.500000000E+04  -0.149197496E+02  -0.128870140E+02  -0.140974227E+02  -0.148210285E+02  -0.150978314E+02  -0.152152737E+02  -0.138163746E+02  -0.138687015E+02  -0.146135862E+02  -0.151597496E+02  -0.156065525E+02
   0.323346385E+07   0.500000000E+04  -0.148974137E+02  -0.128646781E+02  -0.140750868E+02  -0.147986926E+02  -0.150754955E+02  -0.151929378E+02  -0.137940387E+02  -0.138463656E+02  -0.145912503E+02  -0.151374137E+02  -0.155842166E+02
   0.333810440E+07   0.500000000E+04  -0.148679095E+02  -0.128351739E+02  -0.140455825E+02  -0.147691883E+02  -0.150459912E+02  -0.151634335E+02  -0.137645345E+02  -0.138168614E+02  -0.145617460E+02  -0.151079095E+02  -0.155547124E+02
   0.345360799E+07   0.500000000E+04  -0.148375469E+02  -0.128048113E+02  -0.140152200E+02  -0.147388257E+02  -0.150156286E+02  -0.151330709E+02  -0.137341719E+02  -0.137864988E+02  -0.145313834E+02  -0.150775469E+02  -0.155243498E+02
   0.354844186E+07   0.500000000E+04  -0.148154707E+02  -0.127827351E+02  -0.139931438E+02  -0.147167496E+02  -0.149935524E+02  -0.151109948E+02  -0.137120957E+02  -0.137644226E+02  -0.145093072E+02  -0.150554707E+02  -0.155022736E+02
   0.365668295E+07   0.500000000E+04  -0.147805367E+02  -0.127478011E+02  -0.139582097E+02  -0.146818155E+02  -0.149586184E+02  -0.150760607E+02  -0.136771616E+02  -0.137294886E+02  -0.144743732E+02  -0.150205367E+02  -0.154673396E+02
   0.375997593E+07   0.500000000E+04  -0.147447614E+02  -0.127120258E+02  -0.139224345E+02  -0.146460403E+02  -0.149228432E+02  -0.150402855E+02  -0.136413864E+02  -0.136937133E+02  -0.144385979E+02  -0.149847614E+02  -0.154315643E+02
   0.385230084E+07   0.500000000E+04  -0.147081917E+02  -0.126754561E+02  -0.138858647E+02  -0.146094705E+02  -0.148862734E+02  -0.150037157E+02  -0.136048166E+02  -0.136571436E+02  -0.144020282E+02  -0.149481917E+02  -0.153949946E+02
   0.395421027E+07   0.500000000E+04  -0.146700034E+02  -0.126372678E+02  -0.138476765E+02  -0.145712823E+02  -0.148480852E+02  -0.149655275E+02  -0.135666284E+02  -0.136189554E+02  -0.143638400E+02  -0.149100034E+02  -0.153568063E+02
   0.406669921E+07   0.500000000E+04  -0.146211092E+02  -0.125883736E+02  -0.137987823E+02  -0.145223881E+02  -0.147991910E+02  -0.149166333E+02  -0.135177342E+02  -0.135700612E+02  -0.143149458E+02  -0.148611092E+02  -0.153079121E+02
   0.415866524E+07   0.500000000E+04  -0.145725243E+02  -0.125397887E+02  -0.137501973E+02  -0.144738031E+02  -0.147506060E+02  -0.148680483E+02  -0.134691492E+02  -0.135214762E+02  -0.142663608E+02  -0.148125243E+02  -0.152593272E+02
   0.425770258E+07   0.500000000E+04  -0.145250181E+02  -0.124922824E+02  -0.137026911E+02  -0.144262969E+02  -0.147030998E+02  -0.148205421E+02  -0.134216430E+02  -0.134739700E+02  -0.142188546E+02  -0.147650181E+02  -0.152118209E+02
   0.436435497E+07   0.500000000E+04  -0.144604023E+02  -0.124276667E+02  -0.136380754E+02  -0.143616812E+02  -0.146384841E+02  -0.147559264E+02  -0.133570273E+02  -0.134093542E+02  -0.141542388E+02  -0.147004023E+02  -0.151472052E+02
   0.447920793E+07   0.500000000E+04  -0.143833783E+02  -0.123506427E+02  -0.135610514E+02  -0.142846571E+02  -0.145614600E+02  -0.146789023E+02  -0.132800033E+02  -0.133323302E+02  -0.140772148E+02  -0.146233783E+02  -0.150701812E+02
   0.456064187E+07   0.500000000E+04  -0.143252319E+02  -0.122924963E+02  -0.135029050E+02  -0.142265108E+02  -0.145033136E+02  -0.146207560E+02  -0.132218569E+02  -0.132741838E+02  -0.140190684E+02  -0.145652319E+02  -0.150120348E+02
   0.464619840E+07   0.500000000E+04  -0.142548147E+02  -0.122220791E+02  -0.134324878E+02  -0.141560936E+02  -0.144328965E+02  -0.145503388E+02  -0.131514397E+02  -0.132037666E+02  -0.139486513E+02  -0.144948147E+02  -0.149416176E+02
   0.473608623E+07   0.500000000E+04  -0.141752599E+02  -0.121425243E+02  -0.133529329E+02  -0.140765387E+02  -0.143533416E+02  -0.144707839E+02  -0.130718848E+02  -0.131242118E+02  -0.138690964E+02  -0.144152599E+02  -0.148620628E+02
   0.483052463E+07   0.500000000E+04  -0.140792355E+02  -0.120464999E+02  -0.132569086E+02  -0.139805144E+02  -0.142573173E+02  -0.143747596E+02  -0.129758605E+02  -0.130281874E+02  -0.137730721E+02  -0.143192355E+02  -0.147660384E+02
   0.492974398E+07   0.500000000E+04  -0.139624755E+02  -0.119297398E+02  -0.131401485E+02  -0.138637543E+02  -0.141405572E+02  -0.142579995E+02  -0.128591004E+02  -0.129114274E+02  -0.136563120E+02  -0.142024755E+02  -0.146492783E+02
