  0.0000000000E+000  0.0000000000E+000
  2.2281189037E+001  9.8525756334E+033
  1.0057539216E+004  9.8519218589E+033
  2.0107177517E+004  9.8503761974E+033
  3.0200849191E+004  9.8480713668E+033
  4.0266805747E+004  9.8440363632E+033
  5.0630375944E+004  9.8391246065E+033
  6.0870550472E+004  9.8316491017E+033
  7.1140476335E+004  9.8246056957E+033
  8.1247553614E+004  9.8152863554E+033
  9.1950884834E+004  9.8046221161E+033
  1.0230546878E+005  9.7890900326E+033
  1.1290726190E+005  9.7795578737E+033
  1.2347715293E+005  9.7560449415E+033
  1.3450255575E+005  9.7416136236E+033
  1.4479776472E+005  9.7250421514E+033
  1.5502060377E+005  9.7060127776E+033
  1.6500630231E+005  9.6841605298E+033
  1.7585495080E+005  9.6398082120E+033
  1.8639111961E+005  9.6085466330E+033
  1.9629410252E+005  9.5727023783E+033
  2.0690050332E+005  9.5316023386E+033
  2.1660430898E+005  9.5316023386E+033
  2.2692500957E+005  9.4844743536E+033
  2.3791662793E+005  9.4304326107E+033
  2.4763175478E+005  9.3684608878E+033
  2.5789219007E+005  9.2973933214E+033
  2.6886939835E+005  9.2510927808E+033
  2.7814592637E+005  9.1640748199E+033
  2.8786660935E+005  9.1640748199E+033
  2.9806007417E+005  9.0644481760E+033
  3.0875714159E+005  8.9606512606E+033
  3.1999096334E+005  8.9606512606E+033
  3.2878991578E+005  8.8521279075E+033
  3.3792679708E+005  8.8521279075E+033
  3.4741851213E+005  8.7382477567E+033
  3.5739443301E+005  8.6707856164E+033
  3.6777050562E+005  8.5450323721E+033
  3.7856721445E+005  8.5450323721E+033
  3.8980621904E+005  8.4141109091E+033
  4.0151042761E+005  8.2831894461E+033
  4.1370408018E+005  8.2831894461E+033
  4.2211770469E+005  8.1522679831E+033
  4.3076820280E+005  8.1522679831E+033
  4.3971192264E+005  8.0748251612E+033
  4.4896801333E+005  7.9425667321E+033
  4.5849266662E+005  7.9425667321E+033
  4.6829537787E+005  7.8103083031E+033
  4.7838600228E+005  7.8103083031E+033
  4.8877477755E+005  7.6780498741E+033
  4.9947234784E+005  7.5457914451E+033
  5.1048978903E+005  7.5457914451E+033
  5.2183863485E+005  7.4135330160E+033
  5.3067490416E+005  7.4599216101E+033
  5.4334500095E+005  7.3263377926E+033
  5.5370351599E+005  7.1927539752E+033
  5.6485850373E+005  7.1927539752E+033
  5.7687120546E+005  7.1927539752E+033
  5.8538854449E+005  7.0591701578E+033
  5.9433707382E+005  7.0591701578E+033
  6.0373862244E+005  6.9255863403E+033
  6.1361612446E+005  6.9558824068E+033
  6.2399367502E+005  6.8213212969E+033
  6.3489658908E+005  6.8213212969E+033
  6.4635146316E+005  6.8213212969E+033
  6.5838624024E+005  6.6867601870E+033
  6.7103027792E+005  6.6867601870E+033
  6.8431442000E+005  6.5521990771E+033
  6.9120659371E+005  6.5521990771E+033
  6.9827107177E+005  6.5521990771E+033
  7.0551216178E+005  6.4479023672E+033
  7.1293427904E+005  6.4479023672E+033
  7.2054194923E+005  6.4479023672E+033
  7.2833981117E+005  6.4479023672E+033
  7.3633261967E+005  6.4479023672E+033
  7.4452524837E+005  6.3122203536E+033
  7.5292269280E+005  6.3122203536E+033
  7.6153007333E+005  6.3122203536E+033
  7.7035263838E+005  6.3122203536E+033
  7.7939576756E+005  6.3122203536E+033
  7.8866497496E+005  6.1765383400E+033
  7.9104020936E+005  6.2063746102E+033
  8.0114998725E+005  6.2063746102E+033
  8.1230929042E+005  6.2063746102E+033
  8.2143264690E+005  6.0694991458E+033
  8.3125750397E+005  6.0694991458E+033
  8.4183780044E+005  6.0694991458E+033
  8.5323162252E+005  6.0694991458E+033
  8.6550152270E+005  5.9326236814E+033
  8.7420122258E+005  5.9326236814E+033
  9.2404184011E+005  5.8213394316E+033
  9.7803484183E+005  5.5633149055E+033
  1.0297762459E+006  5.4243735602E+033
  1.0886264536E+006  5.1650248879E+033
  1.1443503684E+006  5.0249933063E+033
  1.1969180656E+006  4.7583278149E+033
  1.2514705632E+006  4.6265730030E+033
  1.3031250747E+006  4.3431753102E+033
  1.3550915454E+006  4.0678284634E+033
  1.4046824359E+006  3.9252350785E+033
  1.4607899767E+006  3.6434424881E+033
  1.5109397917E+006  3.3571243254E+033
  1.5662958040E+006  3.2162193696E+033
  1.6115524501E+006  2.7844880000E+033
  1.6602889080E+006  2.7844880000E+033
  1.7051370733E+006  2.7844880000E+033
  1.7558786557E+006  2.7844880000E+033
  1.8646015751E+006  2.7844880000E+033
  1.9837625396E+006  2.7844880000E+033
  2.0833067310E+006  2.7844880000E+033
  2.1995694496E+006  2.7844880000E+033
  2.3156203141E+006  2.7844880000E+033
  2.4190077879E+006  2.7844880000E+033
  2.5176690368E+006  2.7844880000E+033
  2.6292951840E+006  2.7844880000E+033
  2.7290684152E+006  2.7844880000E+033
  2.8256243235E+006  2.7844880000E+033
  2.9388608808E+006  2.7844880000E+033
  3.0527813122E+006  2.7844880000E+033
  3.1614940180E+006  2.7844880000E+033
  3.2586631688E+006  2.7844880000E+033
  3.3659197300E+006  2.7844880000E+033
  3.4843109048E+006  2.7844880000E+033
  3.5653870027E+006  2.7844880000E+033
  3.6763341119E+006  2.7844880000E+033
  3.7822094171E+006  2.7844880000E+033
  3.8768424539E+006  2.7844880000E+033
  3.9812996199E+006  2.7844880000E+033
  4.0966007861E+006  2.7844880000E+033
  4.1908659591E+006  2.7844880000E+033
  4.2923792402E+006  2.7844880000E+033
  4.4016979409E+006  2.7844880000E+033
  4.5194222248E+006  2.7844880000E+033
  4.6028920105E+006  2.7844880000E+033
  4.6905874542E+006  2.7844880000E+033
  4.7827224797E+006  2.7844880000E+033
  4.8795218408E+006  2.7844880000E+033
  4.9812216696E+006  2.7844880000E+033
  5.0000000000E+006  2.7844880000E+033
