  0.0000000000E+000  0.0000000000E+000
  2.2281189037E+001  1.3488964265E+042
  1.0057539216E+004  1.3488964265E+042
  2.0107177517E+004  1.3488964265E+042
  3.0200849191E+004  1.3488964265E+042
  4.0266805747E+004  1.3488964265E+042
  5.0630375944E+004  1.3488964265E+042
  6.0870550472E+004  1.3488964265E+042
  7.1140476335E+004  1.3488964265E+042
  8.1247553614E+004  1.3488964265E+042
  9.1950884834E+004  2.1683640416E+042
  1.0230546878E+005  2.1683640416E+042
  1.1290726190E+005  2.1683640416E+042
  1.2347715293E+005  2.1683640416E+042
  1.3450255575E+005  2.1683640416E+042
  1.4479776472E+005  2.1683640416E+042
  1.5502060377E+005  2.1683640416E+042
  1.6500630231E+005  2.1683640416E+042
  1.7585495080E+005  1.9799338732E+042
  1.8639111961E+005  1.9799338732E+042
  1.9629410252E+005  1.9799338732E+042
  2.0690050332E+005  1.9799338732E+042
  2.1660430898E+005  1.9799338732E+042
  2.2692500957E+005  1.9799338732E+042
  2.3791662793E+005  1.9799338732E+042
  2.4763175478E+005  1.9799338732E+042
  2.5789219007E+005  1.9799338732E+042
  2.6886939835E+005  1.8030619471E+042
  2.7814592637E+005  1.8030619471E+042
  2.8786660935E+005  1.8030619471E+042
  2.9806007417E+005  1.8030619471E+042
  3.0875714159E+005  1.8030619471E+042
  3.1999096334E+005  1.8030619471E+042
  3.2878991578E+005  1.8030619471E+042
  3.3792679708E+005  1.8030619471E+042
  3.4741851213E+005  1.8030620119E+042
  3.5739443301E+005  1.6639611678E+042
  3.6777050562E+005  1.6639611678E+042
  3.7856721445E+005  1.6639611678E+042
  3.8980621904E+005  1.6639611678E+042
  4.0151042761E+005  1.6639611678E+042
  4.1370408018E+005  1.6639611678E+042
  4.2211770469E+005  1.6639611678E+042
  4.3076820280E+005  1.6639611678E+042
  4.3971192264E+005  1.5006009542E+042
  4.4896801333E+005  1.5006009542E+042
  4.5849266662E+005  1.5006009542E+042
  4.6829537787E+005  1.5006009542E+042
  4.7838600228E+005  1.5006009542E+042
  4.8877477755E+005  1.5006009542E+042
  4.9947234784E+005  1.5006009542E+042
  5.1048978903E+005  1.5006009542E+042
  5.2183863485E+005  1.5006010115E+042
  5.3067490416E+005  1.3963826534E+042
  5.4334500095E+005  1.3963826534E+042
  5.5370351599E+005  1.3963826534E+042
  5.6485850373E+005  1.3963826534E+042
  5.7687120546E+005  1.3963826534E+042
  5.8538854449E+005  1.3963826534E+042
  5.9433707382E+005  1.3963826534E+042
  6.0373862244E+005  1.3963826534E+042
  6.1361612446E+005  1.2843113700E+042
  6.2399367502E+005  1.2843113700E+042
  6.3489658908E+005  1.2843113700E+042
  6.4635146316E+005  1.2843113700E+042
  6.5838624024E+005  1.2843113700E+042
  6.7103027792E+005  1.2843113700E+042
  6.8431442000E+005  1.2843113700E+042
  6.9120659371E+005  1.2843113700E+042
  6.9827107177E+005  1.2843114309E+042
  7.0551216178E+005  1.1868004258E+042
  7.1293427904E+005  1.1868004258E+042
  7.2054194923E+005  1.1868004258E+042
  7.2833981117E+005  1.1868004258E+042
  7.3633261967E+005  1.1868004258E+042
  7.4452524837E+005  1.1868004258E+042
  7.5292269280E+005  1.1868004258E+042
  7.6153007333E+005  1.1868004258E+042
  7.7035263838E+005  1.1868004258E+042
  7.7939576756E+005  1.1868004258E+042
  7.8866497496E+005  1.1868004914E+042
  7.9104020936E+005  1.0899724356E+042
  8.0114998725E+005  1.0899724356E+042
  8.1230929042E+005  1.0899724356E+042
  8.2143264690E+005  1.0899724356E+042
  8.3125750397E+005  1.0899724356E+042
  8.4183780044E+005  1.0899724356E+042
  8.5323162252E+005  1.0899724356E+042
  8.6550152270E+005  1.0899724356E+042
  8.7420122258E+005  1.0899724356E+042
  9.2404184011E+005  1.0107999085E+042
  9.7803484183E+005  9.4108281588E+041
  1.0297762459E+006  9.4108281588E+041
  1.0886264536E+006  8.7331045385E+041
  1.1443503684E+006  8.7331045385E+041
  1.1969180656E+006  8.1632224936E+041
  1.2514705632E+006  7.6505118666E+041
  1.3031250747E+006  7.6505118666E+041
  1.3550915454E+006  7.1527103579E+041
  1.4046824359E+006  7.1527103579E+041
  1.4607899767E+006  6.7696903102E+041
  1.5109397917E+006  6.7696903102E+041
  1.5662958040E+006  6.3307388138E+041
  1.6115524501E+006  6.3307404000E+041
  1.6602889080E+006  6.0328497767E+041
  1.7051370733E+006  6.0328515537E+041
  1.7558786557E+006  5.7143806563E+041
  1.8646015751E+006  5.3939417388E+041
  1.9837625396E+006  5.2343568388E+041
  2.0833067310E+006  4.7922687035E+041
  2.1995694496E+006  4.6248941980E+041
  2.3156203141E+006  4.4574948296E+041
  2.4190077879E+006  4.3019431976E+041
  2.5176690368E+006  4.1724615328E+041
  2.6292951840E+006  4.0236381685E+041
  2.7290684152E+006  3.9154132393E+041
  2.8256243235E+006  3.8038145176E+041
  2.9388608808E+006  3.6103868734E+041
  3.0527813122E+006  3.5327599030E+041
  3.1614940180E+006  3.4530256241E+041
  3.2586631688E+006  3.3581609753E+041
  3.3659197300E+006  3.2786554885E+041
  3.4843109048E+006  3.2238989302E+041
  3.5653870027E+006  3.1561676343E+041
  3.6763341119E+006  3.0954566331E+041
  3.7822094171E+006  3.0547843088E+041
  3.8768424539E+006  3.0030529411E+041
  3.9812996199E+006  2.9657942431E+041
  4.0966007861E+006  2.9103311046E+041
  4.1908659591E+006  2.8625162256E+041
  4.2923792402E+006  2.8120373855E+041
  4.4016979409E+006  2.7853894037E+041
  4.5194222248E+006  2.7268028813E+041
  4.6028920105E+006  2.6859490986E+041
  4.6905874542E+006  2.6249750906E+041
  4.7827224797E+006  2.6106535241E+041
  4.8795218408E+006  2.5551093266E+041
  4.9812216696E+006  2.5289767361E+041
  5.0000000000E+006  2.5289767361E+041
