 0007   0.101598E+00   0.296211E+09   0.291551E+10   0.130007E+10   0.911565E+14
 0008   0.136639E+00   0.360081E+09   0.182276E+10   0.125508E+10   0.682832E+14
 0009   0.174909E+00   0.429845E+09   0.182292E+10   0.121372E+10   0.524898E+14
 0010   0.218437E+00   0.505534E+09   0.173883E+10   0.116702E+10   0.412389E+14
 0011   0.266145E+00   0.584364E+09   0.165237E+10   0.112711E+10   0.329506E+14
 0012   0.316363E+00   0.665351E+09   0.161272E+10   0.109409E+10   0.266579E+14
 0013   0.366884E+00   0.747189E+09   0.161986E+10   0.107233E+10   0.217627E+14
 0014   0.425473E+00   0.834812E+09   0.149556E+10   0.104343E+10   0.178731E+14
 0015   0.493418E+00   0.927826E+09   0.136896E+10   0.101294E+10   0.147314E+14
 0016   0.556512E+00   0.101851E+10   0.143724E+10   0.999855E+09   0.121600E+14
 0017   0.636955E+00   0.111954E+10   0.125599E+10   0.973029E+09   0.100295E+14
 0018   0.706977E+00   0.121614E+10   0.137948E+10   0.966527E+09   0.824753E+13
 0019   0.794358E+00   0.132366E+10   0.123051E+10   0.949843E+09   0.674570E+13
 0020   0.886242E+00   0.143629E+10   0.122581E+10   0.935928E+09   0.547162E+13
 0021   0.984289E+00   0.155509E+10   0.121167E+10   0.923559E+09   0.438523E+13
 0022   0.108996E+01   0.168081E+10   0.118978E+10   0.914150E+09   0.345583E+13
 0023   0.120376E+01   0.181465E+10   0.117606E+10   0.907829E+09   0.265890E+13
 0024   0.132572E+01   0.195788E+10   0.117438E+10   0.907632E+09   0.197477E+13
 0025   0.145647E+01   0.211376E+10   0.119218E+10   0.907782E+09   0.138730E+13
 0026   0.162014E+01   0.229332E+10   0.109707E+10   0.906613E+09   0.102973E+13
 0027   0.179817E+01   0.249477E+10   0.113162E+10   0.920301E+09   0.844548E+12
 0028   0.199456E+01   0.273228E+10   0.120935E+10   0.953572E+09   0.680975E+12
 0029   0.225206E+01   0.304946E+10   0.123174E+10   0.101504E+10   0.540519E+12
 0030   0.263242E+01   0.354040E+10   0.129072E+10   0.102783E+10   0.425470E+12
 0031   0.305521E+01   0.414189E+10   0.142269E+10   0.106288E+10   0.335938E+12
 0032   0.376075E+01   0.502460E+10   0.125111E+10   0.100134E+10   0.269466E+12
 0033   0.442105E+01   0.586181E+10   0.126793E+10   0.969429E+09   0.220027E+12
 0034   0.521069E+01   0.674484E+10   0.111827E+10   0.937394E+09   0.182033E+12
 0035   0.602445E+01   0.763241E+10   0.109070E+10   0.914848E+09   0.152082E+12
 0036   0.692883E+01   0.856207E+10   0.102796E+10   0.892274E+09   0.127968E+12
 0037   0.789973E+01   0.953056E+10   0.997505E+09   0.871596E+09   0.108212E+12
 0038   0.883054E+01   0.104882E+11   0.102879E+10   0.861663E+09   0.917860E+11
 0039   0.995763E+01   0.115414E+11   0.934486E+09   0.842282E+09   0.779742E+11
 0040   0.110137E+02   0.125754E+11   0.979117E+09   0.836429E+09   0.662799E+11
 0041   0.122910E+02   0.137225E+11   0.898031E+09   0.819319E+09   0.562962E+11
 0042   0.134713E+02   0.148426E+11   0.949021E+09   0.816335E+09   0.477029E+11
 0043   0.148920E+02   0.160869E+11   0.875801E+09   0.806546E+09   0.402682E+11
 0044   0.163944E+02   0.174011E+11   0.874732E+09   0.799676E+09   0.338122E+11
 0045   0.179962E+02   0.187996E+11   0.873108E+09   0.795805E+09   0.281992E+11
 0046   0.197080E+02   0.203009E+11   0.877008E+09   0.794187E+09   0.233195E+11
 0047   0.215540E+02   0.219235E+11   0.878995E+09   0.795043E+09   0.190778E+11
 0048   0.235387E+02   0.236884E+11   0.889236E+09   0.800786E+09   0.153624E+11
 0049   0.259698E+02   0.257491E+11   0.847683E+09   0.801097E+09   0.122204E+11
 0050   0.283542E+02   0.279523E+11   0.923989E+09   0.814904E+09   0.948993E+10
 0051   0.316359E+02   0.307322E+11   0.847089E+09   0.805651E+09   0.716363E+10
 0052   0.345759E+02   0.333408E+11   0.887280E+09   0.812080E+09   0.543903E+10
 0053   0.374222E+02   0.359030E+11   0.900179E+09   0.827544E+09   0.414547E+10
 0054   0.408724E+02   0.387023E+11   0.811352E+09   0.834515E+09   0.316672E+10
 0055   0.438360E+02   0.413826E+11   0.904395E+09   0.855745E+09   0.242129E+10
 0056   0.471725E+02   0.442869E+11   0.870467E+09   0.871911E+09   0.184994E+10
 0057   0.505232E+02   0.473007E+11   0.899454E+09   0.893983E+09   0.140988E+10
 0058   0.538891E+02   0.504742E+11   0.942818E+09   0.926582E+09   0.107005E+10
 0059   0.577357E+02   0.541064E+11   0.944272E+09   0.960780E+09   0.808917E+09
 0060   0.617861E+02   0.582164E+11   0.101472E+10   0.997140E+09   0.610528E+09
 0061   0.661819E+02   0.628930E+11   0.106389E+10   0.103021E+10   0.460995E+09
 0062   0.709481E+02   0.681187E+11   0.109639E+10   0.105275E+10   0.349043E+09
 0063   0.761569E+02   0.737836E+11   0.108756E+10   0.106446E+10   0.265732E+09
 0064   0.812021E+02   0.794659E+11   0.112629E+10   0.108436E+10   0.203554E+09
 0065   0.864815E+02   0.853747E+11   0.111921E+10   0.110421E+10   0.156750E+09
 0066   0.918029E+02   0.914388E+11   0.113957E+10   0.112808E+10   0.121237E+09
 0067   0.970842E+02   0.976713E+11   0.118011E+10   0.115787E+10   0.940894E+08
 0068   0.102991E+03   0.104473E+12   0.115153E+10   0.117823E+10   0.732116E+08
 0069   0.108952E+03   0.111571E+12   0.119073E+10   0.119772E+10   0.570698E+08
 0070   0.114408E+03   0.118609E+12   0.128993E+10   0.123473E+10   0.445044E+08
 0071   0.120713E+03   0.126449E+12   0.124344E+10   0.125839E+10   0.346792E+08
 0072   0.126460E+03   0.134272E+12   0.136130E+10   0.130385E+10   0.269807E+08
 0073   0.133106E+03   0.143106E+12   0.132932E+10   0.133622E+10   0.209472E+08
 0074   0.139231E+03   0.152091E+12   0.146690E+10   0.139490E+10   0.162228E+08
 0075   0.146417E+03   0.162492E+12   0.144738E+10   0.144425E+10   0.125292E+08
 0076   0.153926E+03   0.173972E+12   0.152863E+10   0.150378E+10   0.964183E+07
 0077   0.162805E+03   0.187511E+12   0.152490E+10   0.155920E+10   0.738680E+07
 0078   0.171324E+03   0.202312E+12   0.173740E+10   0.162565E+10   0.563784E+07
 0079   0.181744E+03   0.219920E+12   0.168988E+10   0.166286E+10   0.428244E+07
 0080   0.192207E+03   0.238680E+12   0.179297E+10   0.170818E+10   0.323028E+07
 0081   0.203750E+03   0.259301E+12   0.178644E+10   0.172759E+10   0.242963E+07
 0082   0.214822E+03   0.279815E+12   0.185274E+10   0.176742E+10   0.183320E+07
 0083   0.227851E+03   0.302443E+12   0.173671E+10   0.176657E+10   0.139086E+07
 0084   0.239533E+03   0.323799E+12   0.182826E+10   0.180606E+10   0.106248E+07
 0085   0.251154E+03   0.345764E+12   0.189006E+10   0.184539E+10   0.816611E+06
 0086   0.262536E+03   0.368061E+12   0.195897E+10   0.191324E+10   0.629915E+06
 0087   0.275234E+03   0.393000E+12   0.196393E+10   0.196262E+10   0.487619E+06
 0088   0.288181E+03   0.419497E+12   0.204658E+10   0.202143E+10   0.379514E+06
 0089   0.301741E+03   0.448262E+12   0.212140E+10   0.208703E+10   0.297738E+06
 0090   0.316000E+03   0.479746E+12   0.220794E+10   0.216109E+10   0.236136E+06
 0091   0.331168E+03   0.514708E+12   0.230509E+10   0.225475E+10   0.189917E+06
 0092   0.347432E+03   0.554633E+12   0.245478E+10   0.237110E+10   0.155078E+06
 0093   0.367105E+03   0.603657E+12   0.249194E+10   0.247398E+10   0.128577E+06
 0094   0.389208E+03   0.661839E+12   0.263228E+10   0.253680E+10   0.107391E+06
 0095   0.411512E+03   0.724316E+12   0.280113E+10   0.260654E+10   0.884451E+05
 0096   0.435783E+03   0.792340E+12   0.280267E+10   0.270390E+10   0.698778E+05
 0097   0.463927E+03   0.871105E+12   0.279865E+10   0.283536E+10   0.501470E+05
 0098   0.492892E+03   0.963228E+12   0.318052E+10   0.306936E+10   0.268477E+05
 0099   0.528459E+03   0.108943E+13   0.354832E+10   0.362692E+10   0.918351E+04
