   0.000000000E+00  -2.096069546E+51   1.219185881E+51   3.954042005E+48  -8.729296230E+50   0.000000000E+00
   2.206998862E+01  -1.734913583E+50   5.429491721E+50   7.473546121E+50   1.116812426E+51   1.989742049E+51
   1.004478118E+04  -6.476479017E+47   1.897540152E+48   1.122009611E+51   1.123259503E+51   1.996189126E+51
   2.008852446E+04  -3.241833370E+47   9.119032261E+47   1.122674070E+51   1.123261789E+51   1.996191412E+51
   3.011485892E+04  -2.163716567E+47   6.038341094E+47   1.122879178E+51   1.123266640E+51   1.996196263E+51
   4.019407335E+04  -1.621389803E+47   4.573238846E+47   1.122979900E+51   1.123275085E+51   1.996204708E+51
   5.034032975E+04  -1.294530837E+47   3.737755357E+47   1.123040978E+51   1.123285300E+51   1.996214923E+51
   6.053095003E+04  -1.076450500E+47   3.214106044E+47   1.123082739E+51   1.123296504E+51   1.996226127E+51
   7.075116407E+04  -9.208031749E+46   2.867094898E+47   1.123113728E+51   1.123308357E+51   1.996237980E+51
   8.081157256E+04  -8.060324821E+46   2.633044196E+47   1.123137801E+51   1.123320502E+51   1.996250125E+51
   9.146028859E+04  -7.119051455E+46   2.501935136E+47   1.123812014E+51   1.123991017E+51   1.996920640E+51
   1.017740626E+05  -6.396509126E+46   2.461763708E+47   1.123830789E+51   1.124013000E+51   1.996942623E+51
   1.123391221E+05  -5.793900389E+46   2.448436439E+47   1.123849025E+51   1.124035930E+51   1.996965553E+51
   1.228793996E+05  -5.295949992E+46   2.454848693E+47   1.123866571E+51   1.124059096E+51   1.996988719E+51
   1.329950554E+05  -4.892703166E+46   2.474806585E+47   1.123882953E+51   1.124081506E+51   1.997011130E+51
   1.431855623E+05  -4.544118649E+46   2.505790145E+47   1.123899078E+51   1.124104216E+51   1.997033839E+51
   1.533000647E+05  -4.243957486E+46   2.545542007E+47   1.123914741E+51   1.124126855E+51   1.997056478E+51
   1.631737310E+05  -3.986827727E+46   2.591766456E+47   1.123929719E+51   1.124149027E+51   1.997078650E+51
   1.738590488E+05  -3.740680190E+46   2.646469678E+47   1.124573028E+51   1.124800268E+51   1.997729891E+51
   1.842498870E+05  -3.529383779E+46   2.689739219E+47   1.124588114E+51   1.124821794E+51   1.997751417E+51
   1.940062951E+05  -3.351577789E+46   2.736156566E+47   1.124601928E+51   1.124842027E+51   1.997771651E+51
   2.044476708E+05  -3.180073300E+46   2.791223309E+47   1.124616375E+51   1.124863697E+51   1.997793320E+51
   2.139964122E+05  -3.037870815E+46   2.845831567E+47   1.124629316E+51   1.124883520E+51   1.997813143E+51
   2.241514899E+05  -2.899923283E+46   2.907801894E+47   1.124642826E+51   1.124904607E+51   1.997834230E+51
   2.349697722E+05  -2.766076368E+46   2.977687366E+47   1.124656963E+51   1.124927071E+51   1.997856694E+51
   2.445371971E+05  -2.657568929E+46   3.042408990E+47   1.124669270E+51   1.124946935E+51   1.997876559E+51
   2.546496627E+05  -2.551740811E+46   3.113433164E+47   1.124682102E+51   1.124967928E+51   1.997897551E+51
   2.654110264E+05  -2.447416780E+46   3.179312885E+47   1.125341042E+51   1.125634499E+51   1.998564122E+51
   2.745595147E+05  -2.365618070E+46   3.231305592E+47   1.125352302E+51   1.125651776E+51   1.998581399E+51
   2.841550794E+05  -2.285483862E+46   3.288033771E+47   1.125363929E+51   1.125669877E+51   1.998599500E+51
   2.942268598E+05  -2.206998680E+46   3.349737576E+47   1.125375951E+51   1.125688855E+51   1.998618478E+51
   3.048058240E+05  -2.130151019E+46   3.416673337E+47   1.125388399E+51   1.125708765E+51   1.998638388E+51
   3.159249561E+05  -2.054932339E+46   3.489107004E+47   1.125401305E+51   1.125729666E+51   1.998659290E+51
   3.246398805E+05  -1.999583409E+46   3.547209007E+47   1.125411305E+51   1.125746030E+51   1.998675653E+51
   3.336941508E+05  -1.945144934E+46   3.608688943E+47   1.125421595E+51   1.125763013E+51   1.998692636E+51
   3.431043471E+05  -1.891615008E+46   3.673681631E+47   1.125432192E+51   1.125780644E+51   1.998710267E+51
   3.529216109E+05  -1.838449197E+46   3.732250367E+47   1.126093437E+51   1.126448277E+51   1.999377901E+51
   3.632033593E+05  -1.786225029E+46   3.790118859E+47   1.126104768E+51   1.126465918E+51   1.999395541E+51
   3.739048129E+05  -1.734923309E+46   3.851869329E+47   1.126116409E+51   1.126484247E+51   1.999413870E+51
   3.850473544E+05  -1.684541280E+46   3.917657463E+47   1.126128377E+51   1.126503298E+51   1.999432921E+51
   3.966536424E+05  -1.635076067E+46   3.987658914E+47   1.126140692E+51   1.126523107E+51   1.999452730E+51
   4.087476897E+05  -1.586524696E+46   4.062062222E+47   1.126153373E+51   1.126543714E+51   1.999473337E+51
   4.170938710E+05  -1.554663304E+46   4.114207313E+47   1.126162041E+51   1.126557916E+51   1.999487539E+51
   4.256760265E+05  -1.523205794E+46   4.168457777E+47   1.126170888E+51   1.126572502E+51   1.999502125E+51
   4.345023816E+05  -1.492151236E+46   4.224877025E+47   1.126179919E+51   1.126587486E+51   1.999517109E+51
   4.436286627E+05  -1.461038441E+46   4.269716040E+47   1.126938253E+51   1.127350614E+51   2.000280237E+51
   4.530676728E+05  -1.430487405E+46   4.317317145E+47   1.126947737E+51   1.127365164E+51   2.000294787E+51
   4.627830520E+05  -1.400345224E+46   4.367243554E+47   1.126957396E+51   1.127380117E+51   2.000309740E+51
   4.727847598E+05  -1.370610680E+46   4.419556911E+47   1.126967236E+51   1.127395486E+51   2.000325109E+51
   4.830831601E+05  -1.341282555E+46   4.474330665E+47   1.126977265E+51   1.127411285E+51   2.000340908E+51
   4.936890389E+05  -1.312369287E+46   4.531624119E+47   1.126987489E+51   1.127427527E+51   2.000357150E+51
   5.046014433E+05  -1.283905341E+46   4.591439157E+47   1.126997902E+51   1.127444207E+51   2.000373830E+51
   5.158241071E+05  -1.255889829E+46   4.653842127E+47   1.127008508E+51   1.127461334E+51   2.000390957E+51
   5.273674761E+05  -1.228055453E+46   4.711884063E+47   1.127871547E+51   1.128330454E+51   2.001260078E+51
   5.393988726E+05  -1.200516338E+46   4.767085100E+47   1.127882700E+51   1.128347403E+51   2.001277026E+51
   5.518113615E+05  -1.173432792E+46   4.825105684E+47   1.127894050E+51   1.128364826E+51   2.001294449E+51
   5.645876436E+05  -1.146800654E+46   4.886007158E+47   1.127905593E+51   1.128382725E+51   2.001312349E+51
   5.777403478E+05  -1.120615805E+46   4.949860064E+47   1.127917339E+51   1.128401118E+51   2.001330741E+51
   5.844619343E+05  -1.107689831E+46   4.982918976E+47   1.127923291E+51   1.128410506E+51   2.001340129E+51
   5.912825797E+05  -1.094874143E+46   5.016747060E+47   1.127929297E+51   1.128420023E+51   2.001349646E+51
   5.982040005E+05  -1.082168230E+46   5.051355232E+47   1.127935359E+51   1.128429673E+51   2.001359296E+51
   6.052279465E+05  -1.069571580E+46   5.086754550E+47   1.127941479E+51   1.128439458E+51   2.001369081E+51
   6.123562008E+05  -1.057083682E+46   5.122955914E+47   1.127947656E+51   1.128449381E+51   2.001379004E+51
   6.195905807E+05  -1.044496077E+46   5.150789499E+47   1.128837926E+51   1.129342560E+51   2.002272183E+51
   6.270058202E+05  -1.032092976E+46   5.179967288E+47   1.128844282E+51   1.129351957E+51   2.002281580E+51
   6.345410651E+05  -1.019799977E+46   5.209973148E+47   1.128850692E+51   1.129361491E+51   2.002291114E+51
   6.421902490E+05  -1.007616565E+46   5.240815920E+47   1.128857155E+51   1.129371161E+51   2.002300784E+51
   6.499553664E+05  -9.955422212E+45   5.272503056E+47   1.128863673E+51   1.129380967E+51   2.002310590E+51
   6.578384518E+05  -9.835764252E+45   5.305042467E+47   1.128870245E+51   1.129390914E+51   2.002320537E+51
   6.658415793E+05  -9.717186561E+45   5.338444154E+47   1.128876874E+51   1.129401001E+51   2.002330624E+51
   6.739668620E+05  -9.599683935E+45   5.372719547E+47   1.128883561E+51   1.129411233E+51   2.002340856E+51
   6.822164528E+05  -9.483251184E+45   5.407880752E+47   1.128890307E+51   1.129421612E+51   2.002351235E+51
   6.905925444E+05  -9.367883129E+45   5.443939640E+47   1.128897114E+51   1.129432140E+51   2.002361763E+51
   6.990973697E+05  -9.253574605E+45   5.480908212E+47   1.128903982E+51   1.129442819E+51   2.002372442E+51
   7.077332023E+05  -9.138442966E+45   5.510206435E+47   1.130046732E+51   1.130588614E+51   2.003518237E+51
   7.165849307E+05  -9.024663310E+45   5.541347520E+47   1.130053805E+51   1.130598915E+51   2.003528538E+51
   7.256192550E+05  -8.911965505E+45   5.573444042E+47   1.130060950E+51   1.130609383E+51   2.003539006E+51
   7.347950381E+05  -8.800344093E+45   5.606497295E+47   1.130068153E+51   1.130620003E+51   2.003549626E+51
   7.441147913E+05  -8.689793497E+45   5.640511618E+47   1.130075415E+51   1.130630776E+51   2.003560399E+51
   7.535810825E+05  -8.580308081E+45   5.675496226E+47   1.130082737E+51   1.130641706E+51   2.003571329E+51
   7.631965319E+05  -8.471882170E+45   5.711462400E+47   1.130090120E+51   1.130652795E+51   2.003582418E+51
   7.729638128E+05  -8.364510048E+45   5.748423372E+47   1.130097567E+51   1.130664045E+51   2.003593668E+51
   7.828856523E+05  -8.258185955E+45   5.786391494E+47   1.130105078E+51   1.130675459E+51   2.003605082E+51
   7.929648330E+05  -8.152904088E+45   5.825379174E+47   1.130112656E+51   1.130687041E+51   2.003616664E+51
   8.032041949E+05  -8.047053119E+45   5.855706196E+47   1.131378642E+51   1.131956165E+51   2.004885788E+51
   8.136995407E+05  -7.942501183E+45   5.887988312E+47   1.131386433E+51   1.131967289E+51   2.004896912E+51
   8.136995407E+05  -7.994435407E+45   5.871773020E+47   1.131384465E+51   1.131963648E+51   2.004893271E+51
   8.245440041E+05  -7.887387270E+45   5.905568205E+47   1.131392480E+51   1.131975150E+51   2.004904773E+51
   8.359374684E+05  -7.777964492E+45   5.941664554E+47   1.131400827E+51   1.131987216E+51   2.004916839E+51
   8.479077268E+05  -7.666224984E+45   5.980192305E+47   1.131409519E+51   1.131999872E+51   2.004929495E+51
   8.604839795E+05  -7.552234901E+45   6.021294915E+47   1.131418568E+51   1.132013146E+51   2.004942769E+51
   8.736969051E+05  -7.436068686E+45   6.065128355E+47   1.131427991E+51   1.132027067E+51   2.004956690E+51
   9.254362342E+05  -7.013079548E+45   6.210065005E+47   1.132748136E+51   1.133362130E+51   2.006291753E+51
   9.774880347E+05  -6.633913111E+45   6.354081653E+47   1.132783142E+51   1.133411916E+51   2.006341539E+51
   1.028334323E+06  -6.330932982E+45   6.453004326E+47   1.134265999E+51   1.134904969E+51   2.007834592E+51
   1.085642044E+06  -5.990228827E+45   6.575791273E+47   1.135861261E+51   1.136512850E+51   2.009442473E+51
   1.139905414E+06  -5.700067782E+45   6.672467162E+47   1.135894056E+51   1.136555602E+51   2.009485225E+51
   1.194496498E+06  -5.434847756E+45   6.756350224E+47   1.137564277E+51   1.138234477E+51   2.011164100E+51
   1.246592022E+06  -5.204070743E+45   6.833849234E+47   1.137593626E+51   1.138271807E+51   2.011201430E+51
   1.293155832E+06  -5.013519024E+45   6.883531562E+47   1.139363788E+51   1.140047127E+51   2.012976751E+51
   1.344553566E+06  -4.818740794E+45   6.936435703E+47   1.141246601E+51   1.141935425E+51   2.014865048E+51
   1.402942927E+06  -4.638221777E+45   6.975936572E+47   1.141274722E+51   1.141967678E+51   2.014897301E+51
   1.454812447E+06  -4.469572329E+45   7.008262028E+47   1.143362416E+51   1.144058773E+51   2.016988396E+51
   1.504310818E+06  -4.319843491E+45   7.032741580E+47   1.143386168E+51   1.144085122E+51   2.017014745E+51
   1.560313683E+06  -4.161950125E+45   7.048769668E+47   1.145861682E+51   1.146562397E+51   2.019492020E+51
   1.610369936E+06  -4.030391622E+45   7.062820895E+47   1.145884195E+51   1.146586447E+51   2.019516070E+51
   1.665622674E+06  -3.894357764E+45   7.058977553E+47   1.148630239E+51   1.149332243E+51   2.022261866E+51
   1.710794887E+06  -3.789738886E+45   7.053640539E+47   1.151410840E+51   1.152112415E+51   2.025042038E+51
   1.759440420E+06  -3.683331617E+45   7.041397962E+47   1.151430816E+51   1.152131272E+51   2.025060895E+51
   1.868240243E+06  -3.465593646E+45   6.998137936E+47   1.154626544E+51   1.155322892E+51   2.028252515E+51
   1.972066423E+06  -3.280496577E+45   6.935689508E+47   1.158180342E+51   1.158870630E+51   2.031800253E+51
   2.064867919E+06  -3.131039842E+45   6.861960026E+47   1.162014768E+51   1.162697833E+51   2.035627456E+51
   2.167303406E+06  -2.981106086E+45   6.768967379E+47   1.166266688E+51   1.166940604E+51   2.039870227E+51
   2.281839383E+06  -2.847213783E+45   6.667246302E+47   1.170949351E+51   1.171613228E+51   2.044542851E+51
   2.382693778E+06  -2.724501894E+45   6.556433485E+47   1.175926745E+51   1.176579664E+51   2.049509287E+51
   2.478937745E+06  -2.616932471E+45   6.441486380E+47   1.181289304E+51   1.181930836E+51   2.054860459E+51
   2.587828959E+06  -2.504997805E+45   6.312788795E+47   1.193177661E+51   1.193806435E+51   2.066736058E+51
   2.685157663E+06  -2.412757178E+45   6.194838573E+47   1.198630207E+51   1.199247279E+51   2.072176902E+51
   2.792590341E+06  -2.318646944E+45   6.063434217E+47   1.205690192E+51   1.206294217E+51   2.079223840E+51
   2.911175917E+06  -2.222906878E+45   5.919835969E+47   1.213486978E+51   1.214076739E+51   2.087006362E+51
   3.008126278E+06  -2.150327462E+45   5.803464537E+47   1.220822362E+51   1.221400559E+51   2.094330182E+51
   3.112531214E+06  -2.077291180E+45   5.678489107E+47   1.229781358E+51   1.230347130E+51   2.103276753E+51
   3.222964852E+06  -2.006501612E+45   5.551634613E+47   1.239513664E+51   1.240066821E+51   2.112996444E+51
   3.335600063E+06  -1.939096018E+45   5.425748884E+47   1.249718305E+51   1.250258941E+51   2.123188564E+51
   3.450634298E+06  -1.874839852E+45   5.300407524E+47   1.260597888E+51   1.261126054E+51   2.134055677E+51
   3.568233513E+06  -1.813393707E+45   5.173433280E+47   1.272401712E+51   1.272917242E+51   2.145846865E+51
   3.688564635E+06  -1.754547958E+45   5.048444783E+47   1.284736088E+51   1.285239178E+51   2.158168801E+51
   3.770520471E+06  -1.716701575E+45   4.965105204E+47   1.298044400E+51   1.298539194E+51   2.171468817E+51
   3.853593500E+06  -1.679674527E+45   4.881565888E+47   1.298055557E+51   1.298542034E+51   2.171471657E+51
   3.938232898E+06  -1.643821268E+45   4.797863890E+47   1.311897741E+51   1.312375884E+51   2.185305507E+51
   4.024463977E+06  -1.608746156E+45   4.714265442E+47   1.326587788E+51   1.327057606E+51   2.199987229E+51
   4.112091198E+06  -1.574501888E+45   4.630023633E+47   1.336022329E+51   1.336483756E+51   2.209413379E+51
   4.201462770E+06  -1.540978943E+45   4.545217588E+47   1.344424736E+51   1.344877716E+51   2.217807339E+51
   4.292637919E+06  -1.508214971E+45   4.460863020E+47   1.351399181E+51   1.351843759E+51   2.224773382E+51
   4.385694041E+06  -1.476184475E+45   4.375512365E+47   1.357750768E+51   1.358186843E+51   2.231116466E+51
   4.480632298E+06  -1.444873879E+45   4.289466471E+47   1.362973677E+51   1.363401179E+51   2.236330802E+51
   4.577543337E+06  -1.414251994E+45   4.203635723E+47   1.367250553E+51   1.367669502E+51   2.240599125E+51
   4.676501452E+06  -1.384295087E+45   4.119283905E+47   1.371381439E+51   1.371791983E+51   2.244721606E+51
   4.777493024E+06  -1.355003322E+45   4.036483504E+47   1.374731155E+51   1.375133449E+51   2.248063072E+51
   4.880588969E+06  -1.326356829E+45   3.955533279E+47   1.378119154E+51   1.378513381E+51   2.251443004E+51
   4.985778176E+06  -1.308523178E+45   3.905856590E+47   1.381550575E+51   1.381939852E+51   2.254869475E+51
