  0.0000000000E+000  0.0000000000E+000
  2.2317082715E+001  1.0660365107E+038
  1.0072235162E+004  3.5024276865E+042
  2.0164886417E+004  1.9873641196E+042
  3.0235949035E+004  1.3361721917E+042
  4.0366089558E+004  9.4841286346E+041
  5.0571439251E+004  7.2916789578E+041
  6.0827827724E+004  5.9384534886E+041
  7.1119304621E+004  5.0175815524E+041
  8.1254172864E+004  4.3553909651E+041
  9.1994657808E+004  3.7984880419E+041
  1.0239311001E+005  3.3432175208E+041
  1.1304918954E+005  2.9273783660E+041
  1.2368454430E+005  2.6046435381E+041
  1.3388367008E+005  2.3296117129E+041
  1.4415904331E+005  2.1274441811E+041
  1.5435961937E+005  1.9735101972E+041
  1.6431933949E+005  1.8121113914E+041
  1.7511623480E+005  1.6777339403E+041
  1.8560417328E+005  1.5635038697E+041
  1.9545442307E+005  1.4649120296E+041
  2.0599924952E+005  1.3718477441E+041
  2.1564536018E+005  1.2936176089E+041
  2.2590685203E+005  1.2189315020E+041
  2.3684165164E+005  1.1494607722E+041
  2.4651472532E+005  1.0942955685E+041
  2.5674139028E+005  1.0445023481E+041
  2.6765776477E+005  9.9657844598E+040
  2.7691538381E+005  9.6348104569E+040
  2.8662720218E+005  9.3430281808E+040
  2.9682279991E+005  9.0748693237E+040
  3.0753363060E+005  8.8170149384E+040
  3.1879321430E+005  8.5981627998E+040
  3.2761946442E+005  8.4585565796E+040
  3.3679049162E+005  8.3236154502E+040
  3.4632316724E+005  8.2052814130E+040
  3.5630349600E+005  8.0695348104E+040
  3.6672284608E+005  7.9302379672E+040
  3.7756889168E+005  7.8256844525E+040
  3.8886343248E+005  7.7284928156E+040
  4.0062956964E+005  7.6380772682E+040
  4.1289178531E+005  7.5546287234E+040
  4.2135494535E+005  7.5074266353E+040
  4.3005815245E+005  7.4630220045E+040
  4.3900979285E+005  7.4222968911E+040
  4.4831422868E+005  7.3329338240E+040
  4.5789020302E+005  7.2715845308E+040
  4.6774747674E+005  7.2295152934E+040
  4.7789620940E+005  7.1991366421E+040
  4.8834697343E+005  7.1766801512E+040
  4.9910709637E+005  7.1744709802E+040
  5.1017334910E+005  7.1767361850E+040
  5.2155503511E+005  7.1834392287E+040
  5.3332522804E+005  7.1133576764E+040
  5.4556041432E+005  7.1096215791E+040
  5.5815324996E+005  7.1342086519E+040
  5.7111613532E+005  7.1670394941E+040
  5.8446193435E+005  7.2119345310E+040
  5.9128257966E+005  7.2450721009E+040
  5.9820400050E+005  7.2814881250E+040
  6.0522794649E+005  7.3200656457E+040
  6.1235620075E+005  7.3616884885E+040
  6.1959058075E+005  7.4060869711E+040
  6.2700582024E+005  7.3585273228E+040
  6.3454106510E+005  7.3813530239E+040
  6.4219024901E+005  7.4291406333E+040
  6.4995536642E+005  7.4764034849E+040
  6.5783845185E+005  7.5317573733E+040
  6.6584157927E+005  7.5967820899E+040
  6.7396686199E+005  7.6656325017E+040
  6.8221645283E+005  7.7403799517E+040
  6.9059254443E+005  7.8203096726E+040
  6.9909736969E+005  7.9065368823E+040
  7.0773320230E+005  8.0012867040E+040
  7.1658493073E+005  7.9273855637E+040
  7.2561925505E+005  8.0235646155E+040
  7.3479503808E+005  8.1269263414E+040
  7.4411479133E+005  8.2434475310E+040
  7.5358108247E+005  8.3681717585E+040
  7.6319653192E+005  8.5019863093E+040
  7.7296381282E+005  8.6443095907E+040
  7.8288565231E+005  8.7963929661E+040
  7.9296483304E+005  8.9579173114E+040
  8.0320419486E+005  9.1302798877E+040
  8.1369954074E+005  9.0867545638E+040
  8.1905483127E+005  9.1775243982E+040
  8.3017040619E+005  9.3690560657E+040
  8.4184870708E+005  9.5724994990E+040
  8.5411822196E+005  9.7946666495E+040
  8.6700888103E+005  1.0035956834E+041
  8.8055212971E+005  1.0298631658E+041
  9.3358494207E+005  1.1164784326E+041
  9.8693803763E+005  1.2332511993E+041
  1.0340912783E+006  1.3183415121E+041
  1.0928316926E+006  1.4358655060E+041
  1.1484516465E+006  1.5694296545E+041
  1.2044075083E+006  1.6814783278E+041
  1.2578054200E+006  1.8156639726E+041
  1.3055333253E+006  1.9151914870E+041
  1.3582160025E+006  2.0212987398E+041
  1.4110630987E+006  2.1522061432E+041
  1.4642293566E+006  2.2607096527E+041
  1.5149651875E+006  2.3778074529E+041
  1.5723681233E+006  2.4891240203E+041
  1.6236757831E+006  2.5905952939E+041
  1.6803098393E+006  2.6783078202E+041
  1.7266113580E+006  2.7342087982E+041
  1.7764730295E+006  2.8080408071E+041
  1.8879928482E+006  2.9281922934E+041
  1.9944146823E+006  2.9993120564E+041
  2.0895362153E+006  3.0421864055E+041
  2.1945325897E+006  3.0566822291E+041
  2.2976281358E+006  3.0459292503E+041
  2.4010038907E+006  3.0219523198E+041
  2.4996539563E+006  2.9884615061E+041
  2.6112674507E+006  2.9395553360E+041
  2.7110293726E+006  2.8986136131E+041
  2.8211478680E+006  2.8459843309E+041
  2.9426980827E+006  2.7854588835E+041
  3.0420722034E+006  2.7356384105E+041
  3.1490872624E+006  2.6759163952E+041
  3.2602500920E+006  2.6118255639E+041
  3.3736653091E+006  2.5509581938E+041
  3.4895396839E+006  2.4802140233E+041
  3.6080245874E+006  2.4055074288E+041
  3.7293176153E+006  2.3247837870E+041
  3.8118295985E+006  2.2685493558E+041
  3.8958145994E+006  2.2011104240E+041
  3.9811151622E+006  2.1398420748E+041
  4.0680405310E+006  2.0672291470E+041
  4.1565362042E+006  1.9894159531E+041
  4.2468051345E+006  1.9069927637E+041
  4.3389160021E+006  1.8249644146E+041
  4.4329085844E+006  1.7352252951E+041
  4.5288282452E+006  1.6375976349E+041
  4.6267575429E+006  1.5384942726E+041
  4.7267272617E+006  1.4303295005E+041
  4.8287656273E+006  1.3073683143E+041
  4.9329029876E+006  1.1881936015E+041
  5.0000000000E+006  1.1019862880E+041
  5.0000000000E+006  1.1019862880E+041
