  0.0000000000E+000  0.0000000000E+000
  2.2317082715E+001  1.0825227245E+038
  1.0072235162E+004  3.5024293351E+042
  2.0164886417E+004  1.9873729377E+042
  3.0235949035E+004  1.3361963332E+042
  4.0366089558E+004  9.4844371932E+041
  5.0571439251E+004  7.2922557785E+041
  6.0827827724E+004  5.9392830654E+041
  7.1119304621E+004  5.0189513428E+041
  8.1254172864E+004  4.3575829398E+041
  9.1994657808E+004  3.8004546865E+041
  1.0239311001E+005  3.3461374313E+041
  1.1304918954E+005  2.9316153950E+041
  1.2368454430E+005  2.6097065189E+041
  1.3388367008E+005  2.3356307810E+041
  1.4415904331E+005  2.1345659500E+041
  1.5435961937E+005  1.9819010537E+041
  1.6431933949E+005  1.8219614817E+041
  1.7511623480E+005  1.6860713918E+041
  1.8560417328E+005  1.5734685742E+041
  1.9545442307E+005  1.4767719371E+041
  2.0599924952E+005  1.3858976302E+041
  2.1564536018E+005  1.3076674950E+041
  2.2590685203E+005  1.2355037921E+041
  2.3684165164E+005  1.1689352963E+041
  2.4651472532E+005  1.1171031431E+041
  2.5674139028E+005  1.0673099226E+041
  2.6765776477E+005  1.0177123289E+041
  2.7691538381E+005  9.8838243122E+040
  2.8662720218E+005  9.5920420361E+040
  2.9682279991E+005  9.3672035311E+040
  3.0753363060E+005  9.1590443459E+040
  3.1879321430E+005  8.9401922073E+040
  3.2761946442E+005  8.8575319102E+040
  3.3679049162E+005  8.7225907809E+040
  3.4632316724E+005  8.6694469614E+040
  3.5630349600E+005  8.4544672399E+040
  3.6672284608E+005  8.3799291009E+040
  3.7756889168E+005  8.2753755862E+040
  3.8886343248E+005  8.2522537134E+040
  4.0062956964E+005  8.1618381661E+040
  4.1289178531E+005  8.1630215375E+040
  4.2135494535E+005  8.1158194493E+040
  4.3005815245E+005  8.0714148186E+040
  4.3900979285E+005  8.1274176824E+040
  4.4831422868E+005  7.9269338535E+040
  4.5789020302E+005  7.9609361703E+040
  4.6774747674E+005  7.9188669328E+040
  4.7789620940E+005  7.8884882815E+040
  4.8834697343E+005  7.9749752637E+040
  4.9910709637E+005  7.9727660927E+040
  5.1017334910E+005  7.9750312975E+040
  5.2155503511E+005  8.1065490398E+040
  5.3332522804E+005  7.9005861756E+040
  5.4556041432E+005  8.0206593633E+040
  5.5815324996E+005  8.0452464360E+040
  5.7111613532E+005  8.0780772782E+040
  5.8446193435E+005  8.2565751937E+040
  5.9128257966E+005  8.2897127636E+040
  5.9820400050E+005  8.3261287877E+040
  6.0522794649E+005  8.3647063084E+040
  6.1235620075E+005  8.4063291512E+040
  6.1959058075E+005  8.4507276338E+040
  6.2700582024E+005  8.3824304678E+040
  6.3454106510E+005  8.4052561689E+040
  6.4219024901E+005  8.4530437782E+040
  6.4995536642E+005  8.5003066299E+040
  6.5783845185E+005  8.7030883735E+040
  6.6584157927E+005  8.7681130900E+040
  6.7396686199E+005  8.8369635019E+040
  6.8221645283E+005  8.9117109518E+040
  6.9059254443E+005  8.9916406727E+040
  6.9909736969E+005  9.0778678824E+040
  7.0773320230E+005  9.3423198736E+040
  7.1658493073E+005  9.0844325232E+040
  7.2561925505E+005  9.1806115751E+040
  7.3479503808E+005  9.2839733009E+040
  7.4411479133E+005  9.5712642527E+040
  7.5358108247E+005  9.6959884802E+040
  7.6319653192E+005  9.8298030309E+040
  7.7296381282E+005  9.9721263124E+040
  7.8288565231E+005  1.0124209688E+041
  7.9296483304E+005  1.0285734033E+041
  8.0320419486E+005  1.0655229254E+041
  8.1369954074E+005  1.0393473995E+041
  8.1905483127E+005  1.0484243830E+041
  8.3017040619E+005  1.0675775497E+041
  8.4184870708E+005  1.1073485536E+041
  8.5411822196E+005  1.1295652687E+041
  8.6700888103E+005  1.1536942871E+041
  8.8055212971E+005  1.1799617695E+041
  9.3358494207E+005  1.2668681525E+041
  9.8693803763E+005  1.4068307039E+041
  1.0340912783E+006  1.4928524276E+041
  1.0928316926E+006  1.5923515207E+041
  1.1484516465E+006  1.7505701079E+041
  1.2044075083E+006  1.8680142331E+041
  1.2578054200E+006  2.0021998779E+041
  1.3055333253E+006  2.1105353861E+041
  1.3582160025E+006  2.2248149598E+041
  1.4110630987E+006  2.3557223632E+041
  1.4642293566E+006  2.4754673804E+041
  1.5149651875E+006  2.5925651805E+041
  1.5723681233E+006  2.7175006723E+041
  1.6236757831E+006  2.8519058190E+041
  1.6803098393E+006  2.9212818348E+041
  1.7266113580E+006  2.9921248073E+041
  1.7764730295E+006  3.0659568163E+041
  1.8879928482E+006  3.2051391519E+041
  1.9944146823E+006  3.2952454027E+041
  2.0895362153E+006  3.3615720079E+041
  2.1945325897E+006  3.3594283698E+041
  2.2976281358E+006  3.3755962003E+041
  2.4010038907E+006  3.3788643196E+041
  2.4996539563E+006  3.3839681874E+041
  2.6112674507E+006  3.3114913434E+041
  2.7110293726E+006  3.3079651627E+041
  2.8211478680E+006  3.3012229412E+041
  2.9426980827E+006  3.2372848472E+041
  3.0420722034E+006  3.2346324894E+041
  3.1490872624E+006  3.1654399954E+041
  3.2602500920E+006  3.1513043726E+041
  3.3736653091E+006  3.1409676673E+041
  3.4895396839E+006  3.1370982730E+041
  3.6080245874E+006  3.0511323456E+041
  3.7293176153E+006  3.0402705936E+041
  3.8118295985E+006  3.0395128761E+041
  3.8958145994E+006  2.9720739443E+041
  3.9811151622E+006  2.9874603154E+041
  4.0680405310E+006  2.9886866637E+041
  4.1565362042E+006  2.8949791382E+041
  4.2468051345E+006  2.8887114211E+041
  4.3389160021E+006  2.8935613161E+041
  4.4329085844E+006  2.7794412382E+041
  4.5288282452E+006  2.7598949629E+041
  4.6267575429E+006  2.7268502812E+041
  4.7267272617E+006  2.7210698772E+041
  4.8287656273E+006  2.6814207517E+041
  4.9329029876E+006  2.6645684468E+041
  5.0000000000E+006  2.5334285943E+041
  5.0000000000E+006  2.5334285943E+041
