   0.000000000E+00   0.171849944E+05  -0.480624731E+01  -0.537145843E+01  -0.518131768E+01  -0.487624731E+01  -0.461871212E+01  -0.435364175E+01  -0.617392325E+01  -0.513131768E+01  -0.503378250E+01  -0.501624731E+01  -0.497871212E+01
   0.220699886E+02   0.171853773E+05  -0.480629198E+01  -0.537152261E+01  -0.518136886E+01  -0.487629198E+01  -0.461875354E+01  -0.435367667E+01  -0.617398417E+01  -0.513136886E+01  -0.503383042E+01  -0.501629198E+01  -0.497875354E+01
   0.100447812E+05   0.387364412E+05  -0.138984937E+02  -0.149264843E+02  -0.145024890E+02  -0.140084937E+02  -0.136484937E+02  -0.133144984E+02  -0.157064843E+02  -0.144824890E+02  -0.142184937E+02  -0.141084937E+02  -0.139844984E+02
   0.200885245E+05   0.263585314E+05  -0.143746497E+02  -0.152401277E+02  -0.148923887E+02  -0.144735192E+02  -0.141446497E+02  -0.138357802E+02  -0.160301277E+02  -0.148623887E+02  -0.146635192E+02  -0.145846497E+02  -0.144857802E+02
   0.301148589E+05   0.210091294E+05  -0.145484763E+02  -0.152700476E+02  -0.150011048E+02  -0.146347906E+02  -0.143384763E+02  -0.140521621E+02  -0.160700476E+02  -0.149674191E+02  -0.148047906E+02  -0.147584763E+02  -0.146921621E+02
   0.401940733E+05   0.174620472E+05  -0.146417707E+02  -0.152210956E+02  -0.150215457E+02  -0.147117707E+02  -0.144518833E+02  -0.141821083E+02  -0.160212081E+02  -0.149715457E+02  -0.148716582E+02  -0.148517707E+02  -0.148118833E+02
   0.503403297E+05   0.153450516E+05  -0.146532854E+02  -0.151125868E+02  -0.149872717E+02  -0.147232854E+02  -0.144819566E+02  -0.142406279E+02  -0.159225868E+02  -0.149286005E+02  -0.148646142E+02  -0.148719566E+02  -0.148506279E+02
   0.605309500E+05   0.139693005E+05  -0.146439118E+02  -0.149945608E+02  -0.149253114E+02  -0.147039118E+02  -0.144860619E+02  -0.142503621E+02  -0.158067109E+02  -0.148553114E+02  -0.148296116E+02  -0.148539118E+02  -0.148582120E+02
   0.707511641E+05   0.129840021E+05  -0.146157044E+02  -0.148719241E+02  -0.148551354E+02  -0.146730621E+02  -0.144709889E+02  -0.142536311E+02  -0.156945664E+02  -0.147824931E+02  -0.147804199E+02  -0.148283466E+02  -0.148509889E+02
   0.808115726E+05   0.122158837E+05  -0.145840196E+02  -0.147604661E+02  -0.147872428E+02  -0.146326643E+02  -0.144553750E+02  -0.142467303E+02  -0.155904661E+02  -0.147058875E+02  -0.147313089E+02  -0.148026643E+02  -0.148353750E+02
   0.914602886E+05   0.115419089E+05  -0.145490380E+02  -0.146443707E+02  -0.147117043E+02  -0.145895713E+02  -0.144285048E+02  -0.142279715E+02  -0.154743707E+02  -0.146222376E+02  -0.146801045E+02  -0.147595713E+02  -0.148085048E+02
   0.101774063E+06   0.109434847E+05  -0.145108488E+02  -0.145221900E+02  -0.146279440E+02  -0.145436980E+02  -0.143979995E+02  -0.142123011E+02  -0.153521900E+02  -0.145379440E+02  -0.146265472E+02  -0.147208488E+02  -0.147851503E+02
   0.112339122E+06   0.103432001E+05  -0.144614365E+02  -0.143836739E+02  -0.145404319E+02  -0.144914365E+02  -0.143619388E+02  -0.141924411E+02  -0.152189251E+02  -0.144451808E+02  -0.145609342E+02  -0.146766876E+02  -0.147571899E+02
   0.122879400E+06   0.979393916E+04  -0.144204776E+02  -0.142507330E+02  -0.144621340E+02  -0.144474204E+02  -0.143365922E+02  -0.141827068E+02  -0.150907330E+02  -0.143590767E+02  -0.145013058E+02  -0.146404776E+02  -0.147396495E+02
   0.132995055E+06   0.929880786E+04  -0.143800122E+02  -0.141135224E+02  -0.143769836E+02  -0.143995795E+02  -0.143108775E+02  -0.141717428E+02  -0.149543877E+02  -0.142665510E+02  -0.144387142E+02  -0.146000122E+02  -0.147208775E+02
   0.143185562E+06   0.887682788E+04  -0.143485896E+02  -0.139813886E+02  -0.142985624E+02  -0.143614428E+02  -0.142928830E+02  -0.141671765E+02  -0.148356820E+02  -0.141814157E+02  -0.143871494E+02  -0.145685896E+02  -0.147028830E+02
   0.153300065E+06   0.851764638E+04  -0.143231884E+02  -0.138671665E+02  -0.142317115E+02  -0.143301203E+02  -0.142793246E+02  -0.141654609E+02  -0.147271665E+02  -0.141086434E+02  -0.143439840E+02  -0.145431884E+02  -0.146923928E+02
   0.163173731E+06   0.816839995E+04  -0.142841724E+02  -0.137387834E+02  -0.141509909E+02  -0.142851465E+02  -0.142522243E+02  -0.141502761E+02  -0.145987834E+02  -0.140219650E+02  -0.142870946E+02  -0.145041724E+02  -0.146712502E+02
   0.173859049E+06   0.784965441E+04  -0.142475718E+02  -0.136062114E+02  -0.140644986E+02  -0.142427859E+02  -0.142271436E+02  -0.141367154E+02  -0.144709973E+02  -0.139344986E+02  -0.142284282E+02  -0.144675718E+02  -0.146519295E+02
   0.184249887E+06   0.757351320E+04  -0.142114199E+02  -0.134841915E+02  -0.139828872E+02  -0.142015829E+02  -0.142010938E+02  -0.141207678E+02  -0.143540285E+02  -0.138528872E+02  -0.141720721E+02  -0.144314199E+02  -0.146309308E+02
   0.194006295E+06   0.733586400E+04  -0.141689263E+02  -0.133581643E+02  -0.139030321E+02  -0.141544396E+02  -0.141678999E+02  -0.141058470E+02  -0.142326511E+02  -0.137640585E+02  -0.141154660E+02  -0.143889263E+02  -0.146068735E+02
   0.204447671E+06   0.710711084E+04  -0.141245850E+02  -0.132330548E+02  -0.138227938E+02  -0.141056111E+02  -0.141325327E+02  -0.140884283E+02  -0.141120287E+02  -0.136748460E+02  -0.140576633E+02  -0.143445850E+02  -0.145804805E+02
   0.213996412E+06   0.691099154E+04  -0.140821134E+02  -0.131116262E+02  -0.137448941E+02  -0.140560647E+02  -0.141011865E+02  -0.140672352E+02  -0.139946505E+02  -0.135918698E+02  -0.139969916E+02  -0.143021134E+02  -0.145511865E+02
   0.224151490E+06   0.671971213E+04  -0.140376604E+02  -0.129867191E+02  -0.136642368E+02  -0.140035662E+02  -0.140688016E+02  -0.140428957E+02  -0.138737662E+02  -0.135071897E+02  -0.139324251E+02  -0.142576604E+02  -0.145188016E+02
   0.234969772E+06   0.653650803E+04  -0.139916074E+02  -0.128613406E+02  -0.135819566E+02  -0.139506424E+02  -0.140345027E+02  -0.140173980E+02  -0.137523057E+02  -0.134200264E+02  -0.138677471E+02  -0.142125725E+02  -0.144854678E+02
   0.244537197E+06   0.638941105E+04  -0.139481611E+02  -0.127482272E+02  -0.135053354E+02  -0.139038785E+02  -0.140010088E+02  -0.139938565E+02  -0.136425098E+02  -0.133367703E+02  -0.138110308E+02  -0.141724437E+02  -0.144552914E+02
   0.254649663E+06   0.624695386E+04  -0.139072366E+02  -0.126398331E+02  -0.134322825E+02  -0.138597412E+02  -0.139697228E+02  -0.139722090E+02  -0.135373285E+02  -0.132572917E+02  -0.137572549E+02  -0.141347320E+02  -0.144272182E+02
   0.265411026E+06   0.610735586E+04  -0.138644458E+02  -0.125292591E+02  -0.133575428E+02  -0.138130652E+02  -0.139372071E+02  -0.139492780E+02  -0.134299494E+02  -0.131768525E+02  -0.137016846E+02  -0.140944458E+02  -0.143978974E+02
   0.274559515E+06   0.600420964E+04  -0.138302695E+02  -0.124402045E+02  -0.132984218E+02  -0.137739000E+02  -0.139130086E+02  -0.139325629E+02  -0.133433893E+02  -0.131152370E+02  -0.136575304E+02  -0.140602695E+02  -0.143761934E+02
   0.284155079E+06   0.590955558E+04  -0.137991698E+02  -0.123587447E+02  -0.132444311E+02  -0.137382221E+02  -0.138910653E+02  -0.139174869E+02  -0.132642186E+02  -0.130589573E+02  -0.136172743E+02  -0.140291698E+02  -0.143565392E+02
   0.294226860E+06   0.581239953E+04  -0.137699012E+02  -0.122777849E+02  -0.131916665E+02  -0.137042543E+02  -0.138711951E+02  -0.139046655E+02  -0.131856084E+02  -0.130038431E+02  -0.135786073E+02  -0.139999012E+02  -0.143390186E+02
   0.304805824E+06   0.572128345E+04  -0.137407518E+02  -0.122000570E+02  -0.131404334E+02  -0.136707228E+02  -0.138508676E+02  -0.138909834E+02  -0.131100860E+02  -0.129503755E+02  -0.135406070E+02  -0.139707807E+02  -0.143209255E+02
   0.315924956E+06   0.563206993E+04  -0.137111490E+02  -0.121149415E+02  -0.130853872E+02  -0.136388070E+02  -0.138305169E+02  -0.138798848E+02  -0.130272835E+02  -0.128907033E+02  -0.134994391E+02  -0.139434910E+02  -0.143052008E+02
   0.324639880E+06   0.557048959E+04  -0.136917789E+02  -0.120572533E+02  -0.130484547E+02  -0.136178403E+02  -0.138175331E+02  -0.138732874E+02  -0.129711919E+02  -0.128505776E+02  -0.134720861E+02  -0.139257174E+02  -0.142954103E+02
   0.333694151E+06   0.550605781E+04  -0.136726477E+02  -0.119980298E+02  -0.130109479E+02  -0.135970387E+02  -0.138050841E+02  -0.138675204E+02  -0.129136389E+02  -0.128097297E+02  -0.134446023E+02  -0.139082568E+02  -0.142863022E+02
   0.343104347E+06   0.544859774E+04  -0.136556117E+02  -0.119452395E+02  -0.129775244E+02  -0.135785128E+02  -0.137940070E+02  -0.138624024E+02  -0.128623383E+02  -0.127733267E+02  -0.134201175E+02  -0.138927105E+02  -0.142782047E+02
   0.352921611E+06   0.538133861E+04  -0.136357554E+02  -0.118835316E+02  -0.129384861E+02  -0.135569127E+02  -0.137811260E+02  -0.138564967E+02  -0.128023742E+02  -0.127308008E+02  -0.133915421E+02  -0.138745980E+02  -0.142688113E+02
   0.363203359E+06   0.531626061E+04  -0.136145559E+02  -0.118192136E+02  -0.128977371E+02  -0.135334194E+02  -0.137662606E+02  -0.138485335E+02  -0.127397818E+02  -0.126866006E+02  -0.133611465E+02  -0.138545559E+02  -0.142573971E+02
   0.373904813E+06   0.525606562E+04  -0.135967992E+02  -0.117562730E+02  -0.128598987E+02  -0.135123158E+02  -0.137535243E+02  -0.138424912E+02  -0.126785147E+02  -0.126454152E+02  -0.133333489E+02  -0.138367992E+02  -0.142480078E+02
   0.385047354E+06   0.519753271E+04  -0.135799759E+02  -0.116955133E+02  -0.128235481E+02  -0.134922379E+02  -0.137415828E+02  -0.138370587E+02  -0.126193823E+02  -0.126058101E+02  -0.133067620E+02  -0.138199759E+02  -0.142393208E+02
   0.396653642E+06   0.513775141E+04  -0.135638750E+02  -0.116345391E+02  -0.127875035E+02  -0.134728131E+02  -0.137304679E+02  -0.138325917E+02  -0.125600701E+02  -0.125664416E+02  -0.132806892E+02  -0.138038750E+02  -0.142315298E+02
   0.408747690E+06   0.508169456E+04  -0.135488308E+02  -0.115774172E+02  -0.127537581E+02  -0.134546520E+02  -0.137200990E+02  -0.138284566E+02  -0.125045066E+02  -0.125295793E+02  -0.132562945E+02  -0.137888308E+02  -0.142242778E+02
   0.417093871E+06   0.504232968E+04  -0.135398370E+02  -0.115388751E+02  -0.127316317E+02  -0.134434695E+02  -0.137143883E+02  -0.138271234E+02  -0.124670589E+02  -0.125052642E+02  -0.132407344E+02  -0.137798370E+02  -0.142207559E+02
   0.425676026E+06   0.500625480E+04  -0.135313902E+02  -0.115033496E+02  -0.127111500E+02  -0.134330169E+02  -0.137089503E+02  -0.138256970E+02  -0.124325363E+02  -0.124827766E+02  -0.132262701E+02  -0.137713902E+02  -0.142173237E+02
   0.434502382E+06   0.500000000E+04  -0.135251014E+02  -0.114923658E+02  -0.127027745E+02  -0.134263803E+02  -0.137031832E+02  -0.138206255E+02  -0.124217264E+02  -0.124740534E+02  -0.132189380E+02  -0.137651014E+02  -0.142119043E+02
   0.443628663E+06   0.500000000E+04  -0.135119501E+02  -0.114792144E+02  -0.126896231E+02  -0.134132289E+02  -0.136900318E+02  -0.138074741E+02  -0.124085750E+02  -0.124609020E+02  -0.132057866E+02  -0.137519501E+02  -0.141987529E+02
   0.453067673E+06   0.500000000E+04  -0.135028283E+02  -0.114700927E+02  -0.126805013E+02  -0.134041071E+02  -0.136809100E+02  -0.137983523E+02  -0.123994533E+02  -0.124517802E+02  -0.131966648E+02  -0.137428283E+02  -0.141896312E+02
   0.462783052E+06   0.500000000E+04  -0.134965286E+02  -0.114637930E+02  -0.126742017E+02  -0.133978074E+02  -0.136746103E+02  -0.137920526E+02  -0.123931536E+02  -0.124454805E+02  -0.131903651E+02  -0.137365286E+02  -0.141833315E+02
   0.472784760E+06   0.500000000E+04  -0.134919567E+02  -0.114592211E+02  -0.126696297E+02  -0.133932355E+02  -0.136700384E+02  -0.137874807E+02  -0.123885817E+02  -0.124409086E+02  -0.131857932E+02  -0.137319567E+02  -0.141787596E+02
   0.483083160E+06   0.500000000E+04  -0.134885646E+02  -0.114558290E+02  -0.126662377E+02  -0.133898435E+02  -0.136666464E+02  -0.137840887E+02  -0.123851896E+02  -0.124375165E+02  -0.131824012E+02  -0.137285646E+02  -0.141753675E+02
   0.493689039E+06   0.500000000E+04  -0.134882304E+02  -0.114554947E+02  -0.126659034E+02  -0.133895092E+02  -0.136663121E+02  -0.137837544E+02  -0.123848553E+02  -0.124371823E+02  -0.131820669E+02  -0.137282304E+02  -0.141750332E+02
   0.504601443E+06   0.500000000E+04  -0.134885731E+02  -0.114558375E+02  -0.126662462E+02  -0.133898519E+02  -0.136666548E+02  -0.137840971E+02  -0.123851981E+02  -0.124375250E+02  -0.131824096E+02  -0.137285731E+02  -0.141753760E+02
   0.515824107E+06   0.500000000E+04  -0.134895867E+02  -0.114568511E+02  -0.126672598E+02  -0.133908655E+02  -0.136676684E+02  -0.137851107E+02  -0.123862117E+02  -0.124385386E+02  -0.131834232E+02  -0.137295867E+02  -0.141763896E+02
   0.527367476E+06   0.500000000E+04  -0.134789423E+02  -0.114462066E+02  -0.126566153E+02  -0.133802211E+02  -0.136570240E+02  -0.137744663E+02  -0.123755672E+02  -0.124278942E+02  -0.131727788E+02  -0.137189423E+02  -0.141657452E+02
   0.539398873E+06   0.500000000E+04  -0.134783719E+02  -0.114456362E+02  -0.126560449E+02  -0.133796507E+02  -0.136564536E+02  -0.137738959E+02  -0.123749968E+02  -0.124273238E+02  -0.131722084E+02  -0.137183719E+02  -0.141651747E+02
   0.551811361E+06   0.500000000E+04  -0.134821202E+02  -0.114493845E+02  -0.126597932E+02  -0.133833990E+02  -0.136602019E+02  -0.137776442E+02  -0.123787451E+02  -0.124310721E+02  -0.131759567E+02  -0.137221202E+02  -0.141689231E+02
   0.564587644E+06   0.500000000E+04  -0.134871051E+02  -0.114543695E+02  -0.126647782E+02  -0.133883840E+02  -0.136651869E+02  -0.137826292E+02  -0.123837301E+02  -0.124360570E+02  -0.131809417E+02  -0.137271051E+02  -0.141739080E+02
   0.577740348E+06   0.500000000E+04  -0.134938851E+02  -0.114611495E+02  -0.126715581E+02  -0.133951639E+02  -0.136719668E+02  -0.137894091E+02  -0.123905100E+02  -0.124428370E+02  -0.131877216E+02  -0.137338851E+02  -0.141806880E+02
   0.584461934E+06   0.500000000E+04  -0.134988624E+02  -0.114661268E+02  -0.126765355E+02  -0.134001413E+02  -0.136769442E+02  -0.137943865E+02  -0.123954874E+02  -0.124478143E+02  -0.131926990E+02  -0.137388624E+02  -0.141856653E+02
   0.591282580E+06   0.500000000E+04  -0.135043060E+02  -0.114715704E+02  -0.126819791E+02  -0.134055849E+02  -0.136823877E+02  -0.137998301E+02  -0.124009310E+02  -0.124532579E+02  -0.131981425E+02  -0.137443060E+02  -0.141911089E+02
   0.598204001E+06   0.500000000E+04  -0.135100431E+02  -0.114773075E+02  -0.126877161E+02  -0.134113219E+02  -0.136881248E+02  -0.138055671E+02  -0.124066680E+02  -0.124589950E+02  -0.132038796E+02  -0.137500431E+02  -0.141968460E+02
   0.605227946E+06   0.500000000E+04  -0.135161992E+02  -0.114834636E+02  -0.126938723E+02  -0.134174781E+02  -0.136942810E+02  -0.138117233E+02  -0.124128242E+02  -0.124651511E+02  -0.132100358E+02  -0.137561992E+02  -0.142030021E+02
   0.612356201E+06   0.500000000E+04  -0.135227277E+02  -0.114899921E+02  -0.127004007E+02  -0.134240065E+02  -0.137008094E+02  -0.138182517E+02  -0.124193526E+02  -0.124716796E+02  -0.132165642E+02  -0.137627277E+02  -0.142095306E+02
   0.619590581E+06   0.500000000E+04  -0.135157329E+02  -0.114829973E+02  -0.126934060E+02  -0.134170118E+02  -0.136938146E+02  -0.138112570E+02  -0.124123579E+02  -0.124646848E+02  -0.132095694E+02  -0.137557329E+02  -0.142025358E+02
   0.627005820E+06   0.500000000E+04  -0.135190956E+02  -0.114863600E+02  -0.126967686E+02  -0.134203744E+02  -0.136971773E+02  -0.138146196E+02  -0.124157206E+02  -0.124680475E+02  -0.132129321E+02  -0.137590956E+02  -0.142058985E+02
   0.634541065E+06   0.500000000E+04  -0.135261021E+02  -0.114933665E+02  -0.127037752E+02  -0.134273809E+02  -0.137041838E+02  -0.138216261E+02  -0.124227271E+02  -0.124750540E+02  -0.132199386E+02  -0.137661021E+02  -0.142129050E+02
   0.642190249E+06   0.500000000E+04  -0.135329875E+02  -0.115002519E+02  -0.127106605E+02  -0.134342663E+02  -0.137110692E+02  -0.138285115E+02  -0.124296124E+02  -0.124819394E+02  -0.132268240E+02  -0.137729875E+02  -0.142197904E+02
   0.649955366E+06   0.500000000E+04  -0.135409964E+02  -0.115082608E+02  -0.127186695E+02  -0.134422753E+02  -0.137190782E+02  -0.138365205E+02  -0.124376214E+02  -0.124899484E+02  -0.132348330E+02  -0.137809964E+02  -0.142277993E+02
   0.657838452E+06   0.500000000E+04  -0.135503298E+02  -0.115175942E+02  -0.127280029E+02  -0.134516087E+02  -0.137284116E+02  -0.138458539E+02  -0.124469548E+02  -0.124992817E+02  -0.132441663E+02  -0.137903298E+02  -0.142371327E+02
   0.665841579E+06   0.500000000E+04  -0.135601256E+02  -0.115273900E+02  -0.127377987E+02  -0.134614045E+02  -0.137382074E+02  -0.138556497E+02  -0.124567506E+02  -0.125090775E+02  -0.132539622E+02  -0.138001256E+02  -0.142469285E+02
   0.673966862E+06   0.500000000E+04  -0.135706613E+02  -0.115379257E+02  -0.127483344E+02  -0.134719402E+02  -0.137487431E+02  -0.138661854E+02  -0.124672863E+02  -0.125196132E+02  -0.132644979E+02  -0.138106613E+02  -0.142574642E+02
   0.682216453E+06   0.500000000E+04  -0.135818155E+02  -0.115490799E+02  -0.127594886E+02  -0.134830944E+02  -0.137598973E+02  -0.138773396E+02  -0.124784405E+02  -0.125307674E+02  -0.132756521E+02  -0.138218155E+02  -0.142686184E+02
   0.690592544E+06   0.500000000E+04  -0.135937214E+02  -0.115609858E+02  -0.127713945E+02  -0.134950002E+02  -0.137718031E+02  -0.138892454E+02  -0.124903464E+02  -0.125426733E+02  -0.132875579E+02  -0.138337214E+02  -0.142805243E+02
   0.699097370E+06   0.500000000E+04  -0.136066552E+02  -0.115739196E+02  -0.127843283E+02  -0.135079341E+02  -0.137847370E+02  -0.139021793E+02  -0.125032802E+02  -0.125556071E+02  -0.133004918E+02  -0.138466552E+02  -0.142934581E+02
   0.707733202E+06   0.500000000E+04  -0.135965806E+02  -0.115638450E+02  -0.127742537E+02  -0.134978594E+02  -0.137746623E+02  -0.138921046E+02  -0.124932056E+02  -0.125455325E+02  -0.132904171E+02  -0.138365806E+02  -0.142833835E+02
   0.716584931E+06   0.500000000E+04  -0.136096740E+02  -0.115769384E+02  -0.127873471E+02  -0.135109529E+02  -0.137877558E+02  -0.139051981E+02  -0.125062990E+02  -0.125586259E+02  -0.133035106E+02  -0.138496740E+02  -0.142964769E+02
   0.725619255E+06   0.500000000E+04  -0.136235715E+02  -0.115908358E+02  -0.128012445E+02  -0.135248503E+02  -0.138016532E+02  -0.139190955E+02  -0.125201964E+02  -0.125725234E+02  -0.133174080E+02  -0.138635715E+02  -0.143103743E+02
   0.734795038E+06   0.500000000E+04  -0.136390278E+02  -0.116062922E+02  -0.128167009E+02  -0.135403067E+02  -0.138171096E+02  -0.139345519E+02  -0.125356528E+02  -0.125879797E+02  -0.133328644E+02  -0.138790278E+02  -0.143258307E+02
   0.744114791E+06   0.500000000E+04  -0.136553321E+02  -0.116225965E+02  -0.128330052E+02  -0.135566110E+02  -0.138334138E+02  -0.139508562E+02  -0.125519571E+02  -0.126042840E+02  -0.133491686E+02  -0.138953321E+02  -0.143421350E+02
   0.753581082E+06   0.500000000E+04  -0.136725566E+02  -0.116398210E+02  -0.128502297E+02  -0.135738355E+02  -0.138506384E+02  -0.139680807E+02  -0.125691816E+02  -0.126215086E+02  -0.133663932E+02  -0.139125566E+02  -0.143593595E+02
   0.763196532E+06   0.500000000E+04  -0.136905814E+02  -0.116578458E+02  -0.128682545E+02  -0.135918603E+02  -0.138686632E+02  -0.139861055E+02  -0.125872064E+02  -0.126395333E+02  -0.133844180E+02  -0.139305814E+02  -0.143773843E+02
   0.772963813E+06   0.500000000E+04  -0.137095172E+02  -0.116767816E+02  -0.128871903E+02  -0.136107960E+02  -0.138875989E+02  -0.140050412E+02  -0.126061422E+02  -0.126584691E+02  -0.134033537E+02  -0.139495172E+02  -0.143963201E+02
   0.782885652E+06   0.500000000E+04  -0.137292733E+02  -0.116965377E+02  -0.129069463E+02  -0.136305521E+02  -0.139073550E+02  -0.140247973E+02  -0.126258982E+02  -0.126782252E+02  -0.134231098E+02  -0.139692733E+02  -0.144160762E+02
   0.792964833E+06   0.500000000E+04  -0.137499659E+02  -0.117172303E+02  -0.129276389E+02  -0.136512447E+02  -0.139280476E+02  -0.140454899E+02  -0.126465908E+02  -0.126989178E+02  -0.134438024E+02  -0.139899659E+02  -0.144367688E+02
   0.803204195E+06   0.500000000E+04  -0.137447776E+02  -0.117120420E+02  -0.129224507E+02  -0.136460565E+02  -0.139228594E+02  -0.140403017E+02  -0.126414026E+02  -0.126937295E+02  -0.134386142E+02  -0.139847776E+02  -0.144315805E+02
   0.813699541E+06   0.500000000E+04  -0.137664849E+02  -0.117337492E+02  -0.129441579E+02  -0.136677637E+02  -0.139445666E+02  -0.140620089E+02  -0.126631098E+02  -0.127154368E+02  -0.134603214E+02  -0.140064849E+02  -0.144532878E+02
   0.813699541E+06   0.500000000E+04  -0.137555695E+02  -0.117228339E+02  -0.129332426E+02  -0.136568484E+02  -0.139336512E+02  -0.140510936E+02  -0.126521945E+02  -0.127045214E+02  -0.134494060E+02  -0.139955695E+02  -0.144423724E+02
   0.824544004E+06   0.500000000E+04  -0.137779952E+02  -0.117452596E+02  -0.129556683E+02  -0.136792741E+02  -0.139560770E+02  -0.140735193E+02  -0.126746202E+02  -0.127269471E+02  -0.134718318E+02  -0.140179952E+02  -0.144647981E+02
   0.835937468E+06   0.500000000E+04  -0.138013190E+02  -0.117685834E+02  -0.129789921E+02  -0.137025979E+02  -0.139794008E+02  -0.140968431E+02  -0.126979440E+02  -0.127502709E+02  -0.134951556E+02  -0.140413190E+02  -0.144881219E+02
   0.847907727E+06   0.500000000E+04  -0.138262298E+02  -0.117934942E+02  -0.130039029E+02  -0.137275086E+02  -0.140043115E+02  -0.141217538E+02  -0.127228548E+02  -0.127751817E+02  -0.135200663E+02  -0.140662298E+02  -0.145130327E+02
   0.860483980E+06   0.500000000E+04  -0.138526526E+02  -0.118199170E+02  -0.130303257E+02  -0.137539314E+02  -0.140307343E+02  -0.141481767E+02  -0.127492776E+02  -0.128016045E+02  -0.135464891E+02  -0.140926526E+02  -0.145394555E+02
   0.873696905E+06   0.500000000E+04  -0.138807045E+02  -0.118479688E+02  -0.130583775E+02  -0.137819833E+02  -0.140587862E+02  -0.141762285E+02  -0.127773294E+02  -0.128296564E+02  -0.135745410E+02  -0.141207045E+02  -0.145675073E+02
   0.925436234E+06   0.500000000E+04  -0.139683815E+02  -0.119356459E+02  -0.131460545E+02  -0.138696603E+02  -0.141464632E+02  -0.142639055E+02  -0.128650065E+02  -0.129173334E+02  -0.136622180E+02  -0.142083815E+02  -0.146551844E+02
   0.977488035E+06   0.500000000E+04  -0.140763845E+02  -0.120436489E+02  -0.132540576E+02  -0.139776634E+02  -0.142544662E+02  -0.143719086E+02  -0.129730095E+02  -0.130253364E+02  -0.137702210E+02  -0.143163845E+02  -0.147631874E+02
   0.102833432E+07   0.500000000E+04  -0.141488255E+02  -0.121160898E+02  -0.133264985E+02  -0.140501043E+02  -0.143269072E+02  -0.144443495E+02  -0.130454504E+02  -0.130977774E+02  -0.138426620E+02  -0.143888255E+02  -0.148356284E+02
   0.108564204E+07   0.500000000E+04  -0.142415401E+02  -0.122088044E+02  -0.134192131E+02  -0.141428189E+02  -0.144196218E+02  -0.145370641E+02  -0.131381650E+02  -0.131904920E+02  -0.139353766E+02  -0.144815401E+02  -0.149283429E+02
   0.113990541E+07   0.500000000E+04  -0.143381103E+02  -0.123053747E+02  -0.135157833E+02  -0.142393891E+02  -0.145161920E+02  -0.146336343E+02  -0.132347352E+02  -0.132870622E+02  -0.140319468E+02  -0.145781103E+02  -0.150249132E+02
   0.119449650E+07   0.500000000E+04  -0.144129838E+02  -0.123802482E+02  -0.135906569E+02  -0.143142627E+02  -0.145910656E+02  -0.147085079E+02  -0.133096088E+02  -0.133619357E+02  -0.141068204E+02  -0.146529838E+02  -0.150997867E+02
   0.124659202E+07   0.500000000E+04  -0.144963443E+02  -0.124636087E+02  -0.136740174E+02  -0.143976232E+02  -0.146744261E+02  -0.147918684E+02  -0.133929693E+02  -0.134452962E+02  -0.141901809E+02  -0.147363443E+02  -0.151831472E+02
   0.129315583E+07   0.500000000E+04  -0.145542862E+02  -0.125215505E+02  -0.137319592E+02  -0.144555650E+02  -0.147323679E+02  -0.148498102E+02  -0.134509111E+02  -0.135032381E+02  -0.142481227E+02  -0.147942862E+02  -0.152410890E+02
   0.134455357E+07   0.500000000E+04  -0.146128319E+02  -0.125800963E+02  -0.137905050E+02  -0.145141108E+02  -0.147909136E+02  -0.149083560E+02  -0.135094569E+02  -0.135617838E+02  -0.143066684E+02  -0.148528319E+02  -0.152996348E+02
   0.140294293E+07   0.500000000E+04  -0.146809653E+02  -0.126482297E+02  -0.138586384E+02  -0.145822442E+02  -0.148590470E+02  -0.149764894E+02  -0.135775903E+02  -0.136299172E+02  -0.143748018E+02  -0.149209653E+02  -0.153677682E+02
   0.145481245E+07   0.500000000E+04  -0.147343676E+02  -0.127016320E+02  -0.139120407E+02  -0.146356465E+02  -0.149124494E+02  -0.150298917E+02  -0.136309926E+02  -0.136833195E+02  -0.144282041E+02  -0.149743676E+02  -0.154211705E+02
   0.150431082E+07   0.500000000E+04  -0.147891974E+02  -0.127564617E+02  -0.139668704E+02  -0.146904762E+02  -0.149672791E+02  -0.150847214E+02  -0.136858223E+02  -0.137381493E+02  -0.144830339E+02  -0.150291974E+02  -0.154760002E+02
   0.156031368E+07   0.500000000E+04  -0.148388720E+02  -0.128061364E+02  -0.140165450E+02  -0.147401508E+02  -0.150169537E+02  -0.151343960E+02  -0.137354969E+02  -0.137878239E+02  -0.145327085E+02  -0.150788720E+02  -0.155256749E+02
   0.161036994E+07   0.500000000E+04  -0.148822546E+02  -0.128495190E+02  -0.140599276E+02  -0.147835334E+02  -0.150603363E+02  -0.151777786E+02  -0.137788795E+02  -0.138312065E+02  -0.145760911E+02  -0.151222546E+02  -0.155690575E+02
   0.166562267E+07   0.500000000E+04  -0.149184069E+02  -0.128856713E+02  -0.140960799E+02  -0.148196857E+02  -0.150964886E+02  -0.152139309E+02  -0.138150318E+02  -0.138673588E+02  -0.146122434E+02  -0.151584069E+02  -0.156052098E+02
   0.171079489E+07   0.500000000E+04  -0.149408348E+02  -0.129080992E+02  -0.141185079E+02  -0.148421137E+02  -0.151189166E+02  -0.152363589E+02  -0.138374598E+02  -0.138897867E+02  -0.146346714E+02  -0.151808348E+02  -0.156276377E+02
   0.175944042E+07   0.500000000E+04  -0.149697642E+02  -0.129370286E+02  -0.141474372E+02  -0.148710430E+02  -0.151478459E+02  -0.152652882E+02  -0.138663891E+02  -0.139187161E+02  -0.146636007E+02  -0.152097642E+02  -0.156565671E+02
   0.186824024E+07   0.500000000E+04  -0.150152546E+02  -0.129825190E+02  -0.141929277E+02  -0.149165335E+02  -0.151933364E+02  -0.153107787E+02  -0.139118796E+02  -0.139642065E+02  -0.147090912E+02  -0.152552546E+02  -0.157020575E+02
   0.197206642E+07   0.500000000E+04  -0.150413098E+02  -0.130085742E+02  -0.142189828E+02  -0.149425886E+02  -0.152193915E+02  -0.153368338E+02  -0.139379347E+02  -0.139902617E+02  -0.147351463E+02  -0.152813098E+02  -0.157281127E+02
   0.206486792E+07   0.500000000E+04  -0.150567202E+02  -0.130239846E+02  -0.142343933E+02  -0.149579990E+02  -0.152348019E+02  -0.153522442E+02  -0.139533452E+02  -0.140056721E+02  -0.147505567E+02  -0.152967202E+02  -0.157435231E+02
   0.216730341E+07   0.500000000E+04  -0.150618814E+02  -0.130291458E+02  -0.142395544E+02  -0.149631602E+02  -0.152399631E+02  -0.153574054E+02  -0.139585063E+02  -0.140108333E+02  -0.147557179E+02  -0.153018814E+02  -0.157486843E+02
   0.228183938E+07   0.500000000E+04  -0.150580552E+02  -0.130253196E+02  -0.142357282E+02  -0.149593340E+02  -0.152361369E+02  -0.153535792E+02  -0.139546801E+02  -0.140070071E+02  -0.147518917E+02  -0.152980552E+02  -0.157448581E+02
   0.238269378E+07   0.500000000E+04  -0.150494747E+02  -0.130167391E+02  -0.142271477E+02  -0.149507535E+02  -0.152275564E+02  -0.153449987E+02  -0.139460996E+02  -0.139984266E+02  -0.147433112E+02  -0.152894747E+02  -0.157362776E+02
   0.247893774E+07   0.500000000E+04  -0.150373748E+02  -0.130046392E+02  -0.142150479E+02  -0.149386537E+02  -0.152154565E+02  -0.153328989E+02  -0.139339998E+02  -0.139863267E+02  -0.147312113E+02  -0.152773748E+02  -0.157241777E+02
   0.258782896E+07   0.500000000E+04  -0.150194597E+02  -0.129867241E+02  -0.141971328E+02  -0.149207386E+02  -0.151975415E+02  -0.153149838E+02  -0.139160847E+02  -0.139684116E+02  -0.147132963E+02  -0.152594597E+02  -0.157062626E+02
   0.268515766E+07   0.500000000E+04  -0.150042315E+02  -0.129714958E+02  -0.141819045E+02  -0.149055103E+02  -0.151823132E+02  -0.152997555E+02  -0.139008564E+02  -0.139531834E+02  -0.146980680E+02  -0.152442315E+02  -0.156910344E+02
   0.279259034E+07   0.500000000E+04  -0.149843369E+02  -0.129516013E+02  -0.141620100E+02  -0.148856157E+02  -0.151624186E+02  -0.152798610E+02  -0.138809619E+02  -0.139332888E+02  -0.146781734E+02  -0.152243369E+02  -0.156711398E+02
   0.291117592E+07   0.500000000E+04  -0.149609975E+02  -0.129282619E+02  -0.141386706E+02  -0.148622764E+02  -0.151390793E+02  -0.152565216E+02  -0.138576225E+02  -0.139099494E+02  -0.146548341E+02  -0.152009975E+02  -0.156478004E+02
   0.300812628E+07   0.500000000E+04  -0.149414024E+02  -0.129086668E+02  -0.141190754E+02  -0.148426812E+02  -0.151194841E+02  -0.152369264E+02  -0.138380273E+02  -0.138903543E+02  -0.146352389E+02  -0.151814024E+02  -0.156282053E+02
   0.311253121E+07   0.500000000E+04  -0.149174370E+02  -0.128847014E+02  -0.140951101E+02  -0.148187158E+02  -0.150955187E+02  -0.152129610E+02  -0.138140620E+02  -0.138663889E+02  -0.146112735E+02  -0.151574370E+02  -0.156042399E+02
   0.322296485E+07   0.500000000E+04  -0.148911161E+02  -0.128583805E+02  -0.140687891E+02  -0.147923949E+02  -0.150691978E+02  -0.151866401E+02  -0.137877410E+02  -0.138400680E+02  -0.145849526E+02  -0.151311161E+02  -0.155779190E+02
   0.333560006E+07   0.500000000E+04  -0.148655140E+02  -0.128327784E+02  -0.140431871E+02  -0.147667928E+02  -0.150435957E+02  -0.151610380E+02  -0.137621390E+02  -0.138144659E+02  -0.145593505E+02  -0.151055140E+02  -0.155523169E+02
   0.345063430E+07   0.500000000E+04  -0.148349785E+02  -0.128022429E+02  -0.140126516E+02  -0.147362574E+02  -0.150130603E+02  -0.151305026E+02  -0.137316035E+02  -0.137839304E+02  -0.145288151E+02  -0.150749785E+02  -0.155217814E+02
   0.356823351E+07   0.500000000E+04  -0.148017724E+02  -0.127690368E+02  -0.139794455E+02  -0.147030512E+02  -0.149798541E+02  -0.150972964E+02  -0.136983974E+02  -0.137507243E+02  -0.144956089E+02  -0.150417724E+02  -0.154885753E+02
   0.368856464E+07   0.500000000E+04  -0.147647121E+02  -0.127319765E+02  -0.139423851E+02  -0.146659909E+02  -0.149427938E+02  -0.150602361E+02  -0.136613370E+02  -0.137136640E+02  -0.144585486E+02  -0.150047121E+02  -0.154515150E+02
   0.377052047E+07   0.500000000E+04  -0.147381262E+02  -0.127053906E+02  -0.139157993E+02  -0.146394051E+02  -0.149162080E+02  -0.150336503E+02  -0.136347512E+02  -0.136870781E+02  -0.144319628E+02  -0.149781262E+02  -0.154249291E+02
   0.385359350E+07   0.500000000E+04  -0.147053602E+02  -0.126726246E+02  -0.138830333E+02  -0.146066391E+02  -0.148834420E+02  -0.150008843E+02  -0.136019852E+02  -0.136543121E+02  -0.143991968E+02  -0.149453602E+02  -0.153921631E+02
   0.393823290E+07   0.500000000E+04  -0.146747100E+02  -0.126419743E+02  -0.138523830E+02  -0.145759888E+02  -0.148527917E+02  -0.149702340E+02  -0.135713349E+02  -0.136236619E+02  -0.143685465E+02  -0.149147100E+02  -0.153615128E+02
   0.402446398E+07   0.500000000E+04  -0.146372272E+02  -0.126044916E+02  -0.138149003E+02  -0.145385060E+02  -0.148153089E+02  -0.149327512E+02  -0.135338522E+02  -0.135861791E+02  -0.143310637E+02  -0.148772272E+02  -0.153240301E+02
   0.411209120E+07   0.500000000E+04  -0.145955696E+02  -0.125628340E+02  -0.137732427E+02  -0.144968485E+02  -0.147736514E+02  -0.148910937E+02  -0.134921946E+02  -0.135445215E+02  -0.142894062E+02  -0.148355696E+02  -0.152823725E+02
   0.420146277E+07   0.500000000E+04  -0.145496283E+02  -0.125168926E+02  -0.137273013E+02  -0.144509071E+02  -0.147277100E+02  -0.148451523E+02  -0.134462532E+02  -0.134985802E+02  -0.142434648E+02  -0.147896283E+02  -0.152364311E+02
   0.429263792E+07   0.500000000E+04  -0.145018916E+02  -0.124691560E+02  -0.136795647E+02  -0.144031705E+02  -0.146799734E+02  -0.147974157E+02  -0.133985166E+02  -0.134508435E+02  -0.141957282E+02  -0.147418916E+02  -0.151886945E+02
   0.438569404E+07   0.500000000E+04  -0.144471453E+02  -0.124144097E+02  -0.136248184E+02  -0.143484242E+02  -0.146252271E+02  -0.147426694E+02  -0.133437703E+02  -0.133960972E+02  -0.141409818E+02  -0.146871453E+02  -0.151339482E+02
   0.448063230E+07   0.500000000E+04  -0.143842736E+02  -0.123515380E+02  -0.135619467E+02  -0.142855525E+02  -0.145623554E+02  -0.146797977E+02  -0.132808986E+02  -0.133332256E+02  -0.140781102E+02  -0.146242736E+02  -0.150710765E+02
   0.457754334E+07   0.500000000E+04  -0.143164954E+02  -0.122837597E+02  -0.134941684E+02  -0.142177742E+02  -0.144945771E+02  -0.146120194E+02  -0.132131203E+02  -0.132654473E+02  -0.140103319E+02  -0.145564954E+02  -0.150032982E+02
   0.467650145E+07   0.500000000E+04  -0.142373459E+02  -0.122046103E+02  -0.134150189E+02  -0.141386247E+02  -0.144154276E+02  -0.145328699E+02  -0.131339708E+02  -0.131862978E+02  -0.139311824E+02  -0.144773459E+02  -0.149241488E+02
   0.477749302E+07   0.500000000E+04  -0.141397505E+02  -0.121070149E+02  -0.133174236E+02  -0.140410294E+02  -0.143178323E+02  -0.144352746E+02  -0.130363755E+02  -0.130887024E+02  -0.138335871E+02  -0.143797505E+02  -0.148265534E+02
   0.488058897E+07   0.500000000E+04  -0.140359737E+02  -0.120032381E+02  -0.132136467E+02  -0.139372525E+02  -0.142140554E+02  -0.143314977E+02  -0.129325986E+02  -0.129849256E+02  -0.137298102E+02  -0.142759737E+02  -0.147227766E+02
   0.498577818E+07   0.500000000E+04  -0.139541961E+02  -0.119214605E+02  -0.131318692E+02  -0.138554750E+02  -0.141322779E+02  -0.142497202E+02  -0.128508211E+02  -0.129031480E+02  -0.136480327E+02  -0.141941961E+02  -0.146409990E+02
