  0.0000000000E+000  0.0000000000E+000
  2.2317082715E+001  9.8525756240E+033
  1.0072235162E+004  9.8524984324E+033
  2.0164886417E+004  9.8522004744E+033
  3.0235949035E+004  9.8516812783E+033
  4.0366089558E+004  9.8511622583E+033
  5.0571439251E+004  9.8502952879E+033
  6.0827827724E+004  9.8488160026E+033
  7.1119304621E+004  9.8464130383E+033
  8.1254172864E+004  9.8431287949E+033
  9.1994657808E+004  9.8387785018E+033
  1.0239311001E+005  9.8339123641E+033
  1.1304918954E+005  9.8283922251E+033
  1.2368454430E+005  9.8228473902E+033
  1.3388367008E+005  9.8174615146E+033
  1.4415904331E+005  9.8120954994E+033
  1.5435961937E+005  9.8066377740E+033
  1.6431933949E+005  9.8009784271E+033
  1.7511623480E+005  9.7942154846E+033
  1.8560417328E+005  9.7869814506E+033
  1.9545442307E+005  9.7794789310E+033
  2.0599924952E+005  9.7705772695E+033
  2.1564536018E+005  9.7617671445E+033
  2.2590685203E+005  9.7516009236E+033
  2.3684165164E+005  9.7398155463E+033
  2.4651472532E+005  9.7284697656E+033
  2.5674139028E+005  9.7160575710E+033
  2.6765776477E+005  9.7018711156E+033
  2.7691538381E+005  9.6892432453E+033
  2.8662720218E+005  9.6752015669E+033
  2.9682279991E+005  9.6609325317E+033
  3.0753363060E+005  9.6445371886E+033
  3.1879321430E+005  9.6274583979E+033
  3.2761946442E+005  9.6132281517E+033
  3.3679049162E+005  9.5988659517E+033
  3.4632316724E+005  9.5822315182E+033
  3.5630349600E+005  9.5656334644E+033
  3.6672284608E+005  9.5471455967E+033
  3.7756889168E+005  9.5274341865E+033
  3.8886343248E+005  9.5062218064E+033
  4.0062956964E+005  9.4842881579E+033
  4.1289178531E+005  9.4596726972E+033
  4.2135494535E+005  9.4439489487E+033
  4.3005815245E+005  9.4260219620E+033
  4.3900979285E+005  9.4066597942E+033
  4.4831422868E+005  9.3883216893E+033
  4.5789020302E+005  9.3652385490E+033
  4.6774747674E+005  9.3457494180E+033
  4.7789620940E+005  9.3233325826E+033
  4.8834697343E+005  9.2973317879E+033
  4.9910709637E+005  9.2762224952E+033
  5.1017334910E+005  9.2514452096E+033
  5.2155503511E+005  9.2220609517E+033
  5.3332522804E+005  9.1985261521E+033
  5.4556041432E+005  9.1645191531E+033
  5.5815324996E+005  9.1387812932E+033
  5.7111613532E+005  9.1082035173E+033
  5.8446193435E+005  9.0736978158E+033
  5.9128257966E+005  9.0606609383E+033
  5.9820400050E+005  9.0465273803E+033
  6.0522794649E+005  9.0311523738E+033
  6.1235620075E+005  9.0144559330E+033
  6.1959058075E+005  8.9963227377E+033
  6.2700582024E+005  8.9813837944E+033
  6.3454106510E+005  8.9645196530E+033
  6.4219024901E+005  8.9461287616E+033
  6.4995536642E+005  8.9263213759E+033
  6.5783845185E+005  8.9079161366E+033
  6.6584157927E+005  8.8929428521E+033
  6.7396686199E+005  8.8768196609E+033
  6.8221645283E+005  8.8594972468E+033
  6.9059254443E+005  8.8408655346E+033
  6.9909736969E+005  8.8207507251E+033
  7.0773320230E+005  8.8020562496E+033
  7.1658493073E+005  8.7868880700E+033
  7.2561925505E+005  8.7661459422E+033
  7.3479503808E+005  8.7439065392E+033
  7.4411479133E+005  8.7256318343E+033
  7.5358108247E+005  8.7091372266E+033
  7.6319653192E+005  8.6916542866E+033
  7.7296381282E+005  8.6731071368E+033
  7.8288565231E+005  8.6533926370E+033
  7.9296483304E+005  8.6323371554E+033
  8.0320419486E+005  8.6123920447E+033
  8.1369954074E+005  8.5965104354E+033
  8.1905483127E+005  8.5860672446E+033
  8.3017040619E+005  8.5634980142E+033
  8.4184870708E+005  8.5386389275E+033
  8.5411822196E+005  8.5202964267E+033
  8.6700888103E+005  8.5002589362E+033
  8.8055212971E+005  8.4782760353E+033
  9.3358494207E+005  8.3879583267E+033
  9.8693803763E+005  8.3014219556E+033
  1.0340912783E+006  8.2229198890E+033
  1.0928316926E+006  8.1334024649E+033
  1.1484516465E+006  8.0528633428E+033
  1.2044075083E+006  7.9658576788E+033
  1.2578054200E+006  7.8861657626E+033
  1.3055333253E+006  7.8166483899E+033
  1.3582160025E+006  7.7395589738E+033
  1.4110630987E+006  7.6634957110E+033
  1.4642293566E+006  7.5906125753E+033
  1.5149651875E+006  7.5185230075E+033
  1.5723681233E+006  7.4450283170E+033
  1.6236757831E+006  7.3758668213E+033
  1.6803098393E+006  7.3062076475E+033
  1.7266113580E+006  7.2480971451E+033
  1.7764730295E+006  7.1883364995E+033
  1.8879928482E+006  7.0565096900E+033
  1.9944146823E+006  6.9356925327E+033
  2.0895362153E+006  6.8295242364E+033
  2.1945325897E+006  6.7157782077E+033
  2.2976281358E+006  6.6132412169E+033
  2.4010038907E+006  6.5123104936E+033
  2.4996539563E+006  6.4147498859E+033
  2.6112674507E+006  6.3110309628E+033
  2.7110293726E+006  6.2196826832E+033
  2.8211478680E+006  6.1145751264E+033
  2.9426980827E+006  6.0028638002E+033
  3.0420722034E+006  5.9084771297E+033
  3.1490872624E+006  5.8023082119E+033
  3.2602500920E+006  5.6948980354E+033
  3.3736653091E+006  5.5819529588E+033
  3.4895396839E+006  5.4622514226E+033
  3.6080245874E+006  5.3390629766E+033
  3.7293176153E+006  5.2135493292E+033
  3.8118295985E+006  5.1251332158E+033
  3.8958145994E+006  5.0363568255E+033
  3.9811151622E+006  4.9461635992E+033
  4.0680405310E+006  4.8511126999E+033
  4.1565362042E+006  4.7568521749E+033
  4.2468051345E+006  4.6591977905E+033
  4.3389160021E+006  4.5588299339E+033
  4.4329085844E+006  4.4571330882E+033
  4.5288282452E+006  4.3528852962E+033
  4.6267575429E+006  4.2433875099E+033
  4.7267272617E+006  4.1301742684E+033
  4.8287656273E+006  4.0115464913E+033
  4.9329029876E+006  3.8858016748E+033
  5.0000000000E+006  3.8015075896E+033
  5.0000000000E+006  3.8015075896E+033
