  0.0000000000E+000  0.0000000000E+000
  2.2317082715E+001  9.8525756334E+033
  1.0072235162E+004  9.8519218589E+033
  2.0164886417E+004  9.8503761974E+033
  3.0235949035E+004  9.8480713668E+033
  4.0366089558E+004  9.8440363632E+033
  5.0571439251E+004  9.8391246065E+033
  6.0827827724E+004  9.8316491017E+033
  7.1119304621E+004  9.8246056957E+033
  8.1254172864E+004  9.8152863554E+033
  9.1994657808E+004  9.8046225479E+033
  1.0239311001E+005  9.7890906672E+033
  1.1304918954E+005  9.7795586396E+033
  1.2368454430E+005  9.7560460489E+033
  1.3388367008E+005  9.7416149507E+033
  1.4415904331E+005  9.7250437385E+033
  1.5435961937E+005  9.7060146722E+033
  1.6431933949E+005  9.6841627877E+033
  1.7511623480E+005  9.6398599247E+033
  1.8560417328E+005  9.6086082476E+033
  1.9545442307E+005  9.5727756731E+033
  2.0599924952E+005  9.5316893984E+033
  2.1564536018E+005  9.5316893984E+033
  2.2590685203E+005  9.4845776207E+033
  2.3684165164E+005  9.4305549446E+033
  2.4651472532E+005  9.3686056348E+033
  2.5674139028E+005  9.2975643956E+033
  2.6765776477E+005  9.2514294355E+033
  2.7691538381E+005  9.2514294355E+033
  2.8662720218E+005  9.1644724719E+033
  2.9682279991E+005  9.0649173685E+033
  3.0753363060E+005  9.0649173685E+033
  3.1879321430E+005  8.9611809408E+033
  3.2761946442E+005  8.8527055664E+033
  3.3679049162E+005  8.8527055664E+033
  3.4632316724E+005  8.7388592378E+033
  3.5630349600E+005  8.6719411939E+033
  3.6672284608E+005  8.5462008108E+033
  3.7756889168E+005  8.5462008108E+033
  3.8886343248E+005  8.4152527924E+033
  4.0062956964E+005  8.2843047739E+033
  4.1289178531E+005  8.2843047739E+033
  4.2135494535E+005  8.1533567555E+033
  4.3005815245E+005  8.1533567555E+033
  4.3900979285E+005  8.0224087371E+033
  4.4831422868E+005  7.9428090610E+033
  4.5789020302E+005  7.9428090610E+033
  4.6774747674E+005  7.8105444184E+033
  4.7789620940E+005  7.8105444184E+033
  4.8834697343E+005  7.6782797759E+033
  4.9910709637E+005  7.5460151333E+033
  5.1017334910E+005  7.5460151333E+033
  5.2155503511E+005  7.4137504907E+033
  5.3332522804E+005  7.3273023485E+033
  5.4556041432E+005  7.3273023485E+033
  5.5815324996E+005  7.1936901618E+033
  5.7111613532E+005  7.1936901618E+033
  5.8446193435E+005  7.0600779750E+033
  5.9128257966E+005  7.0600779750E+033
  5.9820400050E+005  7.0600779750E+033
  6.0522794649E+005  6.9264657883E+033
  6.1235620075E+005  6.9264657883E+033
  6.1959058075E+005  6.9264657883E+033
  6.2700582024E+005  6.8236740147E+033
  6.3454106510E+005  6.8236740147E+033
  6.4219024901E+005  6.8236740147E+033
  6.4995536642E+005  6.8236740147E+033
  6.5783845185E+005  6.6890344809E+033
  6.6584157927E+005  6.6890344809E+033
  6.7396686199E+005  6.6890344809E+033
  6.8221645283E+005  6.5543949470E+033
  6.9059254443E+005  6.5543949470E+033
  6.9909736969E+005  6.5543949470E+033
  7.0773320230E+005  6.5543949470E+033
  7.1658493073E+005  6.4584438564E+033
  7.2561925505E+005  6.4584438564E+033
  7.3479503808E+005  6.4584438564E+033
  7.4411479133E+005  6.3223714172E+033
  7.5358108247E+005  6.3223714172E+033
  7.6319653192E+005  6.3223714172E+033
  7.7296381282E+005  6.3223714172E+033
  7.8288565231E+005  6.1862989781E+033
  7.9296483304E+005  6.1862989781E+033
  8.0320419486E+005  6.1862989781E+033
  8.1369954074E+005  6.0834638368E+033
  8.1905483127E+005  6.0834638368E+033
  8.3017040619E+005  6.0834638368E+033
  8.4184870708E+005  6.0834638368E+033
  8.5411822196E+005  6.0834638368E+033
  8.6700888103E+005  5.9460065103E+033
  8.8055212971E+005  5.9460065103E+033
  9.3358494207E+005  5.8335049078E+033
  9.8693803763E+005  5.5563215525E+033
  1.0340912783E+006  5.4373923358E+033
  1.0928316926E+006  5.1720455591E+033
  1.1484516465E+006  5.0316009968E+033
  1.2044075083E+006  4.7641669275E+033
  1.2578054200E+006  4.4813556521E+033
  1.3055333253E+006  4.3474495765E+033
  1.3582160025E+006  4.0705915955E+033
  1.4110630987E+006  3.9276911960E+033
  1.4642293566E+006  3.6451165082E+033
  1.5149651875E+006  3.3582403388E+033
  1.5723681233E+006  3.0721207052E+033
  1.6236757831E+006  2.7844880000E+033
  1.6803098393E+006  2.7844880000E+033
  1.7266113580E+006  2.7844880000E+033
  1.7764730295E+006  2.7844880000E+033
  1.8879928482E+006  2.7844880000E+033
  1.9944146823E+006  2.7844880000E+033
  2.0895362153E+006  2.7844880000E+033
  2.1945325897E+006  2.7844880000E+033
  2.2976281358E+006  2.7844880000E+033
  2.4010038907E+006  2.7844880000E+033
  2.4996539563E+006  2.7844880000E+033
  2.6112674507E+006  2.7844880000E+033
  2.7110293726E+006  2.7844880000E+033
  2.8211478680E+006  2.7844880000E+033
  2.9426980827E+006  2.7844880000E+033
  3.0420722034E+006  2.7844880000E+033
  3.1490872624E+006  2.7844880000E+033
  3.2602500920E+006  2.7844880000E+033
  3.3736653091E+006  2.7844880000E+033
  3.4895396839E+006  2.7844880000E+033
  3.6080245874E+006  2.7844880000E+033
  3.7293176153E+006  2.7844880000E+033
  3.8118295985E+006  2.7844880000E+033
  3.8958145994E+006  2.7844880000E+033
  3.9811151622E+006  2.7844880000E+033
  4.0680405310E+006  2.7844880000E+033
  4.1565362042E+006  2.7844880000E+033
  4.2468051345E+006  2.7844880000E+033
  4.3389160021E+006  2.7844880000E+033
  4.4329085844E+006  2.7844880000E+033
  4.5288282452E+006  2.7844880000E+033
  4.6267575429E+006  2.7844880000E+033
  4.7267272617E+006  2.7844880000E+033
  4.8287656273E+006  2.7844880000E+033
  4.9329029876E+006  2.7844880000E+033
  5.0000000000E+006  2.7844880000E+033
  5.0000000000E+006  2.7844880000E+033
