  0.0000000000E+000  0.0000000000E+000
  2.2317082715E+001  1.3096526236E+012
  1.0072235162E+004  4.6723285127E+013
  2.0164886417E+004  7.6012413944E+013
  3.0235949035E+004  9.8107751295E+013
  4.0366089558E+004  1.1964556994E+014
  5.0571439251E+004  1.3585176421E+014
  6.0827827724E+004  1.4793658213E+014
  7.1119304621E+004  1.5740491438E+014
  8.1254172864E+004  1.6567310715E+014
  9.1994657808E+004  1.7331586578E+014
  1.0239311001E+005  1.8086697135E+014
  1.1304918954E+005  1.8946011630E+014
  1.2368454430E+005  1.9931847900E+014
  1.3388367008E+005  2.0911030820E+014
  1.4415904331E+005  2.1928135661E+014
  1.5435961937E+005  2.2938694429E+014
  1.6431933949E+005  2.3900482982E+014
  1.7511623480E+005  2.4902829284E+014
  1.8560417328E+005  2.5825154403E+014
  1.9545442307E+005  2.6643510776E+014
  2.0599924952E+005  2.7469768490E+014
  2.1564536018E+005  2.8210478799E+014
  2.2590685203E+005  2.8965200144E+014
  2.3684165164E+005  2.9726494556E+014
  2.4651472532E+005  3.0355254885E+014
  2.5674139028E+005  3.1024610174E+014
  2.6765776477E+005  3.1705712189E+014
  2.7691538381E+005  3.2255079186E+014
  2.8662720218E+005  3.2788564691E+014
  2.9682279991E+005  3.3403924376E+014
  3.0753363060E+005  3.3983028513E+014
  3.1879321430E+005  3.4630198039E+014
  3.2761946442E+005  3.5111518780E+014
  3.3679049162E+005  3.5650259091E+014
  3.4632316724E+005  3.6146434869E+014
  3.5630349600E+005  3.6747841075E+014
  3.6672284608E+005  3.7326631999E+014
  3.7756889168E+005  3.7933929107E+014
  3.8886343248E+005  3.8551489365E+014
  4.0062956964E+005  3.9222391481E+014
  4.1289178531E+005  3.9872885670E+014
  4.2135494535E+005  4.0371165979E+014
  4.3005815245E+005  4.0833789025E+014
  4.3900979285E+005  4.1289264078E+014
  4.4831422868E+005  4.1840218635E+014
  4.5789020302E+005  4.2284784357E+014
  4.6774747674E+005  4.2855155361E+014
  4.7789620940E+005  4.3385482272E+014
  4.8834697343E+005  4.3867963267E+014
  4.9910709637E+005  4.4492794848E+014
  5.1017334910E+005  4.5069232982E+014
  5.2155503511E+005  4.5580578455E+014
  5.3332522804E+005  4.6269117080E+014
  5.4556041432E+005  4.6779640450E+014
  5.5815324996E+005  4.7473130417E+014
  5.7111613532E+005  4.8106039305E+014
  5.8446193435E+005  4.8692001098E+014
  5.9128257966E+005  4.9069071324E+014
  5.9820400050E+005  4.9433784368E+014
  6.0522794649E+005  4.9783439326E+014
  6.1235620075E+005  5.0116200441E+014
  6.1959058075E+005  5.0429612065E+014
  6.2700582024E+005  5.0824267695E+014
  6.3454106510E+005  5.1182970878E+014
  6.4219024901E+005  5.1521725455E+014
  6.4995536642E+005  5.1841405094E+014
  6.5783845185E+005  5.2191497301E+014
  6.6584157927E+005  5.2608415069E+014
  6.7396686199E+005  5.3012747375E+014
  6.8221645283E+005  5.3403184111E+014
  6.9059254443E+005  5.3777442303E+014
  6.9909736969E+005  5.4132162246E+014
  7.0773320230E+005  5.4518382132E+014
  7.1658493073E+005  5.5001537661E+014
  7.2561925505E+005  5.5382039836E+014
  7.3479503808E+005  5.5742604134E+014
  7.4411479133E+005  5.6179081704E+014
  7.5358108247E+005  5.6654520674E+014
  7.6319653192E+005  5.7120592026E+014
  7.7296381282E+005  5.7575666127E+014
  7.8288565231E+005  5.8017627414E+014
  7.9296483304E+005  5.8443185188E+014
  8.0320419486E+005  5.8895289417E+014
  8.1369954074E+005  5.9455433446E+014
  8.1905483127E+005  5.9689630942E+014
  8.3017040619E+005  6.0155557627E+014
  8.4184870708E+005  6.0617583429E+014
  8.5411822196E+005  6.1231768126E+014
  8.6700888103E+005  6.1857285520E+014
  8.8055212971E+005  6.2490807453E+014
  9.3358494207E+005  6.4844641986E+014
  9.8693803763E+005  6.7156924460E+014
  1.0340912783E+006  6.9093790240E+014
  1.0928316926E+006  7.1531857350E+014
  1.1484516465E+006  7.3794541271E+014
  1.2044075083E+006  7.5854683251E+014
  1.2578054200E+006  7.7760827116E+014
  1.3055333253E+006  7.9414189181E+014
  1.3582160025E+006  8.1124406495E+014
  1.4110630987E+006  8.2753300047E+014
  1.4642293566E+006  8.4355989413E+014
  1.5149651875E+006  8.5728334593E+014
  1.5723681233E+006  8.7331802325E+014
  1.6236757831E+006  8.8581898560E+014
  1.6803098393E+006  8.9993033886E+014
  1.7266113580E+006  9.1027309708E+014
  1.7764730295E+006  9.2115868126E+014
  1.8879928482E+006  9.4232675958E+014
  1.9944146823E+006  9.5893766600E+014
  2.0895362153E+006  9.7030355177E+014
  2.1945325897E+006  9.7959351394E+014
  2.2976281358E+006  9.8890426424E+014
  2.4010038907E+006  9.9761483837E+014
  2.4996539563E+006  1.0046838586E+015
  2.6112674507E+006  1.0172406286E+015
  2.7110293726E+006  1.0306891139E+015
  2.8211478680E+006  1.0458669492E+015
  2.9426980827E+006  1.0680262266E+015
  3.0420722034E+006  1.0864002942E+015
  3.1490872624E+006  1.1061401753E+015
  3.2602500920E+006  1.1281820075E+015
  3.3736653091E+006  1.1496406058E+015
  3.4895396839E+006  1.1702634266E+015
  3.6080245874E+006  1.1902437801E+015
  3.7293176153E+006  1.2094310751E+015
  3.8118295985E+006  1.2210901246E+015
  3.8958145994E+006  1.2323891832E+015
  3.9811151622E+006  1.2428720687E+015
  4.0680405310E+006  1.2520670147E+015
  4.1565362042E+006  1.2606428562E+015
  4.2468051345E+006  1.2679393450E+015
  4.3389160021E+006  1.2739854536E+015
  4.4329085844E+006  1.2788818380E+015
  4.5288282452E+006  1.2823896664E+015
  4.6267575429E+006  1.2842179847E+015
  4.7267272617E+006  1.2852471717E+015
  4.8287656273E+006  1.2860836466E+015
  4.9329029876E+006  1.2878977208E+015
  5.0000000000E+006  1.2899597381E+015
  5.0000000000E+006  1.2899597381E+015
