  0.0000000000E+000  0.0000000000E+000
  2.2317082715E+001  1.7185377291E+004
  1.0072235162E+004  3.8736441239E+004
  2.0164886417E+004  2.6358531370E+004
  3.0235949035E+004  2.1009129427E+004
  4.0366089558E+004  1.7462047190E+004
  5.0571439251E+004  1.5345051611E+004
  6.0827827724E+004  1.3969300492E+004
  7.1119304621E+004  1.2984002077E+004
  8.1254172864E+004  1.2215883655E+004
  9.1994657808E+004  1.1541908855E+004
  1.0239311001E+005  1.0943484709E+004
  1.1304918954E+005  1.0343200061E+004
  1.2368454430E+005  9.7939391581E+003
  1.3388367008E+005  9.2988078650E+003
  1.4415904331E+005  8.8768278758E+003
  1.5435961937E+005  8.5176463758E+003
  1.6431933949E+005  8.1683999501E+003
  1.7511623480E+005  7.8496544112E+003
  1.8560417328E+005  7.5735132014E+003
  1.9545442307E+005  7.3358639956E+003
  2.0599924952E+005  7.1071108423E+003
  2.1564536018E+005  6.9109915357E+003
  2.2590685203E+005  6.7197121299E+003
  2.3684165164E+005  6.5365080335E+003
  2.4651472532E+005  6.3894110458E+003
  2.5674139028E+005  6.2469538642E+003
  2.6765776477E+005  6.1073558612E+003
  2.7691538381E+005  6.0042096428E+003
  2.8662720218E+005  5.9095555819E+003
  2.9682279991E+005  5.8123995319E+003
  3.0753363060E+005  5.7212834454E+003
  3.1879321430E+005  5.6320699286E+003
  3.2761946442E+005  5.5704895886E+003
  3.3679049162E+005  5.5060578077E+003
  3.4632316724E+005  5.4485977353E+003
  3.5630349600E+005  5.3813386113E+003
  3.6672284608E+005  5.3162606091E+003
  3.7756889168E+005  5.2560656248E+003
  3.8886343248E+005  5.1975327135E+003
  4.0062956964E+005  5.1377514069E+003
  4.1289178531E+005  5.0816945584E+003
  4.2135494535E+005  5.0423296845E+003
  4.3005815245E+005  5.0062548050E+003
  4.3900979285E+005  4.9717595820E+003
  4.4831422868E+005  4.9239833851E+003
  4.5789020302E+005  4.8877537122E+003
  4.6774747674E+005  4.8480810115E+003
  4.7789620940E+005  4.8132896769E+003
  4.8834697343E+005  4.7830098169E+003
  4.9910709637E+005  4.7489405982E+003
  5.1017334910E+005  4.7188456488E+003
  5.2155503511E+005  4.6933970855E+003
  5.3332522804E+005  4.6469410756E+003
  5.4556041432E+005  4.6209076766E+003
  5.5815324996E+005  4.5909929572E+003
  5.7111613532E+005  4.5659300998E+003
  5.8446193435E+005  4.5454642077E+003
  5.9128257966E+005  4.5331581284E+003
  5.9820400050E+005  4.5220693359E+003
  6.0522794649E+005  4.5121175516E+003
  6.1235620075E+005  4.5034920489E+003
  6.1959058075E+005  4.4962297856E+003
  6.2700582024E+005  4.4715312664E+003
  6.3454106510E+005  4.4592863265E+003
  6.4219024901E+005  4.4517785789E+003
  6.4995536642E+005  4.4450731350E+003
  6.5783845185E+005  4.4383169424E+003
  6.6584157927E+005  4.4302059729E+003
  6.7396686199E+005  4.4232445669E+003
  6.8221645283E+005  4.4177496769E+003
  6.9059254443E+005  4.4136717012E+003
  6.9909736969E+005  4.4112634740E+003
  7.0773320230E+005  4.4087207207E+003
  7.1658493073E+005  4.3791436314E+003
  7.2561925505E+005  4.3772512438E+003
  7.3479503808E+005  4.3770556067E+003
  7.4411479133E+005  4.3755637080E+003
  7.5358108247E+005  4.3735537840E+003
  7.6319653192E+005  4.3729837180E+003
  7.7296381282E+005  4.3737827006E+003
  7.8288565231E+005  4.3761306892E+003
  7.9296483304E+005  4.3800486441E+003
  8.0320419486E+005  4.3840434789E+003
  8.1369954074E+005  4.3581335511E+003
  8.1905483127E+005  4.3603971802E+003
  8.3017040619E+005  4.3659644086E+003
  8.4184870708E+005  4.3727146614E+003
  8.5411822196E+005  4.3757562810E+003
  8.6700888103E+005  4.3801438867E+003
  8.8055212971E+005  4.3861241797E+003
  9.3358494207E+005  4.3935912044E+003
  9.8693803763E+005  4.4260019122E+003
  1.0340912783E+006  4.4369198473E+003
  1.0928316926E+006  4.4547444943E+003
  1.1484516465E+006  4.4845353828E+003
  1.2044075083E+006  4.5001369331E+003
  1.2578054200E+006  4.5307754996E+003
  1.3055333253E+006  4.5435792513E+003
  1.3582160025E+006  4.5564432974E+003
  1.4110630987E+006  4.5827104273E+003
  1.4642293566E+006  4.5951251639E+003
  1.5149651875E+006  4.6161093432E+003
  1.5723681233E+006  4.6261481045E+003
  1.6236757831E+006  4.6395035459E+003
  1.6803098393E+006  4.6414618565E+003
  1.7266113580E+006  4.6389124419E+003
  1.7764730295E+006  4.6422415998E+003
  1.8879928482E+006  4.6381335156E+003
  1.9944146823E+006  4.6254536623E+003
  2.0895362153E+006  4.6146286152E+003
  2.1945325897E+006  4.5981563308E+003
  2.2976281358E+006  4.5724286584E+003
  2.4010038907E+006  4.5434375384E+003
  2.4996539563E+006  4.5148290847E+003
  2.6112674507E+006  4.4684064626E+003
  2.7110293726E+006  4.4236203510E+003
  2.8211478680E+006  4.3713342605E+003
  2.9426980827E+006  4.3025640025E+003
  3.0420722034E+006  4.2468199221E+003
  3.1490872624E+006  4.1855945999E+003
  3.2602500920E+006  4.1194626301E+003
  3.3736653091E+006  4.0568495117E+003
  3.4895396839E+006  3.9927726631E+003
  3.6080245874E+006  3.9289619718E+003
  3.7293176153E+006  3.8645523124E+003
  3.8118295985E+006  3.8225863853E+003
  3.8958145994E+006  3.7764229543E+003
  3.9811151622E+006  3.7340173074E+003
  4.0680405310E+006  3.6883105241E+003
  4.1565362042E+006  3.6406545789E+003
  4.2468051345E+006  3.5919652959E+003
  4.3389160021E+006  3.5442592014E+003
  4.4329085844E+006  3.4931550871E+003
  4.5288282452E+006  3.4382377612E+003
  4.6267575429E+006  3.3825849103E+003
  4.7267272617E+006  3.3201660591E+003
  4.8287656273E+006  3.2453309446E+003
  4.9329029876E+006  3.1664688866E+003
  5.0000000000E+006  3.1049176061E+003
  5.0000000000E+006  3.1049176061E+003
