  0.0000000000E+000  0.0000000000E+000
  2.2317082715E+001 -4.1208514230E+003
  1.0072235162E+004  4.8912738194E+009
  2.0164886417E+004  3.8633999163E+009
  3.0235949035E+004  3.2948522294E+009
  4.0366089558E+004  2.9965034563E+009
  5.0571439251E+004  2.7087395316E+009
  6.0827827724E+004  2.4476981460E+009
  7.1119304621E+004  2.2243289841E+009
  8.1254172864E+004  2.0469993283E+009
  9.1994657808E+004  1.8898341610E+009
  1.0239311001E+005  1.7708529552E+009
  1.1304918954E+005  1.6794343998E+009
  1.2368454430E+005  1.6144625806E+009
  1.3388367008E+005  1.5644408174E+009
  1.4415904331E+005  1.5233561811E+009
  1.5435961937E+005  1.4880480135E+009
  1.6431933949E+005  1.4562899918E+009
  1.7511623480E+005  1.4236444397E+009
  1.8560417328E+005  1.3928051279E+009
  1.9545442307E+005  1.3644060291E+009
  2.0599924952E+005  1.3345991135E+009
  2.1564536018E+005  1.3091894311E+009
  2.2590685203E+005  1.2830719298E+009
  2.3684165164E+005  1.2559200577E+009
  2.4651472532E+005  1.2320967222E+009
  2.5674139028E+005  1.2090457134E+009
  2.6765776477E+005  1.1851368421E+009
  2.7691538381E+005  1.1653203962E+009
  2.8662720218E+005  1.1444138812E+009
  2.9682279991E+005  1.1258119888E+009
  3.0753363060E+005  1.1054093239E+009
  3.1879321430E+005  1.0866519461E+009
  3.2761946442E+005  1.0720576225E+009
  3.3679049162E+005  1.0588532582E+009
  3.4632316724E+005  1.0440263814E+009
  3.5630349600E+005  1.0316551906E+009
  3.6672284608E+005  1.0181194814E+009
  3.7756889168E+005  1.0049506103E+009
  3.8886343248E+005  9.9163604656E+008
  4.0062956964E+005  9.7925207739E+008
  4.1289178531E+005  9.6591724690E+008
  4.2135494535E+005  9.5833756808E+008
  4.3005815245E+005  9.4969576275E+008
  4.3900979285E+005  9.4070096794E+008
  4.4831422868E+005  9.3346271083E+008
  4.5789020302E+005  9.2364451154E+008
  4.6774747674E+005  9.1636983317E+008
  4.7789620940E+005  9.0800228243E+008
  4.8834697343E+005  8.9844573519E+008
  4.9910709637E+005  8.9159215376E+008
  5.1017334910E+005  8.8354762188E+008
  5.2155503511E+005  8.7406621901E+008
  5.3332522804E+005  8.6768370119E+008
  5.4556041432E+005  8.5757771701E+008
  5.5815324996E+005  8.5065129581E+008
  5.7111613532E+005  8.4242232527E+008
  5.8446193435E+005  8.3320819284E+008
  5.9128257966E+005  8.2997281912E+008
  5.9820400050E+005  8.2646526822E+008
  6.0522794649E+005  8.2264961141E+008
  6.1235620075E+005  8.1850599814E+008
  6.1959058075E+005  8.1400580842E+008
  6.2700582024E+005  8.1067229167E+008
  6.3454106510E+005  8.0669711050E+008
  6.4219024901E+005  8.0236203323E+008
  6.4995536642E+005  7.9769305225E+008
  6.5783845185E+005  7.9345459732E+008
  6.6584157927E+005  7.9017825167E+008
  6.7396686199E+005  7.8665028087E+008
  6.8221645283E+005  7.8285989417E+008
  6.9059254443E+005  7.7878300514E+008
  6.9909736969E+005  7.7438158292E+008
  7.0773320230E+005  7.7038867153E+008
  7.1658493073E+005  7.6761441070E+008
  7.2561925505E+005  7.6330008029E+008
  7.3479503808E+005  7.5867431249E+008
  7.4411479133E+005  7.5503726626E+008
  7.5358108247E+005  7.5186125721E+008
  7.6319653192E+005  7.4849494068E+008
  7.7296381282E+005  7.4492370663E+008
  7.8288565231E+005  7.4112769527E+008
  7.9296483304E+005  7.3707347271E+008
  8.0320419486E+005  7.3330543779E+008
  8.1369954074E+005  7.3073097540E+008
  8.1905483127E+005  7.2881243792E+008
  8.3017040619E+005  7.2466599712E+008
  8.4184870708E+005  7.2010105333E+008
  8.5411822196E+005  7.1694753194E+008
  8.6700888103E+005  7.1350259776E+008
  8.8055212971E+005  7.0972319641E+008
  9.3358494207E+005  6.9462014826E+008
  9.8693803763E+005  6.8049938067E+008
  1.0340912783E+006  6.6820124514E+008
  1.0928316926E+006  6.5459728200E+008
  1.1484516465E+006  6.4260011131E+008
  1.2044075083E+006  6.2985442830E+008
  1.2578054200E+006  6.1827391091E+008
  1.3055333253E+006  6.0833994640E+008
  1.3582160025E+006  5.9734104309E+008
  1.4110630987E+006  5.8651979410E+008
  1.4642293566E+006  5.7617619183E+008
  1.5149651875E+006  5.6594627184E+008
  1.5723681233E+006  5.5549231862E+008
  1.6236757831E+006  5.4564714089E+008
  1.6803098393E+006  5.3566524015E+008
  1.7266113580E+006  5.2730035991E+008
  1.7764730295E+006  5.1863860506E+008
  1.8879928482E+006  4.9924215854E+008
  1.9944146823E+006  4.8096107745E+008
  2.0895362153E+006  4.6453659836E+008
  2.1945325897E+006  4.4658348285E+008
  2.2976281358E+006  4.3064306236E+008
  2.4010038907E+006  4.1577846747E+008
  2.4996539563E+006  4.0224737638E+008
  2.6112674507E+006  3.8991798333E+008
  2.7110293726E+006  3.8057587311E+008
  2.8211478680E+006  3.7114883764E+008
  2.9426980827E+006  3.6338912853E+008
  3.0420722034E+006  3.5758688479E+008
  3.1490872624E+006  3.5173002163E+008
  3.2602500920E+006  3.4651919821E+008
  3.3736653091E+006  3.4125070110E+008
  3.4895396839E+006  3.3584857789E+008
  3.6080245874E+006  3.3037712259E+008
  3.7293176153E+006  3.2479624411E+008
  3.8118295985E+006  3.2083674311E+008
  3.8958145994E+006  3.1683223234E+008
  3.9811151622E+006  3.1268746328E+008
  4.0680405310E+006  3.0827667738E+008
  4.1565362042E+006  3.0378664401E+008
  4.2468051345E+006  2.9905841284E+008
  4.3389160021E+006  2.9411504179E+008
  4.4329085844E+006  2.8899749852E+008
  4.5288282452E+006  2.8367038935E+008
  4.6267575429E+006  2.7808703197E+008
  4.7267272617E+006  2.7245541040E+008
  4.8287656273E+006  2.6690500738E+008
  4.9329029876E+006  2.6165374123E+008
  5.0000000000E+006  2.5853624846E+008
  5.0000000000E+006  2.5853624846E+008
