  0.0000000000E+000  0.0000000000E+000
  2.2317082715E+001  1.0660365107E+038
  1.0072235162E+004  3.5024276865E+042
  2.0164886417E+004  1.9873641196E+042
  3.0235949035E+004  1.3361721917E+042
  4.0366089558E+004  9.4841286346E+041
  5.0571439251E+004  7.2916789578E+041
  6.0827827724E+004  5.9384534886E+041
  7.1119304621E+004  5.0175815524E+041
  8.1254172864E+004  4.3553909651E+041
  9.1994657808E+004  3.7984880419E+041
  1.0239311001E+005  3.3432175208E+041
  1.1304918954E+005  2.9273783660E+041
  1.2368454430E+005  2.6046435381E+041
  1.3388367008E+005  2.3296117129E+041
  1.4415904331E+005  2.1274441811E+041
  1.5435961937E+005  1.9735101972E+041
  1.6431933949E+005  1.8121113914E+041
  1.7511623480E+005  1.6777339403E+041
  1.8559595106E+005  1.5692534384E+041
  1.9563864579E+005  1.4661009105E+041
  2.0636207858E+005  1.3702414888E+041
  2.1721041441E+005  1.2880428456E+041
  2.2827624351E+005  1.2064557763E+041
  2.3932190843E+005  1.1359484867E+041
  2.5009965569E+005  1.0776931413E+041
  2.6061381282E+005  1.0317412390E+041
  2.7138493469E+005  9.9106783616E+040
  2.8224486806E+005  9.5304541453E+040
  2.9360739059E+005  9.1813829882E+040
  3.0436630313E+005  8.8991482525E+040
  3.1519019240E+005  8.6767714497E+040
  3.2551928154E+005  8.4901848383E+040
  3.3603924659E+005  8.3336960497E+040
  3.4730163331E+005  8.2012596496E+040
  3.5772529022E+005  8.0676960370E+040
  3.6835454461E+005  7.9551769906E+040
  3.7854054150E+005  7.8525522423E+040
  3.9012600274E+005  7.7466459371E+040
  4.0109601084E+005  7.6562061398E+040
  4.1213227056E+005  7.5740831199E+040
  4.2172208726E+005  7.5175115552E+040
  4.3357637404E+005  7.4541255580E+040
  4.4360269275E+005  7.3649446676E+040
  4.5452352507E+005  7.2934600106E+040
  4.6501994422E+005  7.2492156154E+040
  4.7648398103E+005  7.2165620888E+040
  4.8792712805E+005  7.1913242754E+040
  4.9721877389E+005  7.1886996986E+040
  5.0877101924E+005  7.1904132191E+040
  5.1937849668E+005  7.1950519289E+040
  5.2864601164E+005  7.1339963293E+040
  5.3902706571E+005  7.1231563356E+040
  5.4999698928E+005  7.1295711694E+040
  5.6197818074E+005  7.1558797896E+040
  5.7231028142E+005  7.1842831113E+040
  5.8270478117E+005  7.2184756410E+040
  5.9158259546E+005  7.2614066642E+040
  6.0354279000E+005  7.3241843548E+040
  6.1334845222E+005  7.2877183501E+040
  6.2389138131E+005  7.3332283550E+040
  6.3501244035E+005  7.3929505442E+040
  6.4635646035E+005  7.4616878772E+040
  6.5767980926E+005  7.5407808990E+040
  6.6776756211E+005  7.6245195386E+040
  6.7946626270E+005  7.7294900404E+040
  6.8980552492E+005  7.8296941859E+040
  6.9936878244E+005  7.7988465868E+040
  7.1048152406E+005  7.9053642051E+040
  7.2127439507E+005  8.0197657828E+040
  7.3228364736E+005  8.1447815002E+040
  7.4327283857E+005  8.2790683138E+040
  7.5484028157E+005  8.4351483062E+040
  7.6647758430E+005  8.6022393039E+040
  7.7641686131E+005  8.7530613912E+040
  7.8614784710E+005  8.7170908638E+040
  7.9604409447E+005  8.8889679866E+040
  8.0700879833E+005  9.0684375738E+040
  8.1806390982E+005  9.2537019365E+040
  8.2963064316E+005  9.4539538684E+040
  8.4058291825E+005  9.6503198256E+040
  8.5160133785E+005  9.8547794539E+040
  8.6211606462E+005  1.0057234840E+041
  8.7213884956E+005  1.0049583799E+041
  9.2353218932E+005  1.1084560506E+041
  9.7300708238E+005  1.1964196670E+041
  1.0253031166E+006  1.3148181454E+041
  1.0761207889E+006  1.4096492561E+041
  1.1278238176E+006  1.5346878735E+041
  1.1786018375E+006  1.6355254935E+041
  1.2290501243E+006  1.7363751414E+041
  1.2810520555E+006  1.8677078683E+041
  1.3301431844E+006  1.9660964324E+041
  1.3833709686E+006  2.0992729684E+041
  1.4343432474E+006  2.2057928772E+041
  1.4850105054E+006  2.3003970394E+041
  1.5383510029E+006  2.4222640389E+041
  1.5866509859E+006  2.5091082105E+041
  1.6380213222E+006  2.6084857670E+041
  1.6887719645E+006  2.6829407218E+041
  1.7412421676E+006  2.7650498950E+041
  1.8414473938E+006  2.8840185543E+041
  1.9438030085E+006  2.9720013864E+041
  2.0450356175E+006  3.0303652042E+041
  2.1468145906E+006  3.0578234468E+041
  2.2490718059E+006  3.0586490180E+041
  2.3495922834E+006  3.0353808282E+041
  2.4493416956E+006  3.0091714004E+041
  2.5484447702E+006  2.9700541877E+041
  2.6483213662E+006  2.9330539489E+041
  2.7498981131E+006  2.8820563905E+041
  2.8519326797E+006  2.8289177530E+041
  2.9550925732E+006  2.7831680994E+041
  3.0554780824E+006  2.7321463864E+041
  3.1543808089E+006  2.6798153920E+041
  3.2561532980E+006  2.6282559357E+041
  3.3586387223E+006  2.5612453079E+041
  3.4602825902E+006  2.4990767818E+041
  3.5625025342E+006  2.4313863036E+041
  3.6645904375E+006  2.3698520037E+041
  3.7695917752E+006  2.2980505555E+041
  3.8730590048E+006  2.2279943311E+041
  3.9741759049E+006  2.1456806312E+041
  4.0756313667E+006  2.0566812275E+041
  4.1764959373E+006  1.9706393731E+041
  4.2839672062E+006  1.8752925527E+041
  4.3825672035E+006  1.7780792244E+041
  4.4880053855E+006  1.6762055239E+041
  4.5911605641E+006  1.5668867824E+041
  4.6871166414E+006  1.4686994451E+041
  4.7917705954E+006  1.3510293947E+041
  4.8942722216E+006  1.2357500806E+041
  4.9991570363E+006  1.1057949354E+041
  5.0000000000E+006  1.1057949354E+041
