   0.000000000E+00   0.171849944E+05  -0.480624731E+01  -0.537145843E+01  -0.518131768E+01  -0.487624731E+01  -0.461871212E+01  -0.435364175E+01  -0.617392325E+01  -0.513131768E+01  -0.503378250E+01  -0.501624731E+01  -0.497871212E+01
   0.220699886E+02   0.171853773E+05  -0.480629198E+01  -0.537152261E+01  -0.518136886E+01  -0.487629198E+01  -0.461875354E+01  -0.435367667E+01  -0.617398417E+01  -0.513136886E+01  -0.503383042E+01  -0.501629198E+01  -0.497875354E+01
   0.100447812E+05   0.387364412E+05  -0.138984937E+02  -0.149264843E+02  -0.145024890E+02  -0.140084937E+02  -0.136484937E+02  -0.133144984E+02  -0.157064843E+02  -0.144824890E+02  -0.142184937E+02  -0.141084937E+02  -0.139844984E+02
   0.200885245E+05   0.263585314E+05  -0.143746497E+02  -0.152401277E+02  -0.148923887E+02  -0.144735192E+02  -0.141446497E+02  -0.138357802E+02  -0.160301277E+02  -0.148623887E+02  -0.146635192E+02  -0.145846497E+02  -0.144857802E+02
   0.301148589E+05   0.210091294E+05  -0.145484763E+02  -0.152700476E+02  -0.150011048E+02  -0.146347906E+02  -0.143384763E+02  -0.140521621E+02  -0.160700476E+02  -0.149674191E+02  -0.148047906E+02  -0.147584763E+02  -0.146921621E+02
   0.401940733E+05   0.174620472E+05  -0.146417707E+02  -0.152210956E+02  -0.150215457E+02  -0.147117707E+02  -0.144518833E+02  -0.141821083E+02  -0.160212081E+02  -0.149715457E+02  -0.148716582E+02  -0.148517707E+02  -0.148118833E+02
   0.503403297E+05   0.153450516E+05  -0.146532854E+02  -0.151125868E+02  -0.149872717E+02  -0.147232854E+02  -0.144819566E+02  -0.142406279E+02  -0.159225868E+02  -0.149286005E+02  -0.148646142E+02  -0.148719566E+02  -0.148506279E+02
   0.605309500E+05   0.139693005E+05  -0.146439118E+02  -0.149945608E+02  -0.149253114E+02  -0.147039118E+02  -0.144860619E+02  -0.142503621E+02  -0.158067109E+02  -0.148553114E+02  -0.148296116E+02  -0.148539118E+02  -0.148582120E+02
   0.707511641E+05   0.129840021E+05  -0.146157044E+02  -0.148719241E+02  -0.148551354E+02  -0.146730621E+02  -0.144709889E+02  -0.142536311E+02  -0.156945664E+02  -0.147824931E+02  -0.147804199E+02  -0.148283466E+02  -0.148509889E+02
   0.808115726E+05   0.122158837E+05  -0.145840196E+02  -0.147604661E+02  -0.147872428E+02  -0.146326643E+02  -0.144553750E+02  -0.142467303E+02  -0.155904661E+02  -0.147058875E+02  -0.147313089E+02  -0.148026643E+02  -0.148353750E+02
   0.914602886E+05   0.115419089E+05  -0.145490380E+02  -0.146443707E+02  -0.147117043E+02  -0.145895713E+02  -0.144285048E+02  -0.142279715E+02  -0.154743707E+02  -0.146222376E+02  -0.146801045E+02  -0.147595713E+02  -0.148085048E+02
   0.101774063E+06   0.109434847E+05  -0.145108488E+02  -0.145221900E+02  -0.146279440E+02  -0.145436980E+02  -0.143979995E+02  -0.142123011E+02  -0.153521900E+02  -0.145379440E+02  -0.146265472E+02  -0.147208488E+02  -0.147851503E+02
   0.112339122E+06   0.103432001E+05  -0.144614365E+02  -0.143836739E+02  -0.145404319E+02  -0.144914365E+02  -0.143619388E+02  -0.141924411E+02  -0.152189251E+02  -0.144451808E+02  -0.145609342E+02  -0.146766876E+02  -0.147571899E+02
   0.122879400E+06   0.979393916E+04  -0.144204776E+02  -0.142507330E+02  -0.144621340E+02  -0.144474204E+02  -0.143365922E+02  -0.141827068E+02  -0.150907330E+02  -0.143590767E+02  -0.145013058E+02  -0.146404776E+02  -0.147396495E+02
   0.132995055E+06   0.929880786E+04  -0.143800122E+02  -0.141135224E+02  -0.143769836E+02  -0.143995795E+02  -0.143108775E+02  -0.141717428E+02  -0.149543877E+02  -0.142665510E+02  -0.144387142E+02  -0.146000122E+02  -0.147208775E+02
   0.143185562E+06   0.887682788E+04  -0.143485896E+02  -0.139813886E+02  -0.142985624E+02  -0.143614428E+02  -0.142928830E+02  -0.141671765E+02  -0.148356820E+02  -0.141814157E+02  -0.143871494E+02  -0.145685896E+02  -0.147028830E+02
   0.153300065E+06   0.851764638E+04  -0.143231884E+02  -0.138671665E+02  -0.142317115E+02  -0.143301203E+02  -0.142793246E+02  -0.141654609E+02  -0.147271665E+02  -0.141086434E+02  -0.143439840E+02  -0.145431884E+02  -0.146923928E+02
   0.163173731E+06   0.816839995E+04  -0.142841724E+02  -0.137387834E+02  -0.141509909E+02  -0.142851465E+02  -0.142522243E+02  -0.141502761E+02  -0.145987834E+02  -0.140219650E+02  -0.142870946E+02  -0.145041724E+02  -0.146712502E+02
   0.173859049E+06   0.784965441E+04  -0.142475718E+02  -0.136062114E+02  -0.140644986E+02  -0.142427859E+02  -0.142271436E+02  -0.141367154E+02  -0.144709973E+02  -0.139344986E+02  -0.142284282E+02  -0.144675718E+02  -0.146519295E+02
   0.184721416E+06   0.758004703E+04  -0.142144491E+02  -0.134892525E+02  -0.139869921E+02  -0.142047317E+02  -0.142038840E+02  -0.141233189E+02  -0.143589699E+02  -0.138569921E+02  -0.141755793E+02  -0.144344491E+02  -0.146336015E+02
   0.194519167E+06   0.733475153E+04  -0.141699381E+02  -0.133587832E+02  -0.139038693E+02  -0.141554295E+02  -0.141689553E+02  -0.141069897E+02  -0.142332918E+02  -0.137648521E+02  -0.141164123E+02  -0.143899381E+02  -0.146079725E+02
   0.205663041E+06   0.708747659E+04  -0.141219034E+02  -0.132234409E+02  -0.138170312E+02  -0.141025444E+02  -0.141306215E+02  -0.140880576E+02  -0.141027999E+02  -0.136683131E+02  -0.140538263E+02  -0.143419034E+02  -0.145793395E+02
   0.205663041E+06   0.710091119E+04  -0.141240426E+02  -0.132303235E+02  -0.138212786E+02  -0.141049471E+02  -0.141322336E+02  -0.140886156E+02  -0.141094190E+02  -0.136730876E+02  -0.140567561E+02  -0.143440426E+02  -0.145804246E+02
   0.216246783E+06   0.688967908E+04  -0.140796654E+02  -0.131002140E+02  -0.137384123E+02  -0.140527203E+02  -0.141000832E+02  -0.140670283E+02  -0.139836865E+02  -0.135849397E+02  -0.139923026E+02  -0.142996654E+02  -0.145500832E+02
   0.227042714E+06   0.668287413E+04  -0.140303642E+02  -0.129639285E+02  -0.136499682E+02  -0.139947207E+02  -0.140638296E+02  -0.140394732E+02  -0.138517503E+02  -0.134921464E+02  -0.139212553E+02  -0.142503642E+02  -0.145138296E+02
   0.237818972E+06   0.649818210E+04  -0.139813617E+02  -0.128329433E+02  -0.135630672E+02  -0.139395323E+02  -0.140268501E+02  -0.140123385E+02  -0.137247727E+02  -0.133994083E+02  -0.138540439E+02  -0.142031912E+02  -0.144786796E+02
   0.249184065E+06   0.633889479E+04  -0.139349802E+02  -0.127111211E+02  -0.134807616E+02  -0.138895583E+02  -0.139912457E+02  -0.139875113E+02  -0.136065430E+02  -0.133099179E+02  -0.137932927E+02  -0.141604020E+02  -0.144466676E+02
   0.259441779E+06   0.620504025E+04  -0.138967258E+02  -0.126094715E+02  -0.134123190E+02  -0.138482851E+02  -0.139620479E+02  -0.139673699E+02  -0.135079122E+02  -0.132354377E+02  -0.137429631E+02  -0.141251665E+02  -0.144204885E+02
   0.270536208E+06   0.607870214E+04  -0.138591185E+02  -0.125086868E+02  -0.133452859E+02  -0.138063520E+02  -0.139346516E+02  -0.139488013E+02  -0.134100700E+02  -0.131639026E+02  -0.136935855E+02  -0.140891185E+02  -0.143960348E+02
   0.281131264E+06   0.595767782E+04  -0.138195709E+02  -0.124047489E+02  -0.132764700E+02  -0.137609507E+02  -0.139068112E+02  -0.139297415E+02  -0.133090590E+02  -0.130921599E+02  -0.136423305E+02  -0.140495709E+02  -0.143711213E+02
   0.292216652E+06   0.584463044E+04  -0.137817911E+02  -0.123068230E+02  -0.132113510E+02  -0.137177031E+02  -0.138799671E+02  -0.139110991E+02  -0.132138670E+02  -0.130243070E+02  -0.135936150E+02  -0.140117911E+02  -0.143470111E+02
   0.302713152E+06   0.575006099E+04  -0.137501790E+02  -0.122248958E+02  -0.131568684E+02  -0.136815169E+02  -0.138575032E+02  -0.138954963E+02  -0.131342269E+02  -0.129675374E+02  -0.135528547E+02  -0.139801790E+02  -0.143268342E+02
   0.313273044E+06   0.566014189E+04  -0.137217580E+02  -0.121430182E+02  -0.131040023E+02  -0.136501439E+02  -0.138382147E+02  -0.138846713E+02  -0.130546324E+02  -0.129107740E+02  -0.135136872E+02  -0.139533722E+02  -0.143114430E+02
   0.323350204E+06   0.558616108E+04  -0.136962374E+02  -0.120714634E+02  -0.130573827E+02  -0.136227052E+02  -0.138203664E+02  -0.138744954E+02  -0.129849956E+02  -0.128603182E+02  -0.134785762E+02  -0.139297697E+02  -0.142974309E+02
   0.334781514E+06   0.551070220E+04  -0.136740823E+02  -0.120023543E+02  -0.130137070E+02  -0.135985936E+02  -0.138060369E+02  -0.138679916E+02  -0.129178430E+02  -0.128127296E+02  -0.134466390E+02  -0.139095709E+02  -0.142870143E+02
   0.345769209E+06   0.544317599E+04  -0.136549388E+02  -0.119411930E+02  -0.129753053E+02  -0.135776994E+02  -0.137938964E+02  -0.138628541E+02  -0.128584324E+02  -0.127708265E+02  -0.134187417E+02  -0.138921782E+02  -0.142783753E+02
   0.357097526E+06   0.537564194E+04  -0.136353603E+02  -0.118795917E+02  -0.129364663E+02  -0.135563699E+02  -0.137813217E+02  -0.138572831E+02  -0.127985821E+02  -0.127284856E+02  -0.133904085E+02  -0.138743506E+02  -0.142693024E+02
   0.367467530E+06   0.531295906E+04  -0.136177814E+02  -0.118199608E+02  -0.128998611E+02  -0.135364613E+02  -0.137697614E+02  -0.138524015E+02  -0.127406208E+02  -0.126885411E+02  -0.133638213E+02  -0.138577814E+02  -0.142610815E+02
   0.377405088E+06   0.525613772E+04  -0.136005245E+02  -0.117600524E+02  -0.128636480E+02  -0.135160451E+02  -0.137572436E+02  -0.138462024E+02  -0.126822921E+02  -0.126491686E+02  -0.133370862E+02  -0.138405245E+02  -0.142517230E+02
   0.388707977E+06   0.519474885E+04  -0.135823683E+02  -0.116958162E+02  -0.128250118E+02  -0.134944756E+02  -0.137442074E+02  -0.138399929E+02  -0.126197625E+02  -0.126071190E+02  -0.133086901E+02  -0.138223683E+02  -0.142421002E+02
   0.399410424E+06   0.513834042E+04  -0.135664817E+02  -0.116375879E+02  -0.127903067E+02  -0.134754525E+02  -0.137330254E+02  -0.138350838E+02  -0.125631025E+02  -0.125692775E+02  -0.132833942E+02  -0.138064817E+02  -0.142340546E+02
   0.410177507E+06   0.508760506E+04  -0.135519518E+02  -0.115849748E+02  -0.127588509E+02  -0.134581017E+02  -0.137227270E+02  -0.138304273E+02  -0.125118999E+02  -0.125350008E+02  -0.132604014E+02  -0.137919518E+02  -0.142265772E+02
   0.420560287E+06   0.504226667E+04  -0.135412910E+02  -0.115402818E+02  -0.127330647E+02  -0.134449200E+02  -0.137158476E+02  -0.138285897E+02  -0.124684674E+02  -0.125066937E+02  -0.132421779E+02  -0.137812910E+02  -0.142222186E+02
   0.432125445E+06   0.500000000E+04  -0.135297474E+02  -0.114970118E+02  -0.127074205E+02  -0.134310262E+02  -0.137078291E+02  -0.138252715E+02  -0.124263724E+02  -0.124786993E+02  -0.132235839E+02  -0.137697474E+02  -0.142165503E+02
   0.442650821E+06   0.500000000E+04  -0.135166794E+02  -0.114839438E+02  -0.126943524E+02  -0.134179582E+02  -0.136947611E+02  -0.138122034E+02  -0.124133043E+02  -0.124656313E+02  -0.132105159E+02  -0.137566794E+02  -0.142034823E+02
   0.453781227E+06   0.500000000E+04  -0.135060897E+02  -0.114733540E+02  -0.126837627E+02  -0.134073685E+02  -0.136841714E+02  -0.138016137E+02  -0.124027146E+02  -0.124550416E+02  -0.131999262E+02  -0.137460897E+02  -0.141928926E+02
   0.464021636E+06   0.500000000E+04  -0.134994832E+02  -0.114667476E+02  -0.126771562E+02  -0.134007620E+02  -0.136775649E+02  -0.137950072E+02  -0.123961082E+02  -0.124484351E+02  -0.131933197E+02  -0.137394832E+02  -0.141862861E+02
   0.475206062E+06   0.500000000E+04  -0.134945815E+02  -0.114618459E+02  -0.126722546E+02  -0.133958604E+02  -0.136726633E+02  -0.137901056E+02  -0.123912065E+02  -0.124435334E+02  -0.131884181E+02  -0.137345815E+02  -0.141813844E+02
   0.486370108E+06   0.500000000E+04  -0.134907778E+02  -0.114580422E+02  -0.126684509E+02  -0.133920567E+02  -0.136688596E+02  -0.137863019E+02  -0.123874028E+02  -0.124397297E+02  -0.131846144E+02  -0.137307778E+02  -0.141775807E+02
   0.496315941E+06   0.500000000E+04  -0.134903850E+02  -0.114576494E+02  -0.126680581E+02  -0.133916639E+02  -0.136684668E+02  -0.137859091E+02  -0.123870100E+02  -0.124393369E+02  -0.131842216E+02  -0.137303850E+02  -0.141771879E+02
   0.496315941E+06   0.500000000E+04  -0.134903815E+02  -0.114576459E+02  -0.126680546E+02  -0.133916603E+02  -0.136684632E+02  -0.137859055E+02  -0.123870065E+02  -0.124393334E+02  -0.131842180E+02  -0.137303815E+02  -0.141771844E+02
   0.507586424E+06   0.500000000E+04  -0.134906403E+02  -0.114579047E+02  -0.126683133E+02  -0.133919191E+02  -0.136687220E+02  -0.137861643E+02  -0.123872652E+02  -0.124395922E+02  -0.131844768E+02  -0.137306403E+02  -0.141774432E+02
   0.517935183E+06   0.500000000E+04  -0.134913405E+02  -0.114586049E+02  -0.126690135E+02  -0.133926193E+02  -0.136694222E+02  -0.137868645E+02  -0.123879654E+02  -0.124402924E+02  -0.131851770E+02  -0.137313405E+02  -0.141781434E+02
   0.528123424E+06   0.500000000E+04  -0.134820878E+02  -0.114493522E+02  -0.126597609E+02  -0.133833667E+02  -0.136601696E+02  -0.137776119E+02  -0.123787128E+02  -0.124310398E+02  -0.131759244E+02  -0.137220878E+02  -0.141688907E+02
   0.538251282E+06   0.500000000E+04  -0.134804368E+02  -0.114477012E+02  -0.126581099E+02  -0.133817157E+02  -0.136585186E+02  -0.137759609E+02  -0.123770618E+02  -0.124293887E+02  -0.131742734E+02  -0.137204368E+02  -0.141672397E+02
   0.548953647E+06   0.500000000E+04  -0.134814142E+02  -0.114486786E+02  -0.126590872E+02  -0.133826930E+02  -0.136594959E+02  -0.137769382E+02  -0.123780391E+02  -0.124303661E+02  -0.131752507E+02  -0.137214142E+02  -0.141682171E+02
   0.560642614E+06   0.500000000E+04  -0.134854132E+02  -0.114526776E+02  -0.126630863E+02  -0.133866921E+02  -0.136634950E+02  -0.137809373E+02  -0.123820382E+02  -0.124343651E+02  -0.131792498E+02  -0.137254132E+02  -0.141722161E+02
   0.570722712E+06   0.500000000E+04  -0.134897142E+02  -0.114569786E+02  -0.126673873E+02  -0.133909931E+02  -0.136677960E+02  -0.137852383E+02  -0.123863392E+02  -0.124386661E+02  -0.131835508E+02  -0.137297142E+02  -0.141765171E+02
   0.580863687E+06   0.500000000E+04  -0.134948694E+02  -0.114621338E+02  -0.126725424E+02  -0.133961482E+02  -0.136729511E+02  -0.137903934E+02  -0.123914943E+02  -0.124438213E+02  -0.131887059E+02  -0.137348694E+02  -0.141816723E+02
   0.590541081E+06   0.500000000E+04  -0.135020955E+02  -0.114693598E+02  -0.126797685E+02  -0.134033743E+02  -0.136801772E+02  -0.137976195E+02  -0.123987204E+02  -0.124510474E+02  -0.131959320E+02  -0.137420955E+02  -0.141888984E+02
   0.590541081E+06   0.500000000E+04  -0.135013075E+02  -0.114685719E+02  -0.126789806E+02  -0.134025864E+02  -0.136793893E+02  -0.137968316E+02  -0.123979325E+02  -0.124502594E+02  -0.131951441E+02  -0.137413075E+02  -0.141881104E+02
   0.602209564E+06   0.500000000E+04  -0.135106538E+02  -0.114779182E+02  -0.126883269E+02  -0.134119327E+02  -0.136887355E+02  -0.138061779E+02  -0.124072788E+02  -0.124596057E+02  -0.132044903E+02  -0.137506538E+02  -0.141974567E+02
   0.612888985E+06   0.500000000E+04  -0.135052346E+02  -0.114724990E+02  -0.126829077E+02  -0.134065134E+02  -0.136833163E+02  -0.138007586E+02  -0.124018596E+02  -0.124541865E+02  -0.131990711E+02  -0.137452346E+02  -0.141920375E+02
   0.623174770E+06   0.500000000E+04  -0.135119937E+02  -0.114792581E+02  -0.126896667E+02  -0.134132725E+02  -0.136900754E+02  -0.138075177E+02  -0.124086186E+02  -0.124609456E+02  -0.132058302E+02  -0.137519937E+02  -0.141987966E+02
   0.634024584E+06   0.500000000E+04  -0.135208001E+02  -0.114880645E+02  -0.126984732E+02  -0.134220790E+02  -0.136988819E+02  -0.138163242E+02  -0.124174251E+02  -0.124697521E+02  -0.132146367E+02  -0.137608001E+02  -0.142076030E+02
   0.645091920E+06   0.500000000E+04  -0.135308483E+02  -0.114981127E+02  -0.127085214E+02  -0.134321272E+02  -0.137089301E+02  -0.138263724E+02  -0.124274733E+02  -0.124798002E+02  -0.132246849E+02  -0.137708483E+02  -0.142176512E+02
   0.656139090E+06   0.500000000E+04  -0.135422964E+02  -0.115095608E+02  -0.127199695E+02  -0.134435753E+02  -0.137203782E+02  -0.138378205E+02  -0.124389214E+02  -0.124912484E+02  -0.132361330E+02  -0.137822964E+02  -0.142290993E+02
   0.665980800E+06   0.500000000E+04  -0.135542868E+02  -0.115215512E+02  -0.127319599E+02  -0.134555657E+02  -0.137323686E+02  -0.138498109E+02  -0.124509118E+02  -0.125032388E+02  -0.132481234E+02  -0.137942868E+02  -0.142410897E+02
   0.677394166E+06   0.500000000E+04  -0.135691327E+02  -0.115363971E+02  -0.127468058E+02  -0.134704116E+02  -0.137472145E+02  -0.138646568E+02  -0.124657577E+02  -0.125180847E+02  -0.132629693E+02  -0.138091327E+02  -0.142559356E+02
   0.688543201E+06   0.500000000E+04  -0.135831176E+02  -0.115503820E+02  -0.127607907E+02  -0.134843965E+02  -0.137611994E+02  -0.138786417E+02  -0.124797426E+02  -0.125320695E+02  -0.132769542E+02  -0.138231176E+02  -0.142699205E+02
   0.698944361E+06   0.500000000E+04  -0.135788316E+02  -0.115460960E+02  -0.127565046E+02  -0.134801104E+02  -0.137569133E+02  -0.138743556E+02  -0.124754566E+02  -0.125277835E+02  -0.132726681E+02  -0.138188316E+02  -0.142656345E+02
   0.709786060E+06   0.500000000E+04  -0.135935604E+02  -0.115608247E+02  -0.127712334E+02  -0.134948392E+02  -0.137716421E+02  -0.138890844E+02  -0.124901853E+02  -0.125425123E+02  -0.132873969E+02  -0.138335604E+02  -0.142803632E+02
   0.720315690E+06   0.500000000E+04  -0.136091599E+02  -0.115764242E+02  -0.127868329E+02  -0.135104387E+02  -0.137872416E+02  -0.139046839E+02  -0.125057848E+02  -0.125581118E+02  -0.133029964E+02  -0.138491599E+02  -0.142959627E+02
   0.731056424E+06   0.500000000E+04  -0.136259542E+02  -0.115932186E+02  -0.128036273E+02  -0.135272331E+02  -0.138040360E+02  -0.139214783E+02  -0.125225792E+02  -0.125749061E+02  -0.133197908E+02  -0.138659542E+02  -0.143127571E+02
   0.741777587E+06   0.500000000E+04  -0.136437093E+02  -0.116109737E+02  -0.128213824E+02  -0.135449882E+02  -0.138217910E+02  -0.139392334E+02  -0.125403343E+02  -0.125926612E+02  -0.133375458E+02  -0.138837093E+02  -0.143305122E+02
   0.753062897E+06   0.500000000E+04  -0.136639875E+02  -0.116312518E+02  -0.128416605E+02  -0.135652663E+02  -0.138420692E+02  -0.139595115E+02  -0.125606124E+02  -0.126129394E+02  -0.133578240E+02  -0.139039875E+02  -0.143507903E+02
   0.764416363E+06   0.500000000E+04  -0.136852844E+02  -0.116525488E+02  -0.128629575E+02  -0.135865633E+02  -0.138633662E+02  -0.139808085E+02  -0.125819094E+02  -0.126342363E+02  -0.133791210E+02  -0.139252844E+02  -0.143720873E+02
   0.775250820E+06   0.500000000E+04  -0.137064036E+02  -0.116736680E+02  -0.128840767E+02  -0.136076825E+02  -0.138844854E+02  -0.140019277E+02  -0.126030286E+02  -0.126553556E+02  -0.134002402E+02  -0.139464036E+02  -0.143932065E+02
   0.775250820E+06   0.500000000E+04  -0.137041556E+02  -0.116714200E+02  -0.128818286E+02  -0.136054344E+02  -0.138822373E+02  -0.139996796E+02  -0.126007805E+02  -0.126531075E+02  -0.133979921E+02  -0.139441556E+02  -0.143909585E+02
   0.785437493E+06   0.500000000E+04  -0.137018931E+02  -0.116691575E+02  -0.128795662E+02  -0.136031719E+02  -0.138799748E+02  -0.139974171E+02  -0.125985181E+02  -0.126508450E+02  -0.133957296E+02  -0.139418931E+02  -0.143886960E+02
   0.785437493E+06   0.500000000E+04  -0.136996846E+02  -0.116669490E+02  -0.128773576E+02  -0.136009634E+02  -0.138777663E+02  -0.139952086E+02  -0.125963095E+02  -0.126486365E+02  -0.133935211E+02  -0.139396846E+02  -0.143864875E+02
   0.795447546E+06   0.500000000E+04  -0.137208840E+02  -0.116881484E+02  -0.128985571E+02  -0.136221628E+02  -0.138989657E+02  -0.140164080E+02  -0.126175090E+02  -0.126698359E+02  -0.134147205E+02  -0.139608840E+02  -0.144076869E+02
   0.806144818E+06   0.500000000E+04  -0.137425868E+02  -0.117098512E+02  -0.129202599E+02  -0.136438657E+02  -0.139206685E+02  -0.140381109E+02  -0.126392118E+02  -0.126915387E+02  -0.134364233E+02  -0.139825868E+02  -0.144293897E+02
   0.816930292E+06   0.500000000E+04  -0.137645444E+02  -0.117318088E+02  -0.129422175E+02  -0.136658233E+02  -0.139426261E+02  -0.140600685E+02  -0.126611694E+02  -0.127134963E+02  -0.134583809E+02  -0.140045444E+02  -0.144513473E+02
   0.828214910E+06   0.500000000E+04  -0.137877893E+02  -0.117550537E+02  -0.129654624E+02  -0.136890682E+02  -0.139658711E+02  -0.140833134E+02  -0.126844143E+02  -0.127367412E+02  -0.134816259E+02  -0.140277893E+02  -0.144745922E+02
   0.838900057E+06   0.500000000E+04  -0.138101099E+02  -0.117773743E+02  -0.129877830E+02  -0.137113888E+02  -0.139881916E+02  -0.141056340E+02  -0.127067349E+02  -0.127590618E+02  -0.135039464E+02  -0.140501099E+02  -0.144969128E+02
   0.849649734E+06   0.500000000E+04  -0.138328729E+02  -0.118001373E+02  -0.130105460E+02  -0.137341518E+02  -0.140109547E+02  -0.141283970E+02  -0.127294979E+02  -0.127818248E+02  -0.135267094E+02  -0.140728729E+02  -0.145196758E+02
   0.859908004E+06   0.500000000E+04  -0.138549521E+02  -0.118222165E+02  -0.130326252E+02  -0.137562310E+02  -0.140330339E+02  -0.141504762E+02  -0.127515771E+02  -0.128039040E+02  -0.135487887E+02  -0.140949521E+02  -0.145417550E+02
   0.871514295E+06   0.500000000E+04  -0.138580106E+02  -0.118252750E+02  -0.130356836E+02  -0.137592894E+02  -0.140360923E+02  -0.141535346E+02  -0.127546355E+02  -0.128069625E+02  -0.135518471E+02  -0.140980106E+02  -0.145448135E+02
   0.871514295E+06   0.500000000E+04  -0.138554882E+02  -0.118227526E+02  -0.130331613E+02  -0.137567670E+02  -0.140335699E+02  -0.141510123E+02  -0.127521132E+02  -0.128044401E+02  -0.135493247E+02  -0.140954882E+02  -0.145422911E+02
   0.871514295E+06   0.500000000E+04  -0.138541258E+02  -0.118213902E+02  -0.130317989E+02  -0.137554047E+02  -0.140322076E+02  -0.141496499E+02  -0.127507508E+02  -0.128030777E+02  -0.135479624E+02  -0.140941258E+02  -0.145409287E+02
   0.922191746E+06   0.500000000E+04  -0.139605518E+02  -0.119278162E+02  -0.131382249E+02  -0.138618307E+02  -0.141386336E+02  -0.142560759E+02  -0.128571768E+02  -0.129095037E+02  -0.136543884E+02  -0.142005518E+02  -0.146473547E+02
   0.972107289E+06   0.500000000E+04  -0.140434645E+02  -0.120107289E+02  -0.132211376E+02  -0.139447433E+02  -0.142215462E+02  -0.143389886E+02  -0.129400895E+02  -0.129924164E+02  -0.137373010E+02  -0.142834645E+02  -0.147302674E+02
   0.102371811E+07   0.500000000E+04  -0.141459199E+02  -0.121131843E+02  -0.133235929E+02  -0.140471987E+02  -0.143240016E+02  -0.144414439E+02  -0.130425448E+02  -0.130948718E+02  -0.138397564E+02  -0.143859199E+02  -0.148327228E+02
   0.107485608E+07   0.500000000E+04  -0.142215333E+02  -0.121887977E+02  -0.133992064E+02  -0.141228122E+02  -0.143996150E+02  -0.145170574E+02  -0.131181583E+02  -0.131704852E+02  -0.139153698E+02  -0.144615333E+02  -0.149083362E+02
   0.112652976E+07   0.500000000E+04  -0.143138058E+02  -0.122810702E+02  -0.134914789E+02  -0.142150846E+02  -0.144918875E+02  -0.146093298E+02  -0.132104308E+02  -0.132627577E+02  -0.140076423E+02  -0.145538058E+02  -0.150006087E+02
   0.117746208E+07   0.500000000E+04  -0.143828989E+02  -0.123501633E+02  -0.135605720E+02  -0.142841778E+02  -0.145609807E+02  -0.146784230E+02  -0.132795239E+02  -0.133318508E+02  -0.140767355E+02  -0.146228989E+02  -0.150697018E+02
   0.122776286E+07   0.500000000E+04  -0.144478645E+02  -0.124151289E+02  -0.136255376E+02  -0.143491434E+02  -0.146259463E+02  -0.147433886E+02  -0.133444895E+02  -0.133968164E+02  -0.141417011E+02  -0.146878645E+02  -0.151346674E+02
   0.127928065E+07   0.500000000E+04  -0.145270280E+02  -0.124942924E+02  -0.137047011E+02  -0.144283069E+02  -0.147051097E+02  -0.148225521E+02  -0.134236530E+02  -0.134759799E+02  -0.142208645E+02  -0.147670280E+02  -0.152138309E+02
   0.132923693E+07   0.500000000E+04  -0.145827677E+02  -0.125500321E+02  -0.137604407E+02  -0.144840465E+02  -0.147608494E+02  -0.148782917E+02  -0.134793926E+02  -0.135317196E+02  -0.142766042E+02  -0.148227677E+02  -0.152695706E+02
   0.138116648E+07   0.500000000E+04  -0.146539279E+02  -0.126211923E+02  -0.138316010E+02  -0.145552068E+02  -0.148320097E+02  -0.149494520E+02  -0.135505529E+02  -0.136028798E+02  -0.143477645E+02  -0.148939279E+02  -0.153407308E+02
   0.143214262E+07   0.500000000E+04  -0.147076675E+02  -0.126749319E+02  -0.138853405E+02  -0.146089463E+02  -0.148857492E+02  -0.150031915E+02  -0.136042924E+02  -0.136566194E+02  -0.144015040E+02  -0.149476675E+02  -0.153944704E+02
   0.148320751E+07   0.500000000E+04  -0.147532626E+02  -0.127205270E+02  -0.139309357E+02  -0.146545415E+02  -0.149313444E+02  -0.150487867E+02  -0.136498876E+02  -0.137022145E+02  -0.144470992E+02  -0.149932626E+02  -0.154400655E+02
   0.153524702E+07   0.500000000E+04  -0.148093093E+02  -0.127765737E+02  -0.139869824E+02  -0.147105882E+02  -0.149873911E+02  -0.151048334E+02  -0.137059343E+02  -0.137582613E+02  -0.145031459E+02  -0.150493093E+02  -0.154961122E+02
   0.158510172E+07   0.500000000E+04  -0.148475541E+02  -0.128148185E+02  -0.140252272E+02  -0.147488330E+02  -0.150256359E+02  -0.151430782E+02  -0.137441791E+02  -0.137965060E+02  -0.145413907E+02  -0.150875541E+02  -0.155343570E+02
   0.163521912E+07   0.500000000E+04  -0.148897268E+02  -0.128569912E+02  -0.140673999E+02  -0.147910057E+02  -0.150678086E+02  -0.151852509E+02  -0.137863518E+02  -0.138386787E+02  -0.145835634E+02  -0.151297268E+02  -0.155765297E+02
   0.168718952E+07   0.500000000E+04  -0.149202833E+02  -0.128875477E+02  -0.140979564E+02  -0.148215622E+02  -0.150983651E+02  -0.152158074E+02  -0.138169083E+02  -0.138692352E+02  -0.146141199E+02  -0.151602833E+02  -0.156070862E+02
   0.173837997E+07   0.500000000E+04  -0.149530131E+02  -0.129202775E+02  -0.141306861E+02  -0.148542919E+02  -0.151310948E+02  -0.152485371E+02  -0.138496380E+02  -0.139019650E+02  -0.146468496E+02  -0.151930131E+02  -0.156398160E+02
   0.183942883E+07   0.500000000E+04  -0.149987508E+02  -0.129660152E+02  -0.141764238E+02  -0.149000296E+02  -0.151768325E+02  -0.152942748E+02  -0.138953757E+02  -0.139477027E+02  -0.146925873E+02  -0.152387508E+02  -0.156855537E+02
   0.194115912E+07   0.500000000E+04  -0.150313782E+02  -0.129986425E+02  -0.142090512E+02  -0.149326570E+02  -0.152094599E+02  -0.153269022E+02  -0.139280031E+02  -0.139803301E+02  -0.147252147E+02  -0.152713782E+02  -0.157181811E+02
   0.204165715E+07   0.500000000E+04  -0.150524931E+02  -0.130197575E+02  -0.142301661E+02  -0.149537719E+02  -0.152305748E+02  -0.153480171E+02  -0.139491180E+02  -0.140014450E+02  -0.147463296E+02  -0.152924931E+02  -0.157392960E+02
   0.214454674E+07   0.500000000E+04  -0.150622867E+02  -0.130295510E+02  -0.142399597E+02  -0.149635655E+02  -0.152403684E+02  -0.153578107E+02  -0.139589116E+02  -0.140112386E+02  -0.147561232E+02  -0.153022867E+02  -0.157490896E+02
   0.224587300E+07   0.500000000E+04  -0.150625798E+02  -0.130298441E+02  -0.142402528E+02  -0.149638586E+02  -0.152406615E+02  -0.153581038E+02  -0.139592047E+02  -0.140115317E+02  -0.147564163E+02  -0.153025798E+02  -0.157493826E+02
   0.234579658E+07   0.500000000E+04  -0.150542886E+02  -0.130215530E+02  -0.142319617E+02  -0.149555675E+02  -0.152323703E+02  -0.153498127E+02  -0.139509136E+02  -0.140032405E+02  -0.147481251E+02  -0.152942886E+02  -0.157410915E+02
   0.244719821E+07   0.500000000E+04  -0.150448997E+02  -0.130121640E+02  -0.142225727E+02  -0.149461785E+02  -0.152229814E+02  -0.153404237E+02  -0.139415246E+02  -0.139938516E+02  -0.147387362E+02  -0.152848997E+02  -0.157317025E+02
   0.244719821E+07   0.500000000E+04  -0.150448730E+02  -0.130121373E+02  -0.142225460E+02  -0.149461518E+02  -0.152229547E+02  -0.153403970E+02  -0.139414979E+02  -0.139938249E+02  -0.147387095E+02  -0.152848730E+02  -0.157316758E+02
   0.254602387E+07   0.500000000E+04  -0.150306666E+02  -0.129979310E+02  -0.142083396E+02  -0.149319454E+02  -0.152087483E+02  -0.153261906E+02  -0.139272915E+02  -0.139796185E+02  -0.147245031E+02  -0.152706666E+02  -0.157174695E+02
   0.264565382E+07   0.500000000E+04  -0.150170558E+02  -0.129843202E+02  -0.141947288E+02  -0.149183346E+02  -0.151951375E+02  -0.153125798E+02  -0.139136807E+02  -0.139660077E+02  -0.147108923E+02  -0.152570558E+02  -0.157038587E+02
   0.274688532E+07   0.500000000E+04  -0.149980118E+02  -0.129652762E+02  -0.141756849E+02  -0.148992907E+02  -0.151760936E+02  -0.152935359E+02  -0.138946368E+02  -0.139469637E+02  -0.146918484E+02  -0.152380118E+02  -0.156848147E+02
   0.284861295E+07   0.500000000E+04  -0.149778064E+02  -0.129450708E+02  -0.141554795E+02  -0.148790853E+02  -0.151558882E+02  -0.152733305E+02  -0.138744314E+02  -0.139267584E+02  -0.146716430E+02  -0.152178064E+02  -0.156646093E+02
   0.295143464E+07   0.500000000E+04  -0.149601042E+02  -0.129273686E+02  -0.141377773E+02  -0.148613831E+02  -0.151381860E+02  -0.152556283E+02  -0.138567292E+02  -0.139090561E+02  -0.146539408E+02  -0.152001042E+02  -0.156469071E+02
   0.305154579E+07   0.500000000E+04  -0.149400156E+02  -0.129072799E+02  -0.141176886E+02  -0.148412944E+02  -0.151180973E+02  -0.152355396E+02  -0.138366405E+02  -0.138889675E+02  -0.146338521E+02  -0.151800156E+02  -0.156268184E+02
   0.315015358E+07   0.500000000E+04  -0.149190178E+02  -0.128862822E+02  -0.140966909E+02  -0.148202967E+02  -0.150970996E+02  -0.152145419E+02  -0.138156428E+02  -0.138679697E+02  -0.146128544E+02  -0.151590178E+02  -0.156058207E+02
   0.325388115E+07   0.500000000E+04  -0.148970990E+02  -0.128643634E+02  -0.140747720E+02  -0.147983778E+02  -0.150751807E+02  -0.151926230E+02  -0.137937239E+02  -0.138460509E+02  -0.145909355E+02  -0.151370990E+02  -0.155839019E+02
   0.325388115E+07   0.500000000E+04  -0.148979248E+02  -0.128651892E+02  -0.140755978E+02  -0.147992036E+02  -0.150760065E+02  -0.151934488E+02  -0.137945497E+02  -0.138468767E+02  -0.145917613E+02  -0.151379248E+02  -0.155847277E+02
   0.335613510E+07   0.500000000E+04  -0.148698836E+02  -0.128371480E+02  -0.140475566E+02  -0.147711624E+02  -0.150479653E+02  -0.151654076E+02  -0.137665085E+02  -0.138188355E+02  -0.145637201E+02  -0.151098836E+02  -0.155566865E+02
   0.345745493E+07   0.500000000E+04  -0.148432046E+02  -0.128104690E+02  -0.140208777E+02  -0.147444835E+02  -0.150212864E+02  -0.151387287E+02  -0.137398296E+02  -0.137921565E+02  -0.145370412E+02  -0.150832046E+02  -0.155300075E+02
   0.355938680E+07   0.500000000E+04  -0.148133906E+02  -0.127806549E+02  -0.139910636E+02  -0.147146694E+02  -0.149914723E+02  -0.151089146E+02  -0.137100155E+02  -0.137623425E+02  -0.145072271E+02  -0.150533906E+02  -0.155001934E+02
   0.366124101E+07   0.500000000E+04  -0.147855587E+02  -0.127528231E+02  -0.139632318E+02  -0.146868376E+02  -0.149636404E+02  -0.150810828E+02  -0.136821837E+02  -0.137345106E+02  -0.144793952E+02  -0.150255587E+02  -0.154723616E+02
   0.376368134E+07   0.500000000E+04  -0.147521546E+02  -0.127194190E+02  -0.139298277E+02  -0.146534334E+02  -0.149302363E+02  -0.150476786E+02  -0.136487796E+02  -0.137011065E+02  -0.144459911E+02  -0.149921546E+02  -0.154389575E+02
   0.386758020E+07   0.500000000E+04  -0.147185408E+02  -0.126858052E+02  -0.138962139E+02  -0.146198197E+02  -0.148966226E+02  -0.150140649E+02  -0.136151658E+02  -0.136674928E+02  -0.144123774E+02  -0.149585408E+02  -0.154053437E+02
   0.396897023E+07   0.500000000E+04  -0.146776683E+02  -0.126449327E+02  -0.138553414E+02  -0.145789472E+02  -0.148557501E+02  -0.149731924E+02  -0.135742933E+02  -0.136266203E+02  -0.143715049E+02  -0.149176683E+02  -0.153644712E+02
   0.407136632E+07   0.500000000E+04  -0.146316731E+02  -0.125989375E+02  -0.138093462E+02  -0.145329519E+02  -0.148097548E+02  -0.149271972E+02  -0.135282981E+02  -0.135806250E+02  -0.143255096E+02  -0.148716731E+02  -0.153184760E+02
   0.417263879E+07   0.500000000E+04  -0.145852735E+02  -0.125525379E+02  -0.137629466E+02  -0.144865524E+02  -0.147633553E+02  -0.148807976E+02  -0.134818985E+02  -0.135342254E+02  -0.142791101E+02  -0.148252735E+02  -0.152720764E+02
   0.427748880E+07   0.500000000E+04  -0.145314282E+02  -0.124986926E+02  -0.137091013E+02  -0.144327071E+02  -0.147095100E+02  -0.148269523E+02  -0.134280532E+02  -0.134803801E+02  -0.142252647E+02  -0.147714282E+02  -0.152182311E+02
   0.437725940E+07   0.500000000E+04  -0.144736334E+02  -0.124408978E+02  -0.136513065E+02  -0.143749123E+02  -0.146517151E+02  -0.147691575E+02  -0.133702584E+02  -0.134225853E+02  -0.141674699E+02  -0.147136334E+02  -0.151604363E+02
   0.448012591E+07   0.500000000E+04  -0.144095738E+02  -0.123768382E+02  -0.135872469E+02  -0.143108527E+02  -0.145876555E+02  -0.147050979E+02  -0.133061988E+02  -0.133585257E+02  -0.141034103E+02  -0.146495738E+02  -0.150963767E+02
   0.458470485E+07   0.500000000E+04  -0.143363497E+02  -0.123036141E+02  -0.135140227E+02  -0.142376285E+02  -0.145144314E+02  -0.146318737E+02  -0.132329747E+02  -0.132853016E+02  -0.140301862E+02  -0.145763497E+02  -0.150231526E+02
   0.468255576E+07   0.500000000E+04  -0.142660880E+02  -0.122333524E+02  -0.134437610E+02  -0.141673668E+02  -0.144441697E+02  -0.145616120E+02  -0.131627129E+02  -0.132150399E+02  -0.139599245E+02  -0.145060880E+02  -0.149528909E+02
   0.478465718E+07   0.500000000E+04  -0.141754176E+02  -0.121426820E+02  -0.133530907E+02  -0.140766965E+02  -0.143534994E+02  -0.144709417E+02  -0.130720426E+02  -0.131243695E+02  -0.138692542E+02  -0.144154176E+02  -0.148622205E+02
   0.488899227E+07   0.500000000E+04  -0.140785823E+02  -0.120458466E+02  -0.132562553E+02  -0.139798611E+02  -0.142566640E+02  -0.143741063E+02  -0.129752072E+02  -0.130275342E+02  -0.137724188E+02  -0.143185823E+02  -0.147653852E+02
   0.499131892E+07   0.500000000E+04  -0.139579421E+02  -0.119252065E+02  -0.131356152E+02  -0.138592210E+02  -0.141360239E+02  -0.142534662E+02  -0.128545671E+02  -0.129068940E+02  -0.136517787E+02  -0.141979421E+02  -0.146447450E+02
