   0.000000000E+00  -2.096069546E+51   1.219185881E+51   3.954042005E+48  -8.729296230E+50   0.000000000E+00
   2.206490743E+01  -1.734929350E+50   5.431735291E+50   7.477065399E+50   1.117387134E+51   1.990316757E+51
   1.003014021E+04  -6.483976760E+47   1.917898506E+48   1.122633874E+51   1.123903375E+51   1.996832998E+51
   2.008818671E+04  -3.240918135E+47   9.201907283E+47   1.123309343E+51   1.123905442E+51   1.996835065E+51
   3.009270977E+04  -2.164655689E+47   6.095819978E+47   1.123517005E+51   1.123910121E+51   1.996839744E+51
   4.014466616E+04  -1.622894462E+47   4.616935383E+47   1.123619028E+51   1.123918432E+51   1.996848055E+51
   5.025883758E+04  -1.296238148E+47   3.772769237E+47   1.123680882E+51   1.123928535E+51   1.996858158E+51
   6.041281636E+04  -1.078230301E+47   3.243091372E+47   1.123723150E+51   1.123939636E+51   1.996869259E+51
   7.059223928E+04  -9.225986519E+46   2.891601914E+47   1.123754488E+51   1.123951389E+51   1.996881012E+51
   8.060905464E+04  -8.078150507E+46   2.654111042E+47   1.123778806E+51   1.123963435E+51   1.996893058E+51
   9.120844263E+04  -7.136571577E+46   2.519533611E+47   1.124453446E+51   1.124634034E+51   1.997563657E+51
   1.014718166E+05  -6.413646460E+46   2.476069671E+47   1.124472352E+51   1.124655822E+51   1.997585445E+51
   1.119812986E+05  -5.810691674E+46   2.459905660E+47   1.124490674E+51   1.124678558E+51   1.997608181E+51
   1.224597222E+05  -5.312545455E+46   2.463848494E+47   1.124508264E+51   1.124701524E+51   1.997631147E+51
   1.325144061E+05  -4.909007765E+46   2.481647481E+47   1.124524665E+51   1.124723740E+51   1.997653363E+51
   1.426385971E+05  -4.560216899E+46   2.510574885E+47   1.124540786E+51   1.124746241E+51   1.997675864E+51
   1.526817633E+05  -4.259915042E+46   2.548350349E+47   1.124556422E+51   1.124768658E+51   1.997698281E+51
   1.636178133E+05  -3.974830177E+46   2.598251465E+47   1.124573069E+51   1.124793146E+51   1.997722769E+51
   1.743299107E+05  -3.729444939E+46   2.649480322E+47   1.125215668E+51   1.125443322E+51   1.998372945E+51
   1.847429889E+05  -3.518889262E+46   2.690056098E+47   1.125230757E+51   1.125464574E+51   1.998394197E+51
   1.945223797E+05  -3.341661555E+46   2.734103192E+47   1.125244539E+51   1.125484532E+51   1.998414155E+51
   2.049893526E+05  -3.170698163E+46   2.786771379E+47   1.125258922E+51   1.125505893E+51   1.998435516E+51
   2.145606411E+05  -3.028958273E+46   2.839284345E+47   1.125271783E+51   1.125525422E+51   1.998455045E+51
   2.247366202E+05  -2.891500454E+46   2.899099587E+47   1.125285187E+51   1.125546182E+51   1.998475805E+51
   2.355711420E+05  -2.758197476E+46   2.966737261E+47   1.125299190E+51   1.125568282E+51   1.998497905E+51
   2.451456995E+05  -2.650203021E+46   3.029483701E+47   1.125311362E+51   1.125587808E+51   1.998517431E+51
   2.552564790E+05  -2.544955736E+46   3.098406073E+47   1.125324032E+51   1.125608423E+51   1.998538046E+51
   2.660078288E+05  -2.441229292E+46   3.164131593E+47   1.125986877E+51   1.126278878E+51   1.999208501E+51
   2.751474460E+05  -2.359911167E+46   3.217050431E+47   1.125997996E+51   1.126296102E+51   1.999225725E+51
   2.847225882E+05  -2.280319355E+46   3.274605679E+47   1.126009475E+51   1.126314132E+51   1.999243756E+51
   2.947611526E+05  -2.202429701E+46   3.337024675E+47   1.126021342E+51   1.126333020E+51   1.999262643E+51
   3.052932198E+05  -2.126219295E+46   3.404553764E+47   1.126033626E+51   1.126352819E+51   1.999282442E+51
   3.163512102E+05  -2.051666684E+46   3.477453651E+47   1.126046358E+51   1.126373587E+51   1.999303210E+51
   3.279700541E+05  -1.978752001E+46   3.555996533E+47   1.126059572E+51   1.126395384E+51   1.999325007E+51
   3.370747761E+05  -1.925129856E+46   3.618788693E+47   1.126069819E+51   1.126412446E+51   1.999342069E+51
   3.465330228E+05  -1.872411673E+46   3.685060530E+47   1.126080372E+51   1.126430154E+51   1.999359777E+51
   3.564353728E+05  -1.819844176E+46   3.738796500E+47   1.126739678E+51   1.127095359E+51   2.000024982E+51
   3.667714316E+05  -1.768383009E+46   3.796619989E+47   1.126750954E+51   1.127112932E+51   2.000042555E+51
   3.775267009E+05  -1.717829313E+46   3.858286052E+47   1.126762538E+51   1.127131188E+51   2.000060812E+51
   3.887228204E+05  -1.668178514E+46   3.923953928E+47   1.126774449E+51   1.127150163E+51   2.000079786E+51
   4.003826656E+05  -1.619426384E+46   3.993800533E+47   1.126786706E+51   1.127169891E+51   2.000099514E+51
   4.125304398E+05  -1.571568950E+46   4.068013959E+47   1.126799328E+51   1.127190414E+51   2.000120037E+51
   4.209126195E+05  -1.540159173E+46   4.120012401E+47   1.126807956E+51   1.127204556E+51   2.000134179E+51
   4.295309744E+05  -1.509144274E+46   4.174099951E+47   1.126816763E+51   1.127219081E+51   2.000148705E+51
   4.383937762E+05  -1.478208803E+46   4.223999342E+47   1.127535778E+51   1.127943396E+51   2.000873019E+51
   4.476679855E+05  -1.454767420E+46   4.259653083E+47   1.127543974E+51   1.127955391E+51   2.000885014E+51
   4.577941901E+05  -1.421981149E+46   4.312381930E+47   1.127554113E+51   1.127971131E+51   2.000900754E+51
   4.689716254E+05  -1.387465367E+46   4.371730660E+47   1.127565178E+51   1.127988476E+51   2.000918100E+51
   4.781098058E+05  -1.360467392E+46   4.421081134E+47   1.127574132E+51   1.128002636E+51   2.000932259E+51
   4.879506267E+05  -1.332544278E+46   4.475007236E+47   1.127583687E+51   1.128017863E+51   2.000947486E+51
   4.985481144E+05  -1.303728120E+46   4.533932731E+47   1.127593881E+51   1.128034237E+51   2.000963860E+51
   5.099604496E+05  -1.274058143E+46   4.598316372E+47   1.127604752E+51   1.128051843E+51   2.000981466E+51
   5.222502864E+05  -1.243580745E+46   4.668653180E+47   1.127616344E+51   1.128070774E+51   2.001000397E+51
   5.309641219E+05  -1.222720808E+46   4.708441588E+47   1.128482785E+51   1.128941402E+51   2.001871025E+51
   5.401190953E+05  -1.201664542E+46   4.751382017E+47   1.128491269E+51   1.128954391E+51   2.001884014E+51
   5.497375392E+05  -1.180309544E+46   4.797216581E+47   1.128500101E+51   1.128968019E+51   2.001897642E+51
   5.598429169E+05  -1.158675986E+46   4.846112881E+47   1.128509293E+51   1.128982317E+51   2.001911940E+51
   5.704598793E+05  -1.136785253E+46   4.898251736E+47   1.128518860E+51   1.128997317E+51   2.001926940E+51
   5.816143254E+05  -1.114659879E+46   4.953827360E+47   1.128528818E+51   1.129013054E+51   2.001942677E+51
   5.933334654E+05  -1.092323458E+46   5.013045297E+47   1.128539183E+51   1.129029564E+51   2.001959187E+51
   6.056458868E+05  -1.069800558E+46   5.076121103E+47   1.128549971E+51   1.129046885E+51   2.001976508E+51
   6.185816246E+05  -1.047030132E+46   5.135373424E+47   1.129450095E+51   1.129953163E+51   2.002882786E+51
   6.252930367E+05  -1.035636886E+46   5.162994082E+47   1.129455876E+51   1.129961819E+51   2.002891442E+51
   6.321722340E+05  -1.024213258E+46   5.191623903E+47   1.129461765E+51   1.129970685E+51   2.002900308E+51
   6.392234114E+05  -1.012762622E+46   5.221291495E+47   1.129467764E+51   1.129979765E+51   2.002909388E+51
   6.464508681E+05  -1.001288385E+46   5.252024389E+47   1.129473875E+51   1.129989065E+51   2.002918688E+51
   6.538590113E+05  -9.897939796E+45   5.283850605E+47   1.129480101E+51   1.129998588E+51   2.002928211E+51
   6.614523581E+05  -9.782828665E+45   5.316800014E+47   1.129486444E+51   1.130008341E+51   2.002937964E+51
   6.692355385E+05  -9.667585247E+45   5.350904605E+47   1.129492906E+51   1.130018329E+51   2.002947952E+51
   6.772132984E+05  -9.552244495E+45   5.386197564E+47   1.129499489E+51   1.130028557E+51   2.002958180E+51
   6.853905024E+05  -9.436841481E+45   5.422712551E+47   1.129506196E+51   1.130039030E+51   2.002968653E+51
   6.937721364E+05  -9.321770436E+45   5.460364373E+47   1.129513018E+51   1.130049733E+51   2.002979356E+51
   7.023362558E+05  -9.207766079E+45   5.498935012E+47   1.129519925E+51   1.130060611E+51   2.002990234E+51
   7.110320355E+05  -9.092936898E+45   5.528219496E+47   1.130696810E+51   1.131240539E+51   2.004170162E+51
   7.110320355E+05  -9.149575053E+45   5.513503856E+47   1.130694996E+51   1.131237197E+51   2.004166820E+51
   7.200566244E+05  -9.032792922E+45   5.544974503E+47   1.130702228E+51   1.131247692E+51   2.004177315E+51
   7.295380831E+05  -8.913266949E+45   5.578563506E+47   1.130709763E+51   1.131258707E+51   2.004188330E+51
   7.394995406E+05  -8.791050117E+45   5.614394882E+47   1.130717616E+51   1.131270265E+51   2.004199888E+51
   7.499652969E+05  -8.666204528E+45   5.652603057E+47   1.130725798E+51   1.131282392E+51   2.004212015E+51
   7.609608822E+05  -8.538801526E+45   5.693335080E+47   1.130734321E+51   1.131295116E+51   2.004224739E+51
   7.725131189E+05  -8.408921763E+45   5.736748446E+47   1.130743199E+51   1.131308465E+51   2.004238088E+51
   7.846501876E+05  -8.276655213E+45   5.783009758E+47   1.130752446E+51   1.131322470E+51   2.004252093E+51
   7.974016954E+05  -8.142101103E+45   5.832294184E+47   1.130762075E+51   1.131337163E+51   2.004266786E+51
   8.108835137E+05  -8.037266960E+45   5.862708613E+47   1.131980327E+51   1.132558561E+51   2.005488184E+51
   8.218396954E+05  -7.927944796E+45   5.896246753E+47   1.131988454E+51   1.132570151E+51   2.005499774E+51
   8.336383048E+05  -7.813493820E+45   5.933011999E+47   1.131997125E+51   1.132582613E+51   2.005512236E+51
   8.420038464E+05  -7.734326287E+45   5.959457900E+47   1.132003224E+51   1.132591436E+51   2.005521059E+51
   8.507928936E+05  -7.652860455E+45   5.987563736E+47   1.132009591E+51   1.132600695E+51   2.005530318E+51
   8.600268863E+05  -7.569098435E+45   6.017431574E+47   1.132016236E+51   1.132610410E+51   2.005540033E+51
   8.697283499E+05  -7.483048215E+45   6.049169778E+47   1.132023171E+51   1.132620605E+51   2.005550228E+51
   9.205234616E+05  -7.084416377E+45   6.184695310E+47   1.133318713E+51   1.133930098E+51   2.006859721E+51
   9.717688628E+05  -6.703271741E+45   6.325961367E+47   1.133353354E+51   1.133979247E+51   2.006908870E+51
   1.024041659E+06  -6.354087004E+45   6.445083445E+47   1.134841652E+51   1.135479806E+51   2.008409429E+51
   1.076219204E+06  -6.039984570E+45   6.559466844E+47   1.136168681E+51   1.136818588E+51   2.009748211E+51
   1.131142334E+06  -5.741607184E+45   6.662017479E+47   1.136202087E+51   1.136862548E+51   2.009792171E+51
   1.186886581E+06  -5.489011859E+45   6.743223594E+47   1.137940107E+51   1.138608940E+51   2.011538563E+51
   1.239343699E+06  -5.252079948E+45   6.822192479E+47   1.137969867E+51   1.138646834E+51   2.011576457E+51
   1.296837013E+06  -5.014572732E+45   6.887082979E+47   1.139757973E+51   1.140441666E+51   2.013371290E+51
   1.348056695E+06  -4.820290781E+45   6.941323968E+47   1.141797372E+51   1.142486684E+51   2.015416307E+51
   1.396934936E+06  -4.648660967E+45   6.982580241E+47   1.141822455E+51   1.142516064E+51   2.015445687E+51
   1.452236179E+06  -4.468450619E+45   7.017440311E+47   1.143907467E+51   1.144604743E+51   2.017534366E+51
   1.501665312E+06  -4.318952783E+45   7.043523762E+47   1.143931242E+51   1.144631275E+51   2.017560898E+51
   1.556225827E+06  -4.164993022E+45   7.057506084E+47   1.146397299E+51   1.147098884E+51   2.020028507E+51
   1.600832109E+06  -4.047148053E+45   7.066847893E+47   1.146417450E+51   1.147120088E+51   2.020049711E+51
   1.649073308E+06  -3.946274967E+45   7.063769022E+47   1.149148791E+51   1.149851221E+51   2.022780844E+51
   1.704134640E+06  -3.816146475E+45   7.059646741E+47   1.151979926E+51   1.152682075E+51   2.025611698E+51
   1.756678915E+06  -3.699855039E+45   7.046889503E+47   1.152001612E+51   1.152702601E+51   2.025632224E+51
   1.869264424E+06  -3.472980393E+45   7.006776088E+47   1.155137714E+51   1.155834919E+51   2.028764542E+51
   1.975869066E+06  -3.282257550E+45   6.938607570E+47   1.161823408E+51   1.162513986E+51   2.035443609E+51
   2.083117529E+06  -3.110527172E+45   6.850419838E+47   1.165411819E+51   1.166093750E+51   2.039023373E+51
   2.083117529E+06  -3.125002739E+45   6.858805027E+47   1.165410205E+51   1.166092960E+51   2.039022584E+51
   2.192187803E+06  -2.966402416E+45   6.757682242E+47   1.169874853E+51   1.170547655E+51   2.043477278E+51
   2.301059329E+06  -2.823352981E+45   6.644416855E+47   1.174797344E+51   1.175458962E+51   2.048388585E+51
   2.415659679E+06  -2.686951354E+45   6.517775832E+47   1.179174648E+51   1.179823739E+51   2.052753362E+51
   2.530952141E+06  -2.562490857E+45   6.383799588E+47   1.189481869E+51   1.190117686E+51   2.063047309E+51
   2.640974156E+06  -2.453978552E+45   6.251797215E+47   1.195191762E+51   1.195814488E+51   2.068744111E+51
   2.739313588E+06  -2.364590618E+45   6.132310979E+47   1.202087332E+51   1.202698198E+51   2.075627822E+51
   2.847861921E+06  -2.273068579E+45   5.999546349E+47   1.209397291E+51   1.209994972E+51   2.082924595E+51
   2.847861921E+06  -2.284531408E+45   6.016754086E+47   1.209395737E+51   1.209995128E+51   2.082924751E+51
   2.940018079E+06  -2.211597936E+45   5.905314428E+47   1.216938721E+51   1.217527041E+51   2.090456664E+51
   3.046890968E+06  -2.132630862E+45   5.779168595E+47   1.224209327E+51   1.224785112E+51   2.097714735E+51
   3.148878301E+06  -2.062371674E+45   5.659707553E+47   1.233344863E+51   1.233908771E+51   2.106838394E+51
   3.264267607E+06  -1.988341582E+45   5.525702383E+47   1.243093290E+51   1.243643872E+51   2.116573495E+51
   3.367404409E+06  -1.926468249E+45   5.410409635E+47   1.253308856E+51   1.253847970E+51   2.126777593E+51
   3.482724547E+06  -1.869601158E+45   5.294102249E+47   1.274577990E+51   1.275105531E+51   2.148035154E+51
   3.584269432E+06  -1.815726355E+45   5.180434425E+47   1.287162444E+51   1.287678672E+51   2.160608295E+51
   3.681172324E+06  -1.767157580E+45   5.074060276E+47   1.299976729E+51   1.300482368E+51   2.173411991E+51
   3.790809052E+06  -1.715213976E+45   4.955729358E+47   1.313763339E+51   1.314257197E+51   2.187186820E+51
   3.888804109E+06  -1.671302393E+45   4.853429010E+47   1.326150133E+51   1.326633804E+51   2.199563427E+51
   3.996972316E+06  -1.625344295E+45   4.741868387E+47   1.337033938E+51   1.337506499E+51   2.210436122E+51
   4.085405894E+06  -1.589520606E+45   4.651864319E+47   1.347019843E+51   1.347483440E+51   2.220413063E+51
   4.180639185E+06  -1.552645642E+45   4.557288591E+47   1.354026300E+51   1.354480477E+51   2.227410100E+51
   4.283195024E+06  -1.514806176E+45   4.457983666E+47   1.360039818E+51   1.360484101E+51   2.233413724E+51
   4.393636445E+06  -1.476057068E+45   4.354678905E+47   1.365802144E+51   1.366236136E+51   2.239165759E+51
   4.512569776E+06  -1.436492041E+45   4.248692082E+47   1.370570885E+51   1.370994318E+51   2.243923941E+51
   4.596896810E+06  -1.409723010E+45   4.176222316E+47   1.370579187E+51   1.370995399E+51   2.243925022E+51
   4.685492900E+06  -1.382614519E+45   4.099482640E+47   1.375247830E+51   1.375656396E+51   2.248586019E+51
   4.778574166E+06  -1.355249175E+45   4.022538475E+47   1.377823568E+51   1.378224467E+51   2.251154090E+51
   4.876367672E+06  -1.327638534E+45   3.944918226E+47   1.380647318E+51   1.381040482E+51   2.253970105E+51
   4.979111975E+06  -1.308248444E+45   3.889077230E+47   1.383698849E+51   1.384086449E+51   2.257016072E+51
