   0.000000000E+00   0.171849944E+05  -0.480624731E+01  -0.537145843E+01  -0.518131768E+01  -0.487624731E+01  -0.461871212E+01  -0.435364175E+01  -0.617392325E+01  -0.513131768E+01  -0.503378250E+01  -0.501624731E+01  -0.497871212E+01
   0.220649074E+02   0.171853772E+05  -0.480629197E+01  -0.537152260E+01  -0.518136885E+01  -0.487629197E+01  -0.461875353E+01  -0.435367666E+01  -0.617398416E+01  -0.513136885E+01  -0.503383041E+01  -0.501629197E+01  -0.497875353E+01
   0.100301402E+05   0.388858050E+05  -0.139021317E+02  -0.149312202E+02  -0.145066760E+02  -0.140121317E+02  -0.136521317E+02  -0.133175874E+02  -0.157112202E+02  -0.144866760E+02  -0.142221317E+02  -0.141121317E+02  -0.139875874E+02
   0.200881867E+05   0.264032923E+05  -0.143805632E+02  -0.152470414E+02  -0.148988023E+02  -0.144796827E+02  -0.141505632E+02  -0.138414436E+02  -0.160370414E+02  -0.148688023E+02  -0.146696827E+02  -0.145905632E+02  -0.144914436E+02
   0.300927098E+05   0.210704596E+05  -0.145530461E+02  -0.152767293E+02  -0.150065194E+02  -0.146397828E+02  -0.143430461E+02  -0.140563095E+02  -0.160767293E+02  -0.149732560E+02  -0.148097828E+02  -0.147630461E+02  -0.146963095E+02
   0.401446662E+05   0.175150056E+05  -0.146468349E+02  -0.152287213E+02  -0.150280925E+02  -0.147171493E+02  -0.144568349E+02  -0.141865205E+02  -0.160290357E+02  -0.149780925E+02  -0.148774637E+02  -0.148571493E+02  -0.148165205E+02
   0.502588376E+05   0.153881638E+05  -0.146592749E+02  -0.151213238E+02  -0.149944387E+02  -0.147292749E+02  -0.144875537E+02  -0.142458324E+02  -0.159313238E+02  -0.149361600E+02  -0.148709962E+02  -0.148775537E+02  -0.148558324E+02
   0.604128164E+05   0.140025162E+05  -0.146508170E+02  -0.150045954E+02  -0.149336074E+02  -0.147108170E+02  -0.144926194E+02  -0.142562243E+02  -0.158163978E+02  -0.148636074E+02  -0.148372122E+02  -0.148608170E+02  -0.148644218E+02
   0.705922393E+05   0.130165188E+05  -0.146235252E+02  -0.148830299E+02  -0.148644162E+02  -0.146812480E+02  -0.144780797E+02  -0.142603570E+02  -0.157053071E+02  -0.147921389E+02  -0.147889707E+02  -0.148358025E+02  -0.148580797E+02
   0.806090546E+05   0.122471054E+05  -0.145913559E+02  -0.147715600E+02  -0.147964579E+02  -0.146403763E+02  -0.144623355E+02  -0.142533151E+02  -0.156015600E+02  -0.147154783E+02  -0.147393967E+02  -0.148103763E+02  -0.148423355E+02
   0.912084426E+05   0.115962535E+05  -0.145598416E+02  -0.146617147E+02  -0.147257782E+02  -0.146010289E+02  -0.144386543E+02  -0.142374670E+02  -0.154917147E+02  -0.146369655E+02  -0.146922162E+02  -0.147710289E+02  -0.148186543E+02
   0.101471817E+06   0.109975245E+05  -0.145221838E+02  -0.145411962E+02  -0.146434633E+02  -0.145557304E+02  -0.144086373E+02  -0.142215441E+02  -0.153711962E+02  -0.145534633E+02  -0.146392770E+02  -0.147321838E+02  -0.147950907E+02
   0.111981299E+06   0.103747559E+05  -0.144670718E+02  -0.143941123E+02  -0.145478138E+02  -0.144970718E+02  -0.143667008E+02  -0.141963298E+02  -0.152289268E+02  -0.144529993E+02  -0.145674428E+02  -0.146818863E+02  -0.147615153E+02
   0.122459722E+06   0.982272323E+04  -0.144257934E+02  -0.142616005E+02  -0.144700121E+02  -0.144531632E+02  -0.143410538E+02  -0.141863143E+02  -0.151016005E+02  -0.143673819E+02  -0.145079027E+02  -0.146457934E+02  -0.147436841E+02
   0.132514406E+06   0.932943200E+04  -0.143860295E+02  -0.141266915E+02  -0.143863351E+02  -0.144060805E+02  -0.143159277E+02  -0.141758259E+02  -0.149666915E+02  -0.142763860E+02  -0.144461823E+02  -0.146060295E+02  -0.147258768E+02
   0.142638597E+06   0.890963496E+04  -0.143553949E+02  -0.139960237E+02  -0.143090217E+02  -0.143687701E+02  -0.142986443E+02  -0.141718938E+02  -0.148492732E+02  -0.141923969E+02  -0.143955206E+02  -0.145753949E+02  -0.147086443E+02
   0.152681763E+06   0.854554953E+04  -0.143284153E+02  -0.138795334E+02  -0.142402704E+02  -0.143358231E+02  -0.142835995E+02  -0.141687838E+02  -0.147395334E+02  -0.141176783E+02  -0.143506389E+02  -0.145484153E+02  -0.146961916E+02
   0.163617813E+06   0.816885103E+04  -0.142891296E+02  -0.137438561E+02  -0.141560020E+02  -0.142901114E+02  -0.142571661E+02  -0.141552025E+02  -0.146038561E+02  -0.140269837E+02  -0.142920749E+02  -0.145091296E+02  -0.146761843E+02
   0.174329911E+06   0.784251700E+04  -0.142493695E+02  -0.136057896E+02  -0.140651213E+02  -0.142444530E+02  -0.142292024E+02  -0.141390354E+02  -0.144707061E+02  -0.139351213E+02  -0.142297037E+02  -0.144693695E+02  -0.146541189E+02
   0.184742989E+06   0.757350790E+04  -0.142161732E+02  -0.134889431E+02  -0.139876396E+02  -0.142063361E+02  -0.142058473E+02  -0.141255214E+02  -0.143587802E+02  -0.138576396E+02  -0.141768249E+02  -0.144361732E+02  -0.146356844E+02
   0.194522380E+06   0.733612910E+04  -0.141738194E+02  -0.133631510E+02  -0.139079668E+02  -0.141593379E+02  -0.141727826E+02  -0.141107089E+02  -0.142376326E+02  -0.137690037E+02  -0.141203747E+02  -0.143938194E+02  -0.146117458E+02
   0.204989353E+06   0.710778112E+04  -0.141297141E+02  -0.132384207E+02  -0.138280281E+02  -0.141107534E+02  -0.141376356E+02  -0.140934786E+02  -0.141173814E+02  -0.136801066E+02  -0.140628319E+02  -0.143497141E+02  -0.145855571E+02
   0.214560641E+06   0.691159523E+04  -0.140869298E+02  -0.131166964E+02  -0.137498247E+02  -0.140609064E+02  -0.141059648E+02  -0.140719881E+02  -0.139997081E+02  -0.135968131E+02  -0.140018714E+02  -0.143069298E+02  -0.145559648E+02
   0.224736620E+06   0.672025858E+04  -0.140424903E+02  -0.129917789E+02  -0.136691702E+02  -0.140084192E+02  -0.140735971E+02  -0.140476682E+02  -0.138788145E+02  -0.135121346E+02  -0.139373125E+02  -0.142624903E+02  -0.145235971E+02
   0.235571142E+06   0.653697730E+04  -0.139964011E+02  -0.128663565E+02  -0.135868561E+02  -0.139554466E+02  -0.140392646E+02  -0.140221281E+02  -0.137573110E+02  -0.134249471E+02  -0.138725831E+02  -0.142173556E+02  -0.144902191E+02
   0.245145699E+06   0.639004067E+04  -0.139530338E+02  -0.127533981E+02  -0.135103501E+02  -0.139087654E+02  -0.140058389E+02  -0.139986440E+02  -0.136476665E+02  -0.133418134E+02  -0.138159603E+02  -0.141773022E+02  -0.144601073E+02
   0.255256479E+06   0.624820205E+04  -0.139120933E+02  -0.126452810E+02  -0.134374207E+02  -0.138646260E+02  -0.139744950E+02  -0.139768968E+02  -0.135427482E+02  -0.132624862E+02  -0.137622242E+02  -0.141395605E+02  -0.144319623E+02
   0.266007829E+06   0.610876050E+04  -0.138692854E+02  -0.125348460E+02  -0.133627220E+02  -0.138179727E+02  -0.139419107E+02  -0.139538798E+02  -0.134355023E+02  -0.131820657E+02  -0.137066601E+02  -0.140992854E+02  -0.144025671E+02
   0.275147446E+06   0.600590696E+04  -0.138353479E+02  -0.124461859E+02  -0.133039106E+02  -0.137790604E+02  -0.139179228E+02  -0.139373540E+02  -0.133493297E+02  -0.131207669E+02  -0.136627730E+02  -0.140653479E+02  -0.143810665E+02
   0.284722588E+06   0.591198791E+04  -0.138043378E+02  -0.123652068E+02  -0.132501874E+02  -0.137435077E+02  -0.138959980E+02  -0.139222431E+02  -0.132706219E+02  -0.130647723E+02  -0.136226776E+02  -0.140343378E+02  -0.143614130E+02
   0.294761153E+06   0.581505768E+04  -0.137752591E+02  -0.122845570E+02  -0.131976673E+02  -0.137097407E+02  -0.138762959E+02  -0.139095734E+02  -0.131923162E+02  -0.130099081E+02  -0.135842224E+02  -0.140052591E+02  -0.143440550E+02
   0.305293220E+06   0.572435752E+04  -0.137463745E+02  -0.122074160E+02  -0.131468479E+02  -0.136764692E+02  -0.138561851E+02  -0.138960431E+02  -0.131173686E+02  -0.129568952E+02  -0.135465638E+02  -0.139763745E+02  -0.143261378E+02
   0.316351210E+06   0.563581369E+04  -0.137169945E+02  -0.121231166E+02  -0.130923005E+02  -0.136447496E+02  -0.138359742E+02  -0.138849538E+02  -0.130353615E+02  -0.128978107E+02  -0.135057700E+02  -0.139492394E+02  -0.143104640E+02
   0.327970054E+06   0.555285432E+04  -0.136916274E+02  -0.120461284E+02  -0.130432737E+02  -0.136172316E+02  -0.138192106E+02  -0.138767937E+02  -0.129605242E+02  -0.128444821E+02  -0.134696484E+02  -0.139260232E+02  -0.142980022E+02
   0.337074776E+06   0.549123283E+04  -0.136726816E+02  -0.119888389E+02  -0.130067537E+02  -0.135966881E+02  -0.138066553E+02  -0.138706291E+02  -0.129048323E+02  -0.128047668E+02  -0.134427143E+02  -0.139086750E+02  -0.142886422E+02
   0.346533023E+06   0.543167614E+04  -0.136561282E+02  -0.119352266E+02  -0.129732150E+02  -0.135785906E+02  -0.137962785E+02  -0.138664287E+02  -0.128527642E+02  -0.127681399E+02  -0.134184404E+02  -0.138936658E+02  -0.142813536E+02
   0.356435373E+06   0.536598636E+04  -0.136341970E+02  -0.118724203E+02  -0.129325493E+02  -0.135549563E+02  -0.137811597E+02  -0.138581225E+02  -0.127916610E+02  -0.127240679E+02  -0.133879935E+02  -0.138734377E+02  -0.142696411E+02
   0.366771432E+06   0.530085430E+04  -0.136147873E+02  -0.118078806E+02  -0.128928288E+02  -0.135327942E+02  -0.137677770E+02  -0.138517631E+02  -0.127288772E+02  -0.126808357E+02  -0.133588081E+02  -0.138547873E+02  -0.142597700E+02
   0.377526701E+06   0.524316312E+04  -0.135970186E+02  -0.117468074E+02  -0.128558136E+02  -0.135118178E+02  -0.137548199E+02  -0.138452215E+02  -0.126694079E+02  -0.126406128E+02  -0.133314161E+02  -0.138370186E+02  -0.142500207E+02
   0.388722820E+06   0.518285102E+04  -0.135806222E+02  -0.116851392E+02  -0.128192964E+02  -0.134920679E+02  -0.137434536E+02  -0.138405622E+02  -0.126094163E+02  -0.126007421E+02  -0.133049593E+02  -0.138206222E+02  -0.142420079E+02
   0.400382666E+06   0.512541252E+04  -0.135645617E+02  -0.116259640E+02  -0.127840738E+02  -0.134728138E+02  -0.137321837E+02  -0.138356797E+02  -0.125518380E+02  -0.125623259E+02  -0.132793178E+02  -0.138045617E+02  -0.142339317E+02
   0.412530440E+06   0.506796386E+04  -0.135499346E+02  -0.115682144E+02  -0.127502812E+02  -0.134549924E+02  -0.137223480E+02  -0.138322325E+02  -0.124956855E+02  -0.125253390E+02  -0.132551079E+02  -0.137899346E+02  -0.142272902E+02
   0.420912620E+06   0.503020122E+04  -0.135412049E+02  -0.115311391E+02  -0.127289534E+02  -0.134441630E+02  -0.137167678E+02  -0.138308516E+02  -0.124596601E+02  -0.125019115E+02  -0.132400792E+02  -0.137812049E+02  -0.142238097E+02
   0.429530974E+06   0.500000000E+04  -0.135329750E+02  -0.115002394E+02  -0.127106480E+02  -0.134342538E+02  -0.137110567E+02  -0.138284990E+02  -0.124295999E+02  -0.124819269E+02  -0.132268115E+02  -0.137729750E+02  -0.142197779E+02
   0.438393776E+06   0.500000000E+04  -0.135244277E+02  -0.114916920E+02  -0.127021007E+02  -0.134257065E+02  -0.137025094E+02  -0.138199517E+02  -0.124210526E+02  -0.124733796E+02  -0.132182642E+02  -0.137644277E+02  -0.142112305E+02
   0.447667985E+06   0.500000000E+04  -0.135144339E+02  -0.114816983E+02  -0.126921070E+02  -0.134157128E+02  -0.136925157E+02  -0.138099580E+02  -0.124110589E+02  -0.124633858E+02  -0.132082705E+02  -0.137544339E+02  -0.142012368E+02
   0.457794190E+06   0.500000000E+04  -0.135049544E+02  -0.114722188E+02  -0.126826274E+02  -0.134062332E+02  -0.136830361E+02  -0.138004784E+02  -0.124015793E+02  -0.124539063E+02  -0.131987909E+02  -0.137449544E+02  -0.141917573E+02
   0.468971625E+06   0.500000000E+04  -0.134987700E+02  -0.114660344E+02  -0.126764430E+02  -0.134000488E+02  -0.136768517E+02  -0.137942940E+02  -0.123953949E+02  -0.124477219E+02  -0.131926065E+02  -0.137387700E+02  -0.141855729E+02
   0.478109806E+06   0.500000000E+04  -0.134951445E+02  -0.114624089E+02  -0.126728176E+02  -0.133964234E+02  -0.136732263E+02  -0.137906686E+02  -0.123917695E+02  -0.124440964E+02  -0.131889811E+02  -0.137351445E+02  -0.141819474E+02
   0.487950627E+06   0.500000000E+04  -0.134930932E+02  -0.114603575E+02  -0.126707662E+02  -0.133943720E+02  -0.136711749E+02  -0.137886172E+02  -0.123897181E+02  -0.124420451E+02  -0.131869297E+02  -0.137330932E+02  -0.141798960E+02
   0.498548114E+06   0.500000000E+04  -0.134930855E+02  -0.114603499E+02  -0.126707586E+02  -0.133943644E+02  -0.136711673E+02  -0.137886096E+02  -0.123897105E+02  -0.124420375E+02  -0.131869221E+02  -0.137330855E+02  -0.141798884E+02
   0.509960450E+06   0.500000000E+04  -0.134935960E+02  -0.114608604E+02  -0.126712690E+02  -0.133948748E+02  -0.136716777E+02  -0.137891200E+02  -0.123902210E+02  -0.124425479E+02  -0.131874325E+02  -0.137335960E+02  -0.141803989E+02
   0.522250286E+06   0.500000000E+04  -0.134960684E+02  -0.114633328E+02  -0.126737414E+02  -0.133973472E+02  -0.136741501E+02  -0.137915924E+02  -0.123926934E+02  -0.124450203E+02  -0.131899049E+02  -0.137360684E+02  -0.141828713E+02
   0.530964122E+06   0.500000000E+04  -0.134866123E+02  -0.114538766E+02  -0.126642853E+02  -0.133878911E+02  -0.136646940E+02  -0.137821363E+02  -0.123832372E+02  -0.124355642E+02  -0.131804488E+02  -0.137266123E+02  -0.141734151E+02
   0.540119095E+06   0.500000000E+04  -0.134844741E+02  -0.114517385E+02  -0.126621472E+02  -0.133857530E+02  -0.136625559E+02  -0.137799982E+02  -0.123810991E+02  -0.124334260E+02  -0.131783107E+02  -0.137244741E+02  -0.141712770E+02
   0.549737539E+06   0.500000000E+04  -0.134861967E+02  -0.114534611E+02  -0.126638698E+02  -0.133874756E+02  -0.136642784E+02  -0.137817208E+02  -0.123828217E+02  -0.124351486E+02  -0.131800332E+02  -0.137261967E+02  -0.141729996E+02
   0.559842917E+06   0.500000000E+04  -0.134893706E+02  -0.114566349E+02  -0.126670436E+02  -0.133906494E+02  -0.136674523E+02  -0.137848946E+02  -0.123859955E+02  -0.124383225E+02  -0.131832071E+02  -0.137293706E+02  -0.141761734E+02
   0.570459879E+06   0.500000000E+04  -0.134936773E+02  -0.114609416E+02  -0.126713503E+02  -0.133949561E+02  -0.136717590E+02  -0.137892013E+02  -0.123903022E+02  -0.124426292E+02  -0.131875138E+02  -0.137336773E+02  -0.141804801E+02
   0.581614325E+06   0.500000000E+04  -0.135000730E+02  -0.114673374E+02  -0.126777461E+02  -0.134013518E+02  -0.136781547E+02  -0.137955970E+02  -0.123966980E+02  -0.124490249E+02  -0.131939095E+02  -0.137400730E+02  -0.141868759E+02
   0.593333465E+06   0.500000000E+04  -0.135089433E+02  -0.114762077E+02  -0.126866164E+02  -0.134102221E+02  -0.136870250E+02  -0.138044673E+02  -0.124055683E+02  -0.124578952E+02  -0.132027798E+02  -0.137489433E+02  -0.141957462E+02
   0.605645887E+06   0.500000000E+04  -0.135191237E+02  -0.114863881E+02  -0.126967968E+02  -0.134204026E+02  -0.136972055E+02  -0.138146478E+02  -0.124157487E+02  -0.124680756E+02  -0.132129603E+02  -0.137591237E+02  -0.142059266E+02
   0.618581625E+06   0.500000000E+04  -0.135170244E+02  -0.114842888E+02  -0.126946975E+02  -0.134183033E+02  -0.136951061E+02  -0.138125485E+02  -0.124136494E+02  -0.124659763E+02  -0.132108609E+02  -0.137570244E+02  -0.142038273E+02
   0.625293037E+06   0.500000000E+04  -0.135195748E+02  -0.114868392E+02  -0.126972478E+02  -0.134208536E+02  -0.136976565E+02  -0.138150988E+02  -0.124161997E+02  -0.124685267E+02  -0.132134113E+02  -0.137595748E+02  -0.142063777E+02
   0.632172234E+06   0.500000000E+04  -0.135257499E+02  -0.114930143E+02  -0.127034230E+02  -0.134270288E+02  -0.137038317E+02  -0.138212740E+02  -0.124223749E+02  -0.124747018E+02  -0.132195865E+02  -0.137657499E+02  -0.142125528E+02
   0.639223411E+06   0.500000000E+04  -0.135317161E+02  -0.114989805E+02  -0.127093892E+02  -0.134329950E+02  -0.137097979E+02  -0.138272402E+02  -0.124283411E+02  -0.124806680E+02  -0.132255527E+02  -0.137717161E+02  -0.142185190E+02
   0.646450868E+06   0.500000000E+04  -0.135385374E+02  -0.115058018E+02  -0.127162105E+02  -0.134398162E+02  -0.137166191E+02  -0.138340614E+02  -0.124351624E+02  -0.124874893E+02  -0.132323739E+02  -0.137785374E+02  -0.142253403E+02
   0.653859011E+06   0.500000000E+04  -0.135469035E+02  -0.115141679E+02  -0.127245766E+02  -0.134481823E+02  -0.137249852E+02  -0.138424275E+02  -0.124435285E+02  -0.124958554E+02  -0.132407400E+02  -0.137869035E+02  -0.142337064E+02
   0.661452358E+06   0.500000000E+04  -0.135559310E+02  -0.115231954E+02  -0.127336041E+02  -0.134572098E+02  -0.137340127E+02  -0.138514550E+02  -0.124525560E+02  -0.125048829E+02  -0.132497675E+02  -0.137959310E+02  -0.142427339E+02
   0.669235538E+06   0.500000000E+04  -0.135657098E+02  -0.115329742E+02  -0.127433829E+02  -0.134669887E+02  -0.137437916E+02  -0.138612339E+02  -0.124623348E+02  -0.125146617E+02  -0.132595464E+02  -0.138057098E+02  -0.142525127E+02
   0.677213298E+06   0.500000000E+04  -0.135761890E+02  -0.115434533E+02  -0.127538620E+02  -0.134774678E+02  -0.137542707E+02  -0.138717130E+02  -0.124728139E+02  -0.125251409E+02  -0.132700255E+02  -0.138161890E+02  -0.142629918E+02
   0.685390502E+06   0.500000000E+04  -0.135875086E+02  -0.115547729E+02  -0.127651816E+02  -0.134887874E+02  -0.137655903E+02  -0.138830326E+02  -0.124841335E+02  -0.125364605E+02  -0.132813451E+02  -0.138275086E+02  -0.142743115E+02
   0.693772136E+06   0.500000000E+04  -0.135996040E+02  -0.115668684E+02  -0.127772770E+02  -0.135008828E+02  -0.137776857E+02  -0.138951280E+02  -0.124962289E+02  -0.125485559E+02  -0.132934405E+02  -0.138396040E+02  -0.142864069E+02
   0.702336256E+06   0.500000000E+04  -0.136130839E+02  -0.115803483E+02  -0.127907570E+02  -0.135143628E+02  -0.137911657E+02  -0.139086080E+02  -0.125097089E+02  -0.125620358E+02  -0.133069205E+02  -0.138530839E+02  -0.142998868E+02
   0.711032036E+06   0.500000000E+04  -0.136017258E+02  -0.115689902E+02  -0.127793989E+02  -0.135030047E+02  -0.137798076E+02  -0.138972499E+02  -0.124983508E+02  -0.125506777E+02  -0.132955624E+02  -0.138417258E+02  -0.142885287E+02
   0.711032036E+06   0.500000000E+04  -0.135961778E+02  -0.115634422E+02  -0.127738509E+02  -0.134974567E+02  -0.137742596E+02  -0.138917019E+02  -0.124928028E+02  -0.125451297E+02  -0.132900144E+02  -0.138361778E+02  -0.142829807E+02
   0.720056624E+06   0.500000000E+04  -0.136095030E+02  -0.115767674E+02  -0.127871760E+02  -0.135107818E+02  -0.137875847E+02  -0.139050270E+02  -0.125061279E+02  -0.125584549E+02  -0.133033395E+02  -0.138495030E+02  -0.142963059E+02
   0.729538083E+06   0.500000000E+04  -0.136240540E+02  -0.115913184E+02  -0.128017271E+02  -0.135253329E+02  -0.138021358E+02  -0.139195781E+02  -0.125206790E+02  -0.125730059E+02  -0.133178906E+02  -0.138640540E+02  -0.143108569E+02
   0.739499541E+06   0.500000000E+04  -0.136406060E+02  -0.116078704E+02  -0.128182791E+02  -0.135418849E+02  -0.138186878E+02  -0.139361301E+02  -0.125372310E+02  -0.125895579E+02  -0.133344426E+02  -0.138806060E+02  -0.143274089E+02
   0.749965297E+06   0.500000000E+04  -0.136588593E+02  -0.116261237E+02  -0.128365323E+02  -0.135601381E+02  -0.138369410E+02  -0.139543833E+02  -0.125554842E+02  -0.126078112E+02  -0.133526958E+02  -0.138988593E+02  -0.143456622E+02
   0.760960882E+06   0.500000000E+04  -0.136788283E+02  -0.116460927E+02  -0.128565014E+02  -0.135801072E+02  -0.138569101E+02  -0.139743524E+02  -0.125754533E+02  -0.126277802E+02  -0.133726649E+02  -0.139188283E+02  -0.143656312E+02
   0.772513119E+06   0.500000000E+04  -0.137006684E+02  -0.116679327E+02  -0.128783414E+02  -0.136019472E+02  -0.138787501E+02  -0.139961924E+02  -0.125972933E+02  -0.126496203E+02  -0.133945049E+02  -0.139406684E+02  -0.143874713E+02
   0.784650188E+06   0.500000000E+04  -0.137244883E+02  -0.116917527E+02  -0.129021613E+02  -0.136257671E+02  -0.139025700E+02  -0.140200123E+02  -0.126211132E+02  -0.126734402E+02  -0.134183248E+02  -0.139644883E+02  -0.144112912E+02
   0.797401695E+06   0.500000000E+04  -0.137504822E+02  -0.117177466E+02  -0.129281553E+02  -0.136517611E+02  -0.139285640E+02  -0.140460063E+02  -0.126471072E+02  -0.126994341E+02  -0.134443188E+02  -0.139904822E+02  -0.144372851E+02
   0.810883514E+06   0.500000000E+04  -0.137521138E+02  -0.117193782E+02  -0.129297869E+02  -0.136533927E+02  -0.139301956E+02  -0.140476379E+02  -0.126487388E+02  -0.127010657E+02  -0.134459504E+02  -0.139921138E+02  -0.144389167E+02
   0.821839695E+06   0.500000000E+04  -0.137741198E+02  -0.117413842E+02  -0.129517929E+02  -0.136753987E+02  -0.139522016E+02  -0.140696439E+02  -0.126707448E+02  -0.127230717E+02  -0.134679563E+02  -0.140141198E+02  -0.144609227E+02
   0.833638305E+06   0.500000000E+04  -0.137979137E+02  -0.117651781E+02  -0.129755868E+02  -0.136991925E+02  -0.139759954E+02  -0.140934377E+02  -0.126945387E+02  -0.127468656E+02  -0.134917502E+02  -0.140379137E+02  -0.144847166E+02
   0.842003846E+06   0.500000000E+04  -0.138149422E+02  -0.117822065E+02  -0.129926152E+02  -0.137162210E+02  -0.139930239E+02  -0.141104662E+02  -0.127115671E+02  -0.127638941E+02  -0.135087787E+02  -0.140549422E+02  -0.145017451E+02
   0.850792894E+06   0.500000000E+04  -0.138331721E+02  -0.118004364E+02  -0.130108451E+02  -0.137344509E+02  -0.140112538E+02  -0.141286961E+02  -0.127297970E+02  -0.127821240E+02  -0.135270086E+02  -0.140731721E+02  -0.145199749E+02
   0.860026886E+06   0.500000000E+04  -0.138524856E+02  -0.118197500E+02  -0.130301586E+02  -0.137537644E+02  -0.140305673E+02  -0.141480096E+02  -0.127491105E+02  -0.128014375E+02  -0.135463221E+02  -0.140924856E+02  -0.145392885E+02
   0.869728350E+06   0.500000000E+04  -0.138729483E+02  -0.118402127E+02  -0.130506213E+02  -0.137742271E+02  -0.140510300E+02  -0.141684723E+02  -0.127695732E+02  -0.128219002E+02  -0.135667848E+02  -0.141129483E+02  -0.145597512E+02
   0.920523462E+06   0.500000000E+04  -0.139523962E+02  -0.119196606E+02  -0.131300692E+02  -0.138536750E+02  -0.141304779E+02  -0.142479202E+02  -0.128490211E+02  -0.129013481E+02  -0.136462327E+02  -0.141923962E+02  -0.146391991E+02
   0.971768863E+06   0.500000000E+04  -0.140595351E+02  -0.120267995E+02  -0.132372082E+02  -0.139608140E+02  -0.142376169E+02  -0.143550592E+02  -0.129561601E+02  -0.130084870E+02  -0.137533716E+02  -0.142995351E+02  -0.147463380E+02
   0.102404166E+07   0.500000000E+04  -0.141463575E+02  -0.121136218E+02  -0.133240305E+02  -0.140476363E+02  -0.143244392E+02  -0.144418815E+02  -0.130429824E+02  -0.130953094E+02  -0.138401940E+02  -0.143863575E+02  -0.148331603E+02
   0.107621920E+07   0.500000000E+04  -0.142275042E+02  -0.121947686E+02  -0.134051773E+02  -0.141287831E+02  -0.144055859E+02  -0.145230283E+02  -0.131241292E+02  -0.131764561E+02  -0.139213407E+02  -0.144675042E+02  -0.149143071E+02
   0.113114233E+07   0.500000000E+04  -0.143269812E+02  -0.122942456E+02  -0.135046542E+02  -0.142282600E+02  -0.145050629E+02  -0.146225052E+02  -0.132236061E+02  -0.132759331E+02  -0.140208177E+02  -0.145669812E+02  -0.150137841E+02
   0.118688658E+07   0.500000000E+04  -0.143967807E+02  -0.123640451E+02  -0.135744538E+02  -0.142980596E+02  -0.145748625E+02  -0.146923048E+02  -0.132934057E+02  -0.133457326E+02  -0.140906173E+02  -0.146367807E+02  -0.150835836E+02
   0.123934370E+07   0.500000000E+04  -0.144815330E+02  -0.124487974E+02  -0.136592061E+02  -0.143828119E+02  -0.146596148E+02  -0.147770571E+02  -0.133781580E+02  -0.134304849E+02  -0.141753696E+02  -0.147215330E+02  -0.151683359E+02
   0.129683701E+07   0.500000000E+04  -0.145562511E+02  -0.125235155E+02  -0.137339242E+02  -0.144575300E+02  -0.147343329E+02  -0.148517752E+02  -0.134528761E+02  -0.135052030E+02  -0.142500876E+02  -0.147962511E+02  -0.152430540E+02
   0.134805670E+07   0.500000000E+04  -0.146127992E+02  -0.125800636E+02  -0.137904722E+02  -0.145140780E+02  -0.147908809E+02  -0.149083232E+02  -0.135094242E+02  -0.135617511E+02  -0.143066357E+02  -0.148527992E+02  -0.152996021E+02
   0.139693494E+07   0.500000000E+04  -0.146778477E+02  -0.126451121E+02  -0.138555208E+02  -0.145791266E+02  -0.148559295E+02  -0.149733718E+02  -0.135744727E+02  -0.136267996E+02  -0.143716842E+02  -0.149178477E+02  -0.153646506E+02
   0.145223618E+07   0.500000000E+04  -0.147355330E+02  -0.127027974E+02  -0.139132061E+02  -0.146368119E+02  -0.149136147E+02  -0.150310571E+02  -0.136321580E+02  -0.136844849E+02  -0.144293695E+02  -0.149755330E+02  -0.154223359E+02
   0.150166531E+07   0.500000000E+04  -0.147898857E+02  -0.127571501E+02  -0.139675588E+02  -0.146911646E+02  -0.149679675E+02  -0.150854098E+02  -0.136865107E+02  -0.137388376E+02  -0.144837223E+02  -0.150298857E+02  -0.154766886E+02
   0.155622583E+07   0.500000000E+04  -0.148387061E+02  -0.128059705E+02  -0.140163792E+02  -0.147399850E+02  -0.150167879E+02  -0.151342302E+02  -0.137353311E+02  -0.137876580E+02  -0.145325427E+02  -0.150787061E+02  -0.155255090E+02
   0.160083211E+07   0.500000000E+04  -0.148785297E+02  -0.128457941E+02  -0.140562028E+02  -0.147798086E+02  -0.150566115E+02  -0.151740538E+02  -0.137751547E+02  -0.138274816E+02  -0.145723663E+02  -0.151185297E+02  -0.155653326E+02
   0.164907331E+07   0.500000000E+04  -0.149039209E+02  -0.128711853E+02  -0.140815940E+02  -0.148051998E+02  -0.150820026E+02  -0.151994450E+02  -0.138005459E+02  -0.138528728E+02  -0.145977574E+02  -0.151439209E+02  -0.155907238E+02
   0.170413464E+07   0.500000000E+04  -0.149341244E+02  -0.129013888E+02  -0.141117974E+02  -0.148354032E+02  -0.151122061E+02  -0.152296484E+02  -0.138307493E+02  -0.138830763E+02  -0.146279609E+02  -0.151741244E+02  -0.156209273E+02
   0.175667891E+07   0.500000000E+04  -0.149661481E+02  -0.129334125E+02  -0.141438212E+02  -0.148674270E+02  -0.151442299E+02  -0.152616722E+02  -0.138627731E+02  -0.139151000E+02  -0.146599847E+02  -0.152061481E+02  -0.156529510E+02
   0.186926442E+07   0.500000000E+04  -0.150149626E+02  -0.129822270E+02  -0.141926357E+02  -0.149162415E+02  -0.151930444E+02  -0.153104867E+02  -0.139115876E+02  -0.139639146E+02  -0.147087992E+02  -0.152549626E+02  -0.157017655E+02
   0.197586907E+07   0.500000000E+04  -0.150408212E+02  -0.130080856E+02  -0.142184943E+02  -0.149421001E+02  -0.152189030E+02  -0.153363453E+02  -0.139374462E+02  -0.139897731E+02  -0.147346578E+02  -0.152808212E+02  -0.157276241E+02
   0.208311753E+07   0.500000000E+04  -0.150563272E+02  -0.130235916E+02  -0.142340002E+02  -0.149576060E+02  -0.152344089E+02  -0.153518512E+02  -0.139529521E+02  -0.140052791E+02  -0.147501637E+02  -0.152963272E+02  -0.157431301E+02
   0.208311753E+07   0.500000000E+04  -0.150554030E+02  -0.130226674E+02  -0.142330761E+02  -0.149566819E+02  -0.152334848E+02  -0.153509271E+02  -0.139520280E+02  -0.140043549E+02  -0.147492396E+02  -0.152954030E+02  -0.157422059E+02
   0.219218780E+07   0.500000000E+04  -0.150596469E+02  -0.130269113E+02  -0.142373200E+02  -0.149609258E+02  -0.152377287E+02  -0.153551710E+02  -0.139562719E+02  -0.140085988E+02  -0.147534834E+02  -0.152996469E+02  -0.157464498E+02
   0.230105933E+07   0.500000000E+04  -0.150553171E+02  -0.130225815E+02  -0.142329902E+02  -0.149565960E+02  -0.152333989E+02  -0.153508412E+02  -0.139519421E+02  -0.140042690E+02  -0.147491537E+02  -0.152953171E+02  -0.157421200E+02
   0.241565968E+07   0.500000000E+04  -0.150446739E+02  -0.130119383E+02  -0.142223469E+02  -0.149459527E+02  -0.152227556E+02  -0.153401979E+02  -0.139412988E+02  -0.139936258E+02  -0.147385104E+02  -0.152846739E+02  -0.157314768E+02
   0.253095214E+07   0.500000000E+04  -0.150301119E+02  -0.129973763E+02  -0.142077850E+02  -0.149313908E+02  -0.152081937E+02  -0.153256360E+02  -0.139267369E+02  -0.139790638E+02  -0.147239485E+02  -0.152701119E+02  -0.157169148E+02
   0.264097416E+07   0.500000000E+04  -0.150132654E+02  -0.129805298E+02  -0.141909385E+02  -0.149145442E+02  -0.151913471E+02  -0.153087894E+02  -0.139098904E+02  -0.139622173E+02  -0.147071019E+02  -0.152532654E+02  -0.157000683E+02
   0.273931359E+07   0.500000000E+04  -0.149966024E+02  -0.129638667E+02  -0.141742754E+02  -0.148978812E+02  -0.151746841E+02  -0.152921264E+02  -0.138932273E+02  -0.139455543E+02  -0.146904389E+02  -0.152366024E+02  -0.156834053E+02
   0.284786192E+07   0.500000000E+04  -0.149747425E+02  -0.129420069E+02  -0.141524155E+02  -0.148760213E+02  -0.151528242E+02  -0.152702665E+02  -0.138713674E+02  -0.139236944E+02  -0.146685790E+02  -0.152147425E+02  -0.156615454E+02
   0.284786192E+07   0.500000000E+04  -0.149786955E+02  -0.129459599E+02  -0.141563686E+02  -0.148799743E+02  -0.151567772E+02  -0.152742195E+02  -0.138753205E+02  -0.139276474E+02  -0.146725320E+02  -0.152186955E+02  -0.156654984E+02
   0.294001808E+07   0.500000000E+04  -0.149595342E+02  -0.129267986E+02  -0.141372073E+02  -0.148608130E+02  -0.151376159E+02  -0.152550582E+02  -0.138561592E+02  -0.139084861E+02  -0.146533707E+02  -0.151995342E+02  -0.156463371E+02
   0.304689097E+07   0.500000000E+04  -0.149383535E+02  -0.129056179E+02  -0.141160266E+02  -0.148396324E+02  -0.151164353E+02  -0.152338776E+02  -0.138349785E+02  -0.138873054E+02  -0.146321900E+02  -0.151783535E+02  -0.156251564E+02
   0.314887830E+07   0.500000000E+04  -0.149153691E+02  -0.128826335E+02  -0.140930422E+02  -0.148166480E+02  -0.150934509E+02  -0.152108932E+02  -0.138119941E+02  -0.138643211E+02  -0.146092057E+02  -0.151553691E+02  -0.156021720E+02
   0.326426761E+07   0.500000000E+04  -0.148878049E+02  -0.128550693E+02  -0.140654780E+02  -0.147890837E+02  -0.150658866E+02  -0.151833289E+02  -0.137844299E+02  -0.138367568E+02  -0.145816414E+02  -0.151278049E+02  -0.155746078E+02
   0.336740441E+07   0.500000000E+04  -0.148613563E+02  -0.128286207E+02  -0.140390294E+02  -0.147626351E+02  -0.150394380E+02  -0.151568803E+02  -0.137579813E+02  -0.138103082E+02  -0.145551928E+02  -0.151013563E+02  -0.155481592E+02
   0.348272455E+07   0.500000000E+04  -0.148390207E+02  -0.128062851E+02  -0.140166938E+02  -0.147402996E+02  -0.150171025E+02  -0.151345448E+02  -0.137356457E+02  -0.137879726E+02  -0.145328572E+02  -0.150790207E+02  -0.155258236E+02
   0.358426943E+07   0.500000000E+04  -0.148067125E+02  -0.127739768E+02  -0.139843855E+02  -0.147079913E+02  -0.149847942E+02  -0.151022365E+02  -0.137033374E+02  -0.137556644E+02  -0.145005490E+02  -0.150467125E+02  -0.154935153E+02
   0.368117232E+07   0.500000000E+04  -0.147740953E+02  -0.127413596E+02  -0.139517683E+02  -0.146753741E+02  -0.149521770E+02  -0.150696193E+02  -0.136707202E+02  -0.137230472E+02  -0.144679318E+02  -0.150140953E+02  -0.154608981E+02
   0.379080905E+07   0.500000000E+04  -0.147348288E+02  -0.127020932E+02  -0.139125019E+02  -0.146361077E+02  -0.149129106E+02  -0.150303529E+02  -0.136314538E+02  -0.136837807E+02  -0.144286654E+02  -0.149748288E+02  -0.154216317E+02
   0.388880411E+07   0.500000000E+04  -0.146965707E+02  -0.126638351E+02  -0.138742438E+02  -0.145978495E+02  -0.148746524E+02  -0.149920948E+02  -0.135931957E+02  -0.136455226E+02  -0.143904072E+02  -0.149365707E+02  -0.153833736E+02
   0.399697232E+07   0.500000000E+04  -0.146515772E+02  -0.126188416E+02  -0.138292503E+02  -0.145528561E+02  -0.148296590E+02  -0.149471013E+02  -0.135482022E+02  -0.136005291E+02  -0.143454137E+02  -0.148915772E+02  -0.153383801E+02
   0.408540589E+07   0.500000000E+04  -0.146121981E+02  -0.125794625E+02  -0.137898712E+02  -0.145134769E+02  -0.147902798E+02  -0.149077222E+02  -0.135088231E+02  -0.135611500E+02  -0.143060346E+02  -0.148521981E+02  -0.152990010E+02
   0.418063919E+07   0.500000000E+04  -0.145633661E+02  -0.125306305E+02  -0.137410392E+02  -0.144646449E+02  -0.147414478E+02  -0.148588901E+02  -0.134599911E+02  -0.135123180E+02  -0.142572026E+02  -0.148033661E+02  -0.152501690E+02
   0.428319502E+07   0.500000000E+04  -0.145093088E+02  -0.124765732E+02  -0.136869818E+02  -0.144105876E+02  -0.146873905E+02  -0.148048328E+02  -0.134059337E+02  -0.134582607E+02  -0.142031453E+02  -0.147493088E+02  -0.151961117E+02
   0.439363644E+07   0.500000000E+04  -0.144456979E+02  -0.124129623E+02  -0.136233710E+02  -0.143469768E+02  -0.146237797E+02  -0.147412220E+02  -0.133423229E+02  -0.133946498E+02  -0.141395345E+02  -0.146856979E+02  -0.151325008E+02
   0.451256978E+07   0.500000000E+04  -0.143637526E+02  -0.123310170E+02  -0.135414257E+02  -0.142650315E+02  -0.145418344E+02  -0.146592767E+02  -0.132603776E+02  -0.133127046E+02  -0.140575892E+02  -0.146037526E+02  -0.150505555E+02
   0.459689681E+07   0.500000000E+04  -0.143058955E+02  -0.122731599E+02  -0.134835686E+02  -0.142071743E+02  -0.144839772E+02  -0.146014195E+02  -0.132025205E+02  -0.132548474E+02  -0.139997320E+02  -0.145458955E+02  -0.149926984E+02
   0.468549290E+07   0.500000000E+04  -0.142330420E+02  -0.122003064E+02  -0.134107151E+02  -0.141343209E+02  -0.144111238E+02  -0.145285661E+02  -0.131296670E+02  -0.131819939E+02  -0.139268786E+02  -0.144730420E+02  -0.149198449E+02
   0.477857417E+07   0.500000000E+04  -0.141384304E+02  -0.121056948E+02  -0.133161035E+02  -0.140397092E+02  -0.143165121E+02  -0.144339544E+02  -0.130350554E+02  -0.130873823E+02  -0.138322669E+02  -0.143784304E+02  -0.148252333E+02
   0.487636767E+07   0.500000000E+04  -0.140402059E+02  -0.120074703E+02  -0.132178790E+02  -0.139414847E+02  -0.142182876E+02  -0.143357300E+02  -0.129368309E+02  -0.129891578E+02  -0.137340424E+02  -0.142802059E+02  -0.147270088E+02
   0.497911197E+07   0.500000000E+04  -0.139534234E+02  -0.119206878E+02  -0.131310965E+02  -0.138547023E+02  -0.141315052E+02  -0.142489475E+02  -0.128500484E+02  -0.129023753E+02  -0.136472600E+02  -0.141934234E+02  -0.146402263E+02
