  0.0000000000E+000  0.0000000000E+000
  2.2311918107E+001  9.8525756240E+033
  1.0057474123E+004  9.8524985715E+033
  2.0164399863E+004  9.8522029390E+033
  3.0213502192E+004  9.8516818019E+033
  4.0316176277E+004  9.8511654264E+033
  5.0489164060E+004  9.8503102540E+033
  6.0708563822E+004  9.8488575720E+033
  7.0958841593E+004  9.8464990191E+033
  8.1049666649E+004  9.8432576491E+033
  9.1740264487E+004  9.8389277067E+033
  1.0208773871E+005  9.8341148120E+033
  1.1268742958E+005  9.8286061634E+033
  1.2325980336E+005  9.8231357690E+033
  1.3339746912E+005  9.8177807098E+033
  1.4360544371E+005  9.8124474110E+033
  1.5373355008E+005  9.8070221792E+033
  1.6476452683E+005  9.8007551701E+033
  1.7558967542E+005  9.7939575125E+033
  1.8610035895E+005  9.7867072735E+033
  1.9597403587E+005  9.7791753692E+033
  2.0654470279E+005  9.7702425179E+033
  2.1621325692E+005  9.7613816771E+033
  2.2649510777E+005  9.7511857444E+033
  2.3744501009E+005  9.7393765282E+033
  2.4712369552E+005  9.7280236813E+033
  2.5734652608E+005  9.7155683075E+033
  2.6825335025E+005  9.7013757750E+033
  2.7749934723E+005  9.6887870445E+033
  2.8718764689E+005  9.6747164788E+033
  2.9734667830E+005  9.6605447886E+033
  3.0800709190E+005  9.6442531294E+033
  3.1920191893E+005  9.6272367028E+033
  3.3096674593E+005  9.6086278549E+033
  3.4018738050E+005  9.5934473670E+033
  3.4976739954E+005  9.5774478130E+033
  3.5983543450E+005  9.5592535573E+033
  3.7030889818E+005  9.5415275203E+033
  3.8120865403E+005  9.5206625501E+033
  3.9255674335E+005  9.5002784524E+033
  4.0437647407E+005  9.4771344054E+033
  4.1669251245E+005  9.4533518017E+033
  4.2519176551E+005  9.4368569204E+033
  4.3393129001E+005  9.4178186819E+033
  4.4296782463E+005  9.4004243879E+033
  4.5010655660E+005  9.3845236883E+033
  4.6048591636E+005  9.3608189356E+033
  4.7194278747E+005  9.3373890094E+033
  4.8130942244E+005  9.3152884426E+033
  4.9139626383E+005  9.2921709659E+033
  5.0225868876E+005  9.2702210322E+033
  5.1395633234E+005  9.2425123352E+033
  5.2655341503E+005  9.2134345986E+033
  5.3548509641E+005  9.1933700468E+033
  5.4486894415E+005  9.1669332345E+033
  5.5472784919E+005  9.1468416452E+033
  5.6508586129E+005  9.1237387690E+033
  5.7596824775E+005  9.0962399524E+033
  5.8740155504E+005  9.0689549125E+033
  5.9941367350E+005  9.0446609619E+033
  6.1203390545E+005  9.0158252231E+033
  6.2529303666E+005  8.9855034546E+033
  6.3217223405E+005  8.9703357128E+033
  6.3922341137E+005  8.9536947380E+033
  6.4645086813E+005  8.9356666334E+033
  6.5385901131E+005  8.9159091201E+033
  6.6145235807E+005  8.9015943620E+033
  6.6923553850E+005  8.8865767545E+033
  6.7721329844E+005  8.8703002198E+033
  6.8539050237E+005  8.8526543729E+033
  6.9377213641E+005  8.8334993061E+033
  7.0233625582E+005  8.8125401253E+033
  7.1103203553E+005  8.7966244616E+033
  7.1548862262E+005  8.7894865638E+033
  7.2473882622E+005  8.7680912030E+033
  7.3445732137E+005  8.7442496995E+033
  7.4466781534E+005  8.7250515467E+033
  7.5539521557E+005  8.7059848190E+033
  7.6666569043E+005  8.6849401392E+033
  7.7850673309E+005  8.6616170594E+033
  7.9094722852E+005  8.6356062832E+033
  8.0401752404E+005  8.6111192901E+033
  8.1444577555E+005  8.5947908715E+033
  8.2567586184E+005  8.5732002950E+033
  8.3776943648E+005  8.5488850561E+033
  8.4634411667E+005  8.5307144513E+033
  8.5535289003E+005  8.5173647499E+033
  8.6481773255E+005  8.5030931146E+033
  8.7476173272E+005  8.4876319995E+033
  9.2390813169E+005  8.4031379910E+033
  9.7643466796E+005  8.3147730108E+033
  1.0300142845E+006  8.2309409178E+033
  1.0834962681E+006  8.1498512561E+033
  1.1397924763E+006  8.0653791756E+033
  1.1921562596E+006  7.9833303747E+033
  1.2459248063E+006  7.9057150995E+033
  1.3048554525E+006  7.8177245877E+033
  1.3573556271E+006  7.7403762763E+033
  1.4074558240E+006  7.6686416350E+033
  1.4641395981E+006  7.5903041704E+033
  1.5148044598E+006  7.5184840827E+033
  1.5707289871E+006  7.4468254693E+033
  1.6164504262E+006  7.3839559343E+033
  1.6576931583E+006  7.3346748987E+033
  1.7141310236E+006  7.2619961614E+033
  1.7679889048E+006  7.1980752821E+033
  1.8833890516E+006  7.0610540980E+033
  1.9926588095E+006  6.9380561109E+033
  2.0928530069E+006  6.8267061437E+033
  2.2046500375E+006  6.7067777999E+033
  2.3162433513E+006  6.5929640907E+033
  2.4337087108E+006  6.4799419750E+033
  2.5518834837E+006  6.3677791248E+033
  2.6646560492E+006  6.2609220665E+033
  2.7654539674E+006  6.1679292736E+033
  2.8622889651E+006  6.0788227027E+033
  2.9567490264E+006  5.9885136928E+033
  3.0662937377E+006  5.8856220888E+033
  3.1708307539E+006  5.7827825251E+033
  3.2891047926E+006  5.6651963718E+033
  3.3948200152E+006  5.5600215579E+033
  3.4986213957E+006  5.4479372685E+033
  3.6027049034E+006  5.3397734570E+033
  3.7020303678E+006  5.2347943687E+033
  3.8144080140E+006  5.1135737244E+033
  3.9148529469E+006  5.0056253290E+033
  4.0257253587E+006  4.8879046028E+033
  4.1163697764E+006  4.7905669675E+033
  4.2139839000E+006  4.6852689922E+033
  4.3191036346E+006  4.5716636541E+033
  4.4323060913E+006  4.4505864564E+033
  4.5542127556E+006  4.3182810651E+033
  4.6406479652E+006  4.2242723170E+033
  4.7314589573E+006  4.1204794374E+033
  4.8268672558E+006  4.0100710530E+033
  4.9271055995E+006  3.8883873261E+033
  5.0000000000E+006  3.7946690596E+033
  5.0000000000E+006  3.7946690596E+033
