 0007   0.101598E+00   0.296142E+09   0.291483E+10   0.130043E+10   0.911565E+14
 0008   0.136639E+00   0.359993E+09   0.182221E+10   0.125548E+10   0.682832E+14
 0009   0.174909E+00   0.429739E+09   0.182245E+10   0.121414E+10   0.524898E+14
 0010   0.218437E+00   0.505407E+09   0.173837E+10   0.116746E+10   0.412389E+14
 0011   0.266145E+00   0.584216E+09   0.165192E+10   0.112757E+10   0.329506E+14
 0012   0.316363E+00   0.665184E+09   0.161234E+10   0.109458E+10   0.266579E+14
 0013   0.366884E+00   0.747011E+09   0.161965E+10   0.107282E+10   0.217627E+14
 0014   0.425473E+00   0.834614E+09   0.149521E+10   0.104394E+10   0.178731E+14
 0015   0.493418E+00   0.927591E+09   0.136842E+10   0.101348E+10   0.147314E+14
 0016   0.556555E+00   0.101829E+10   0.143653E+10   0.100033E+10   0.121600E+14
 0017   0.637083E+00   0.111933E+10   0.125471E+10   0.973456E+09   0.100295E+14
 0018   0.721443E+00   0.122338E+10   0.123341E+10   0.952399E+09   0.824753E+13
 0019   0.794654E+00   0.132348E+10   0.136733E+10   0.950157E+09   0.674570E+13
 0020   0.886647E+00   0.143613E+10   0.122449E+10   0.936198E+09   0.547162E+13
 0021   0.984794E+00   0.155494E+10   0.121054E+10   0.923795E+09   0.438523E+13
 0022   0.109057E+01   0.168067E+10   0.118865E+10   0.914350E+09   0.345583E+13
 0023   0.120449E+01   0.181452E+10   0.117493E+10   0.907998E+09   0.265890E+13
 0024   0.132660E+01   0.195777E+10   0.117322E+10   0.907762E+09   0.197477E+13
 0025   0.148021E+01   0.212436E+10   0.108445E+10   0.896066E+09   0.138730E+13
 0026   0.162137E+01   0.229325E+10   0.119646E+10   0.906683E+09   0.102973E+13
 0027   0.179959E+01   0.249471E+10   0.113042E+10   0.920356E+09   0.844548E+12
 0028   0.199619E+01   0.273223E+10   0.120809E+10   0.953611E+09   0.680975E+12
 0029   0.225397E+01   0.304943E+10   0.123052E+10   0.101506E+10   0.540519E+12
 0030   0.263479E+01   0.354041E+10   0.128925E+10   0.102782E+10   0.425470E+12
 0031   0.305804E+01   0.414192E+10   0.142118E+10   0.106286E+10   0.335938E+12
 0032   0.376452E+01   0.502474E+10   0.124962E+10   0.100129E+10   0.269466E+12
 0033   0.442570E+01   0.586206E+10   0.126639E+10   0.969361E+09   0.220027E+12
 0034   0.521641E+01   0.674523E+10   0.111693E+10   0.937297E+09   0.182033E+12
 0035   0.603140E+01   0.763296E+10   0.108926E+10   0.914721E+09   0.152082E+12
 0036   0.693715E+01   0.856282E+10   0.102662E+10   0.892115E+09   0.127968E+12
 0037   0.790959E+01   0.953153E+10   0.996162E+09   0.871406E+09   0.108212E+12
 0038   0.884182E+01   0.104893E+11   0.102736E+10   0.861457E+09   0.917860E+11
 0039   0.997064E+01   0.115428E+11   0.933265E+09   0.842048E+09   0.779742E+11
 0040   0.110282E+02   0.125768E+11   0.977758E+09   0.836205E+09   0.662799E+11
 0041   0.123074E+02   0.137240E+11   0.896860E+09   0.819081E+09   0.562962E+11
 0042   0.134893E+02   0.148443E+11   0.947762E+09   0.816107E+09   0.477029E+11
 0043   0.149119E+02   0.160886E+11   0.874730E+09   0.806318E+09   0.402682E+11
 0044   0.164163E+02   0.174029E+11   0.873630E+09   0.799448E+09   0.338122E+11
 0045   0.180204E+02   0.188016E+11   0.871943E+09   0.795578E+09   0.281992E+11
 0046   0.197348E+02   0.203031E+11   0.875823E+09   0.793959E+09   0.233195E+11
 0047   0.215835E+02   0.219258E+11   0.877796E+09   0.794817E+09   0.190778E+11
 0048   0.235713E+02   0.236909E+11   0.887953E+09   0.800570E+09   0.153620E+11
 0049   0.260062E+02   0.257522E+11   0.846542E+09   0.800865E+09   0.122203E+11
 0050   0.283946E+02   0.279556E+11   0.922540E+09   0.814683E+09   0.948993E+10
 0051   0.316818E+02   0.307364E+11   0.845952E+09   0.805383E+09   0.716363E+10
 0052   0.346271E+02   0.333456E+11   0.885876E+09   0.811780E+09   0.543903E+10
 0053   0.374792E+02   0.359083E+11   0.898545E+09   0.827212E+09   0.414547E+10
 0054   0.409334E+02   0.387080E+11   0.810502E+09   0.834167E+09   0.316672E+10
 0055   0.439003E+02   0.413879E+11   0.903285E+09   0.855425E+09   0.242129E+10
 0056   0.472415E+02   0.442927E+11   0.869376E+09   0.871572E+09   0.184994E+10
 0057   0.505971E+02   0.473069E+11   0.898272E+09   0.893634E+09   0.140988E+10
 0058   0.539677E+02   0.504806E+11   0.941593E+09   0.926230E+09   0.107005E+10
 0059   0.578199E+02   0.541137E+11   0.943124E+09   0.960416E+09   0.808917E+09
 0060   0.618769E+02   0.582249E+11   0.101334E+10   0.996752E+09   0.610528E+09
 0061   0.662806E+02   0.629027E+11   0.106226E+10   0.102980E+10   0.460995E+09
 0062   0.710556E+02   0.681299E+11   0.109471E+10   0.105229E+10   0.349043E+09
 0063   0.762739E+02   0.737970E+11   0.108600E+10   0.106393E+10   0.265732E+09
 0064   0.813271E+02   0.794802E+11   0.112468E+10   0.108382E+10   0.203554E+09
 0065   0.866141E+02   0.853896E+11   0.111772E+10   0.110365E+10   0.156750E+09
 0066   0.919431E+02   0.914542E+11   0.113805E+10   0.112751E+10   0.121237E+09
 0067   0.972308E+02   0.976865E+11   0.117862E+10   0.115732E+10   0.940894E+08
 0068   0.103146E+03   0.104490E+12   0.115015E+10   0.117763E+10   0.732116E+08
 0069   0.109115E+03   0.111589E+12   0.118934E+10   0.119709E+10   0.570698E+08
 0070   0.114580E+03   0.118628E+12   0.128805E+10   0.123409E+10   0.445044E+08
 0071   0.120201E+03   0.126075E+12   0.132501E+10   0.127041E+10   0.346792E+08
 0072   0.126648E+03   0.134293E+12   0.127453E+10   0.130319E+10   0.269807E+08
 0073   0.133304E+03   0.143130E+12   0.132770E+10   0.133553E+10   0.209472E+08
 0074   0.139439E+03   0.152115E+12   0.146460E+10   0.139422E+10   0.162228E+08
 0075   0.146637E+03   0.162519E+12   0.144540E+10   0.144355E+10   0.125292E+08
 0076   0.154159E+03   0.174001E+12   0.152636E+10   0.150305E+10   0.964183E+07
 0077   0.163054E+03   0.187546E+12   0.152279E+10   0.155842E+10   0.738680E+07
 0078   0.171588E+03   0.202350E+12   0.173467E+10   0.162486E+10   0.563784E+07
 0079   0.182028E+03   0.219966E+12   0.168734E+10   0.166199E+10   0.428244E+07
 0080   0.192510E+03   0.238730E+12   0.179013E+10   0.170727E+10   0.323028E+07
 0081   0.204073E+03   0.259358E+12   0.178408E+10   0.172660E+10   0.242963E+07
 0082   0.215161E+03   0.279872E+12   0.185009E+10   0.176644E+10   0.183320E+07
 0083   0.228212E+03   0.302510E+12   0.173450E+10   0.176545E+10   0.139086E+07
 0084   0.239903E+03   0.323862E+12   0.182634E+10   0.180502E+10   0.106248E+07
 0085   0.251538E+03   0.345825E+12   0.188775E+10   0.184438E+10   0.816611E+06
 0086   0.262932E+03   0.368119E+12   0.195660E+10   0.191230E+10   0.629915E+06
 0087   0.275649E+03   0.393063E+12   0.196151E+10   0.196164E+10   0.487619E+06
 0088   0.288613E+03   0.419564E+12   0.204421E+10   0.202046E+10   0.379514E+06
 0089   0.302195E+03   0.448337E+12   0.211841E+10   0.208600E+10   0.297738E+06
 0090   0.316478E+03   0.479828E+12   0.220483E+10   0.216002E+10   0.236136E+06
 0091   0.331668E+03   0.514797E+12   0.230210E+10   0.225369E+10   0.189917E+06
 0092   0.347962E+03   0.554734E+12   0.245094E+10   0.237002E+10   0.155078E+06
 0093   0.367674E+03   0.603780E+12   0.248821E+10   0.247280E+10   0.128577E+06
 0094   0.389821E+03   0.661986E+12   0.262813E+10   0.253552E+10   0.107391E+06
 0095   0.412170E+03   0.724479E+12   0.279622E+10   0.260519E+10   0.884451E+05
 0096   0.436509E+03   0.792548E+12   0.279667E+10   0.270231E+10   0.698778E+05
 0097   0.464708E+03   0.871340E+12   0.279423E+10   0.283377E+10   0.501470E+05
 0098   0.493670E+03   0.963410E+12   0.317891E+10   0.306833E+10   0.268477E+05
 0099   0.529175E+03   0.108949E+13   0.355099E+10   0.362670E+10   0.918351E+04
