   0.000000000E+00  -2.096069546E+51   1.219185881E+51   3.954042005E+48  -8.729296230E+50   0.000000000E+00
   2.207003298E+01  -1.734913162E+50   5.429479933E+50   7.473523981E+50   1.116809075E+51   1.989738698E+51
   1.004464380E+04  -6.476580625E+47   1.897562809E+48   1.122006176E+51   1.123256081E+51   1.996185704E+51
   2.008808551E+04  -3.241910752E+47   9.119213617E+47   1.122670636E+51   1.123258367E+51   1.996187990E+51
   3.011416719E+04  -2.163770638E+47   6.038461457E+47   1.122875748E+51   1.123263217E+51   1.996192840E+51
   4.019309094E+04  -1.621432750E+47   4.573330053E+47   1.122976471E+51   1.123271661E+51   1.996201284E+51
   5.033900663E+04  -1.294567533E+47   3.737829622E+47   1.123037550E+51   1.123281876E+51   1.996211499E+51
   6.052924871E+04  -1.076482990E+47   3.214167876E+47   1.123079311E+51   1.123293080E+51   1.996222703E+51
   7.074905672E+04  -9.208325211E+46   2.867146477E+47   1.123110300E+51   1.123304932E+51   1.996234555E+51
   8.080904571E+04  -8.060593710E+46   2.633086993E+47   1.123134373E+51   1.123317076E+51   1.996246699E+51
   9.145729473E+04  -7.119298926E+46   2.500933011E+47   1.123808579E+51   1.123987479E+51   1.996917102E+51
   1.017726314E+05  -6.396591518E+46   2.458831743E+47   1.123827330E+51   1.124009247E+51   1.996938870E+51
   1.123502328E+05  -5.793265558E+46   2.443710970E+47   1.123845537E+51   1.124031976E+51   1.996961599E+51
   1.229240478E+05  -5.293969912E+46   2.448534994E+47   1.123863069E+51   1.124054983E+51   1.996984606E+51
   1.330586379E+05  -4.890316172E+46   2.467109052E+47   1.123879399E+51   1.124077207E+51   1.997006830E+51
   1.432785904E+05  -4.541088222E+46   2.496839370E+47   1.123895476E+51   1.124099750E+51   1.997029373E+51
   1.534364825E+05  -4.240070295E+46   2.535506542E+47   1.123911101E+51   1.124122251E+51   1.997051874E+51
   1.633686699E+05  -3.981922090E+46   2.580846676E+47   1.123926057E+51   1.124144322E+51   1.997073945E+51
   1.741375803E+05  -3.734521579E+46   2.634916755E+47   1.124570001E+51   1.124796147E+51   1.997725770E+51
   1.846263393E+05  -3.521978194E+46   2.678546371E+47   1.124585102E+51   1.124817737E+51   1.997747360E+51
   1.944936124E+05  -3.342945981E+46   2.725450684E+47   1.124598958E+51   1.124838073E+51   1.997767696E+51
   2.050718927E+05  -3.170141601E+46   2.781200702E+47   1.124613475E+51   1.124859893E+51   1.997789516E+51
   2.147595774E+05  -3.026816042E+46   2.836570880E+47   1.124626498E+51   1.124879887E+51   1.997809510E+51
   2.250733925E+05  -2.887785742E+46   2.899474238E+47   1.124640110E+51   1.124901180E+51   1.997830803E+51
   2.360691678E+05  -2.752942959E+46   2.970462471E+47   1.124654367E+51   1.124923884E+51   1.997853507E+51
   2.457974482E+05  -2.643703916E+46   3.036224941E+47   1.124666786E+51   1.124943972E+51   1.997873595E+51
   2.560808243E+05  -2.537258025E+46   3.108386439E+47   1.124679737E+51   1.124965203E+51   1.997894826E+51
   2.670205623E+05  -2.432473501E+46   3.176359757E+47   1.125341757E+51   1.125635068E+51   1.998564691E+51
   2.763125084E+05  -2.350439429E+46   3.230556593E+47   1.125353113E+51   1.125652664E+51   1.998582287E+51
   2.860533304E+05  -2.270167881E+46   3.289532880E+47   1.125364836E+51   1.125671088E+51   1.998600711E+51
   2.962711696E+05  -2.191641690E+46   3.353520397E+47   1.125376955E+51   1.125690390E+51   1.998620013E+51
   3.069961944E+05  -2.114844765E+46   3.422767588E+47   1.125389497E+51   1.125710626E+51   1.998640249E+51
   3.182607854E+05  -2.039761840E+46   3.497532247E+47   1.125402496E+51   1.125731852E+51   1.998661475E+51
   3.270841520E+05  -1.984565637E+46   3.557391278E+47   1.125412565E+51   1.125748458E+51   1.998678081E+51
   3.362461783E+05  -1.930319339E+46   3.620633478E+47   1.125422923E+51   1.125765683E+51   1.998695306E+51
   3.457633862E+05  -1.877017094E+46   3.687392347E+47   1.125433586E+51   1.125783555E+51   1.998713178E+51
   3.557181638E+05  -1.823964716E+46   3.741447775E+47   1.126084865E+51   1.126440771E+51   1.999370394E+51
   3.661030872E+05  -1.772055347E+46   3.799612963E+47   1.126096232E+51   1.126458472E+51   1.999388095E+51
   3.769069538E+05  -1.721091008E+46   3.861643386E+47   1.126107901E+51   1.126476854E+51   1.999406477E+51
   3.881510483E+05  -1.671066140E+46   3.927695969E+47   1.126119891E+51   1.126495950E+51   1.999425573E+51
   3.998579102E+05  -1.621975253E+46   3.997944194E+47   1.126132222E+51   1.126515797E+51   1.999445420E+51
   4.079313116E+05  -1.589764185E+46   4.047198036E+47   1.126140642E+51   1.126529464E+51   1.999459087E+51
   4.162283933E+05  -1.557964203E+46   4.098455280E+47   1.126149228E+51   1.126543493E+51   1.999473117E+51
   4.247568708E+05  -1.526573721E+46   4.151774779E+47   1.126157986E+51   1.126557898E+51   1.999487521E+51
   4.335247639E+05  -1.495591167E+46   4.207217512E+47   1.126166924E+51   1.126572690E+51   1.999502313E+51
   4.425869230E+05  -1.464557350E+46   4.252773881E+47   1.126923699E+51   1.127334331E+51   2.000263954E+51
   4.519559539E+05  -1.434088687E+46   4.301051044E+47   1.126933081E+51   1.127348845E+51   2.000278468E+51
   4.615959076E+05  -1.404031666E+46   4.351616879E+47   1.126942636E+51   1.127363757E+51   2.000293380E+51
   4.715164570E+05  -1.374384671E+46   4.404531185E+47   1.126952371E+51   1.127379080E+51   2.000308703E+51
   4.817276535E+05  -1.345146124E+46   4.459865291E+47   1.126962292E+51   1.127394827E+51   2.000324451E+51
   4.922399475E+05  -1.316314458E+46   4.517696005E+47   1.126972409E+51   1.127411015E+51   2.000340638E+51
   5.030620712E+05  -1.287908892E+46   4.578058291E+47   1.126982722E+51   1.127427649E+51   2.000357272E+51
   5.141933728E+05  -1.259945061E+46   4.640987006E+47   1.126993232E+51   1.127444731E+51   2.000374354E+51
   5.256426053E+05  -1.232151937E+46   4.698832160E+47   1.127793358E+51   1.128250920E+51   2.001180543E+51
   5.376487127E+05  -1.211055766E+46   4.740186927E+47   1.127803133E+51   1.128265042E+51   2.001194665E+51
   5.473777406E+05  -1.189130627E+46   4.785476115E+47   1.127812100E+51   1.128278756E+51   2.001208380E+51
   5.578548395E+05  -1.166390350E+46   4.835073311E+47   1.127821663E+51   1.128293506E+51   2.001223129E+51
   5.691375291E+05  -1.142854446E+46   4.889377372E+47   1.127831858E+51   1.128309367E+51   2.001238990E+51
   5.812877517E+05  -1.118548321E+46   4.948827101E+47   1.127842726E+51   1.128326423E+51   2.001256046E+51
   5.899025969E+05  -1.101931617E+46   4.991554010E+47   1.127850365E+51   1.128338501E+51   2.001268124E+51
   5.989535686E+05  -1.084997274E+46   5.036932164E+47   1.127858335E+51   1.128351178E+51   2.001280801E+51
   6.084627457E+05  -1.067757324E+46   5.085121374E+47   1.127866649E+51   1.128364483E+51   2.001294106E+51
   6.184533250E+05  -1.050140603E+46   5.125679495E+47   1.128742064E+51   1.129244130E+51   2.002173753E+51
   6.289496773E+05  -1.032331763E+46   5.169381018E+47   1.128751090E+51   1.129257705E+51   2.002187328E+51
   6.399774074E+05  -1.014260529E+46   5.216081854E+47   1.128760484E+51   1.129271950E+51   2.002201573E+51
   6.515634164E+05  -9.959435660E+45   5.265957537E+47   1.128770260E+51   1.129286896E+51   2.002216519E+51
   6.637359671E+05  -9.773985992E+45   5.319196676E+47   1.128780432E+51   1.129302578E+51   2.002232201E+51
   6.765247532E+05  -9.586443618E+45   5.376002634E+47   1.128791016E+51   1.129319030E+51   2.002248653E+51
   6.899609716E+05  -9.397005270E+45   5.436588779E+47   1.128802028E+51   1.129336290E+51   2.002265913E+51
   6.969320466E+05  -9.301638974E+45   5.468368770E+47   1.128807700E+51   1.129345235E+51   2.002274858E+51
   7.040773985E+05  -9.205038230E+45   5.493049559E+47   1.129977290E+51   1.130517390E+51   2.003447013E+51
   7.040773985E+05  -9.252667405E+45   5.480656323E+47   1.129975793E+51   1.130514606E+51   2.003444229E+51
   7.114929340E+05  -9.154351368E+45   5.507110803E+47   1.129981771E+51   1.130523328E+51   2.003452951E+51
   7.233260360E+05  -9.001720883E+45   5.550009341E+47   1.129991231E+51   1.130537230E+51   2.003466853E+51
   7.317160338E+05  -8.896548701E+45   5.580903015E+47   1.129997881E+51   1.130547074E+51   2.003476697E+51
   7.405307752E+05  -8.788666919E+45   5.613761917E+47   1.130004818E+51   1.130557405E+51   2.003487028E+51
   7.497917629E+05  -8.678106065E+45   5.648707561E+47   1.130012054E+51   1.130568247E+51   2.003497870E+51
   7.595215881E+05  -8.564904893E+45   5.685870059E+47   1.130019602E+51   1.130579624E+51   2.003509247E+51
   7.697439858E+05  -8.449110617E+45   5.725386947E+47   1.130027472E+51   1.130591562E+51   2.003521185E+51
   7.804838923E+05  -8.330779100E+45   5.767403692E+47   1.130035679E+51   1.130604089E+51   2.003533712E+51
   7.917675065E+05  -8.209329868E+45   5.806589719E+47   1.131131196E+51   1.131703646E+51   2.004633269E+51
   8.036973613E+05  -8.115436310E+45   5.834570630E+47   1.131139051E+51   1.131714393E+51   2.004644016E+51
   8.133923190E+05  -8.016695349E+45   5.865172869E+47   1.131146281E+51   1.131724782E+51   2.004654405E+51
   8.238327280E+05  -7.913013801E+45   5.898634853E+47   1.131154005E+51   1.131735956E+51   2.004665579E+51
   8.350759066E+05  -7.804317371E+45   5.935219250E+47   1.131162253E+51   1.131747970E+51   2.004677593E+51
   8.471835802E+05  -7.690553219E+45   5.975217224E+47   1.131171057E+51   1.131760888E+51   2.004690511E+51
   8.557682570E+05  -7.611879760E+45   6.003935406E+47   1.131177253E+51   1.131770034E+51   2.004699657E+51
   8.647875330E+05  -7.530938550E+45   6.034413501E+47   1.131183722E+51   1.131779633E+51   2.004709256E+51
   9.183828342E+05  -7.103662913E+45   6.176936003E+47   1.132510776E+51   1.133121366E+51   2.006050989E+51
   9.684366336E+05  -6.728620121E+45   6.315493199E+47   1.133835598E+51   1.134460419E+51   2.007390042E+51
   1.019493939E+06  -6.385138593E+45   6.433509997E+47   1.133869001E+51   1.134505967E+51   2.007435590E+51
   1.074187662E+06  -6.073128606E+45   6.544959050E+47   1.135263915E+51   1.135912337E+51   2.008841960E+51
   1.125698092E+06  -5.789498614E+45   6.642803057E+47   1.135295336E+51   1.135953827E+51   2.008883450E+51
   1.178821389E+06  -5.537764377E+45   6.723762528E+47   1.136999954E+51   1.137666793E+51   2.010596416E+51
   1.231913943E+06  -5.293980527E+45   6.806534583E+47   1.137030228E+51   1.137705588E+51   2.010635211E+51
   1.282792450E+06  -5.079421526E+45   6.866454272E+47   1.138860610E+51   1.139542176E+51   2.012471799E+51
   1.340661206E+06  -4.855567915E+45   6.929433486E+47   1.140905343E+51   1.141593430E+51   2.014523053E+51
   1.395455807E+06  -4.661290758E+45   6.976251714E+47   1.140933541E+51   1.141626505E+51   2.014556128E+51
   1.451069602E+06  -4.493838320E+45   7.008424480E+47   1.143128498E+51   1.143824847E+51   2.016754470E+51
   1.509969669E+06  -4.314701616E+45   7.038551239E+47   1.145469586E+51   1.146169127E+51   2.019098750E+51
   1.560762732E+06  -4.171464658E+45   7.050670413E+47   1.145493188E+51   1.146194083E+51   2.019123706E+51
   1.611862552E+06  -4.036506736E+45   7.059725301E+47   1.148111925E+51   1.148813861E+51   2.021743484E+51
   1.660626409E+06  -3.915735546E+45   7.060588921E+47   1.148133220E+51   1.148835363E+51   2.021764986E+51
   1.715798238E+06  -3.787369793E+45   7.053691261E+47   1.151058875E+51   1.151760457E+51   2.024690080E+51
   1.765111699E+06  -3.679674781E+45   7.044072729E+47   1.151079085E+51   1.151779813E+51   2.024709436E+51
   1.870899379E+06  -3.480421767E+45   7.004805729E+47   1.154260765E+51   1.154957765E+51   2.027887388E+51
   1.972122345E+06  -3.298112060E+45   6.940626746E+47   1.160944878E+51   1.161635642E+51   2.034565265E+51
   2.087252436E+06  -3.112800301E+45   6.847910444E+47   1.164518840E+51   1.165200518E+51   2.038130141E+51
   2.189132473E+06  -2.976086978E+45   6.760276795E+47   1.168917588E+51   1.169590639E+51   2.042520262E+51
   2.290178047E+06  -2.842042667E+45   6.656735243E+47   1.173815418E+51   1.174478249E+51   2.047407872E+51
   2.405106374E+06  -2.703539378E+45   6.530733189E+47   1.178278874E+51   1.178929243E+51   2.051858866E+51
   2.513929376E+06  -2.584368628E+45   6.405173545E+47   1.188474513E+51   1.189112446E+51   2.062042069E+51
   2.618507022E+06  -2.487596563E+45   6.290510207E+47   1.194592585E+51   1.195219148E+51   2.068148771E+51
   2.727705752E+06  -2.385967783E+45   6.156983067E+47   1.199637806E+51   1.200251118E+51   2.073180741E+51
   2.831103531E+06  -2.297226597E+45   6.030007669E+47   1.206425049E+51   1.207025752E+51   2.079955375E+51
   2.935125763E+06  -2.214355200E+45   5.904745976E+47   1.214312263E+51   1.214900523E+51   2.087830146E+51
   3.034392754E+06  -2.140659214E+45   5.785729270E+47   1.221535072E+51   1.222111504E+51   2.095041127E+51
   3.034392754E+06  -2.148173360E+45   5.798169369E+47   1.221534029E+51   1.222111698E+51   2.095041321E+51
   3.154083569E+06  -2.065014290E+45   5.657871186E+47   1.230570676E+51   1.231134398E+51   2.104064021E+51
   3.257300143E+06  -1.998402029E+45   5.539585447E+47   1.240203435E+51   1.240755395E+51   2.113685018E+51
   3.361140078E+06  -1.935563559E+45   5.418545909E+47   1.258658327E+51   1.259198246E+51   2.132127869E+51
   3.460233105E+06  -1.879251154E+45   5.307248873E+47   1.270040086E+51   1.270568931E+51   2.143498554E+51
   3.572347768E+06  -1.819339409E+45   5.182286991E+47   1.282409264E+51   1.282925674E+51   2.155855297E+51
   3.672557643E+06  -1.768974383E+45   5.074798936E+47   1.295318737E+51   1.295824448E+51   2.168754071E+51
   3.783170595E+06  -1.716497886E+45   4.958774232E+47   1.309245691E+51   1.309739852E+51   2.182669475E+51
   3.873602890E+06  -1.675858006E+45   4.864494758E+47   1.321464017E+51   1.321948791E+51   2.194878414E+51
   3.970988580E+06  -1.634166267E+45   4.764362075E+47   1.332157041E+51   1.332631843E+51   2.205561466E+51
   4.075862317E+06  -1.591427900E+45   4.657511206E+47   1.341944523E+51   1.342408682E+51   2.215338306E+51
   4.188799861E+06  -1.547797206E+45   4.545770343E+47   1.350865004E+51   1.351318033E+51   2.224247656E+51
   4.310421243E+06  -1.503414385E+45   4.430798238E+47   1.358259970E+51   1.358701547E+51   2.231631170E+51
   4.396654180E+06  -1.473436026E+45   4.351920721E+47   1.365041327E+51   1.365475046E+51   2.238404669E+51
   4.487252659E+06  -1.443217935E+45   4.270626501E+47   1.368789176E+51   1.369214796E+51   2.242144419E+51
   4.582437686E+06  -1.412780476E+45   4.187597117E+47   1.371968958E+51   1.372386305E+51   2.245315928E+51
   4.681749582E+06  -1.382781487E+45   4.104166703E+47   1.375268291E+51   1.375677325E+51   2.248606948E+51
   4.783112279E+06  -1.353451931E+45   4.021638648E+47   1.377941541E+51   1.378342351E+51   2.251271974E+51
   4.886583284E+06  -1.324772464E+45   3.939938102E+47   1.380784260E+51   1.381176929E+51   2.254106552E+51
   4.992151129E+06  -1.308600293E+45   3.893755408E+47   1.383778483E+51   1.384166550E+51   2.257096173E+51
