   0.000000000E+00   0.171849944E+05  -0.480624731E+01  -0.537145843E+01  -0.518131768E+01  -0.487624731E+01  -0.461871212E+01  -0.435364175E+01  -0.617392325E+01  -0.513131768E+01  -0.503378250E+01  -0.501624731E+01  -0.497871212E+01
   0.220700330E+02   0.171853773E+05  -0.480629198E+01  -0.537152261E+01  -0.518136886E+01  -0.487629198E+01  -0.461875354E+01  -0.435367667E+01  -0.617398417E+01  -0.513136886E+01  -0.503383042E+01  -0.501629198E+01  -0.497875354E+01
   0.100446438E+05   0.387367286E+05  -0.138984759E+02  -0.149264686E+02  -0.145024723E+02  -0.140084759E+02  -0.136484759E+02  -0.133144796E+02  -0.157064686E+02  -0.144824723E+02  -0.142184759E+02  -0.141084759E+02  -0.139844796E+02
   0.200880855E+05   0.263587121E+05  -0.143746415E+02  -0.152401236E+02  -0.148923825E+02  -0.144735120E+02  -0.141446415E+02  -0.138357710E+02  -0.160301236E+02  -0.148623825E+02  -0.146635120E+02  -0.145846415E+02  -0.144857710E+02
   0.301141672E+05   0.210094401E+05  -0.145484615E+02  -0.152700435E+02  -0.150010943E+02  -0.146347779E+02  -0.143384615E+02  -0.140521451E+02  -0.160700435E+02  -0.149674107E+02  -0.148047779E+02  -0.147584615E+02  -0.146921451E+02
   0.401930909E+05   0.174622921E+05  -0.146417654E+02  -0.152211028E+02  -0.150215445E+02  -0.147117654E+02  -0.144518759E+02  -0.141820967E+02  -0.160212132E+02  -0.149715445E+02  -0.148716550E+02  -0.148517654E+02  -0.148118759E+02
   0.503390066E+05   0.153452748E+05  -0.146532816E+02  -0.151125972E+02  -0.149872740E+02  -0.147232816E+02  -0.144819508E+02  -0.142406200E+02  -0.159225972E+02  -0.149286048E+02  -0.148646124E+02  -0.148719508E+02  -0.148506200E+02
   0.605292487E+05   0.139694725E+05  -0.146439166E+02  -0.149945818E+02  -0.149253233E+02  -0.147039166E+02  -0.144860649E+02  -0.142503615E+02  -0.158067301E+02  -0.148553233E+02  -0.148296200E+02  -0.148539166E+02  -0.148582132E+02
   0.707490567E+05   0.129841816E+05  -0.146157172E+02  -0.148719551E+02  -0.148551563E+02  -0.146730770E+02  -0.144709977E+02  -0.142536379E+02  -0.156945954E+02  -0.147825161E+02  -0.147804368E+02  -0.148283575E+02  -0.148509977E+02
   0.808090457E+05   0.122160480E+05  -0.145840291E+02  -0.147604953E+02  -0.147872622E+02  -0.146326757E+02  -0.144553825E+02  -0.142467358E+02  -0.155904953E+02  -0.147059088E+02  -0.147313223E+02  -0.148026757E+02  -0.148353825E+02
   0.914572947E+05   0.115422719E+05  -0.145490783E+02  -0.146444546E+02  -0.147117665E+02  -0.145896160E+02  -0.144285407E+02  -0.142280031E+02  -0.154744546E+02  -0.146223041E+02  -0.146801536E+02  -0.147596160E+02  -0.148085407E+02
   0.101772631E+06   0.109436528E+05  -0.145108735E+02  -0.145222386E+02  -0.146279817E+02  -0.145437248E+02  -0.143980221E+02  -0.142123194E+02  -0.153522386E+02  -0.145379817E+02  -0.146265762E+02  -0.147208735E+02  -0.147851707E+02
   0.112350233E+06   0.103427384E+05  -0.144614593E+02  -0.143836265E+02  -0.145404292E+02  -0.144914593E+02  -0.143619744E+02  -0.141924894E+02  -0.152188840E+02  -0.144451716E+02  -0.145609442E+02  -0.146767168E+02  -0.147572319E+02
   0.122924048E+06   0.979277767E+04  -0.144206070E+02  -0.142506383E+02  -0.144621599E+02  -0.144475325E+02  -0.143367561E+02  -0.141829051E+02  -0.150906383E+02  -0.143590854E+02  -0.145013835E+02  -0.146406070E+02  -0.147398306E+02
   0.133058638E+06   0.929640099E+04  -0.143798897E+02  -0.141128254E+02  -0.143765930E+02  -0.143994187E+02  -0.143108315E+02  -0.141717734E+02  -0.149537673E+02  -0.142661221E+02  -0.144384768E+02  -0.145998897E+02  -0.147208315E+02
   0.143278590E+06   0.887417222E+04  -0.143485938E+02  -0.139807590E+02  -0.142982709E+02  -0.143614048E+02  -0.142929718E+02  -0.141673498E+02  -0.148351370E+02  -0.141810819E+02  -0.143870269E+02  -0.145685938E+02  -0.147029718E+02
   0.153436483E+06   0.851444209E+04  -0.143233210E+02  -0.138664792E+02  -0.142314615E+02  -0.143301982E+02  -0.142795666E+02  -0.141658122E+02  -0.147264792E+02  -0.141083387E+02  -0.143439526E+02  -0.145433210E+02  -0.146926894E+02
   0.163368670E+06   0.816174169E+04  -0.142833747E+02  -0.137362820E+02  -0.141493981E+02  -0.142842352E+02  -0.142516537E+02  -0.141499328E+02  -0.145962820E+02  -0.140202586E+02  -0.142859562E+02  -0.145033747E+02  -0.146707932E+02
   0.174137580E+06   0.784341819E+04  -0.142472643E+02  -0.136039647E+02  -0.140631645E+02  -0.142423644E+02  -0.142270643E+02  -0.141368643E+02  -0.144688647E+02  -0.139331645E+02  -0.142276644E+02  -0.144672643E+02  -0.146519643E+02
   0.184626339E+06   0.756279099E+04  -0.142095982E+02  -0.134789595E+02  -0.139793143E+02  -0.141995627E+02  -0.141996692E+02  -0.141198111E+02  -0.143489950E+02  -0.138492433E+02  -0.141694917E+02  -0.144295982E+02  -0.146297401E+02
   0.194493612E+06   0.732450912E+04  -0.141669685E+02  -0.133521973E+02  -0.138992924E+02  -0.141522590E+02  -0.141663875E+02  -0.141052256E+02  -0.142269068E+02  -0.137598734E+02  -0.141128400E+02  -0.143869685E+02  -0.146058065E+02
   0.205071893E+06   0.709512090E+04  -0.141228552E+02  -0.132270917E+02  -0.138191825E+02  -0.141036461E+02  -0.141312734E+02  -0.140881097E+02  -0.141063008E+02  -0.136707644E+02  -0.140552279E+02  -0.143428552E+02  -0.145796915E+02
   0.214759577E+06   0.689745992E+04  -0.140792510E+02  -0.131030722E+02  -0.137394705E+02  -0.140526331E+02  -0.140991778E+02  -0.140657957E+02  -0.139863811E+02  -0.135861616E+02  -0.139927063E+02  -0.142992510E+02  -0.145491778E+02
   0.225073392E+06   0.670484708E+04  -0.140346027E+02  -0.129774090E+02  -0.136583655E+02  -0.139998833E+02  -0.140666817E+02  -0.140414011E+02  -0.138647687E+02  -0.135010059E+02  -0.139278043E+02  -0.142546027E+02  -0.145166817E+02
   0.236069168E+06   0.651870125E+04  -0.139867227E+02  -0.128480224E+02  -0.135730559E+02  -0.139453560E+02  -0.140308228E+02  -0.140149228E+02  -0.137393890E+02  -0.134103225E+02  -0.138612560E+02  -0.142080894E+02  -0.144821894E+02
   0.245797448E+06   0.637156978E+04  -0.139437610E+02  -0.127353773E+02  -0.134969116E+02  -0.138990761E+02  -0.139978158E+02  -0.139918706E+02  -0.136300622E+02  -0.133275417E+02  -0.138050213E+02  -0.141684460E+02  -0.144525008E+02
   0.256080824E+06   0.622940120E+04  -0.139021244E+02  -0.126264078E+02  -0.134232117E+02  -0.138542331E+02  -0.139657982E+02  -0.139694720E+02  -0.135242990E+02  -0.132474292E+02  -0.137505593E+02  -0.141300157E+02  -0.144236895E+02
   0.267020562E+06   0.608832672E+04  -0.138574254E+02  -0.125121143E+02  -0.133459203E+02  -0.138051244E+02  -0.139320274E+02  -0.139454789E+02  -0.134132648E+02  -0.131647698E+02  -0.136928233E+02  -0.140874254E+02  -0.143931779E+02
   0.276312508E+06   0.598548141E+04  -0.138243758E+02  -0.124243466E+02  -0.132879989E+02  -0.137671004E+02  -0.139089266E+02  -0.139298397E+02  -0.133279843E+02  -0.131043612E+02  -0.136498250E+02  -0.140543758E+02  -0.143725643E+02
   0.286053330E+06   0.588990254E+04  -0.137928485E+02  -0.123419672E+02  -0.132333570E+02  -0.137309502E+02  -0.138866451E+02  -0.139144926E+02  -0.132479163E+02  -0.130474079E+02  -0.136090519E+02  -0.140228485E+02  -0.143525943E+02
   0.296271170E+06   0.579451598E+04  -0.137643437E+02  -0.122627125E+02  -0.131817840E+02  -0.136978317E+02  -0.138673675E+02  -0.139021354E+02  -0.131709685E+02  -0.129935281E+02  -0.135713198E+02  -0.139943437E+02  -0.143356235E+02
   0.306996194E+06   0.570326820E+04  -0.137354351E+02  -0.121835304E+02  -0.131299788E+02  -0.136649391E+02  -0.138474192E+02  -0.138894033E+02  -0.130940265E+02  -0.129389868E+02  -0.135329550E+02  -0.139659311E+02  -0.143184113E+02
   0.318260785E+06   0.561599052E+04  -0.137055670E+02  -0.120993542E+02  -0.130752194E+02  -0.136328081E+02  -0.138266024E+02  -0.138776379E+02  -0.130121130E+02  -0.128797017E+02  -0.134917726E+02  -0.139383258E+02  -0.143021202E+02
   0.327084152E+06   0.555285522E+04  -0.136870845E+02  -0.120415861E+02  -0.130387311E+02  -0.136126887E+02  -0.138146676E+02  -0.138722507E+02  -0.129559818E+02  -0.128399395E+02  -0.134651057E+02  -0.139214803E+02  -0.142934591E+02
   0.336246178E+06   0.549031489E+04  -0.136679731E+02  -0.119835593E+02  -0.130017834E+02  -0.135919559E+02  -0.138020421E+02  -0.138661111E+02  -0.128995765E+02  -0.127997489E+02  -0.134378869E+02  -0.139039904E+02  -0.142840766E+02
   0.345763386E+06   0.543074882E+04  -0.136513194E+02  -0.119298409E+02  -0.129681418E+02  -0.135737578E+02  -0.137915659E+02  -0.138618123E+02  -0.128474025E+02  -0.127630185E+02  -0.134135114E+02  -0.138888810E+02  -0.142766891E+02
   0.355718164E+06   0.536430451E+04  -0.136293933E+02  -0.118665701E+02  -0.129272660E+02  -0.135501090E+02  -0.137765305E+02  -0.138536677E+02  -0.127858544E+02  -0.127186974E+02  -0.133829718E+02  -0.138686776E+02  -0.142650991E+02
   0.366103087E+06   0.529936379E+04  -0.136099783E+02  -0.118019528E+02  -0.128875225E+02  -0.135279024E+02  -0.137630923E+02  -0.138472442E+02  -0.127229908E+02  -0.126754466E+02  -0.133537504E+02  -0.138499783E+02  -0.142551682E+02
   0.376906954E+06   0.524137252E+04  -0.135924021E+02  -0.117408469E+02  -0.128505998E+02  -0.135071017E+02  -0.137503527E+02  -0.138409535E+02  -0.126634971E+02  -0.126352994E+02  -0.133265010E+02  -0.138324021E+02  -0.142456531E+02
   0.388151048E+06   0.518123999E+04  -0.135761473E+02  -0.116794551E+02  -0.128142841E+02  -0.134875035E+02  -0.137391131E+02  -0.138364009E+02  -0.126037770E+02  -0.125956402E+02  -0.133002157E+02  -0.138161473E+02  -0.142377570E+02
   0.399857910E+06   0.512360612E+04  -0.135602969E+02  -0.116203432E+02  -0.127792063E+02  -0.134684484E+02  -0.137280695E+02  -0.138317663E+02  -0.125462674E+02  -0.125573579E+02  -0.132747516E+02  -0.138002969E+02  -0.142299179E+02
   0.407931312E+06   0.508651921E+04  -0.135504415E+02  -0.115826494E+02  -0.127569783E+02  -0.134565309E+02  -0.137213073E+02  -0.138291283E+02  -0.125096046E+02  -0.125330678E+02  -0.132587099E+02  -0.137904415E+02  -0.142252178E+02
   0.416228393E+06   0.504700286E+04  -0.135414951E+02  -0.115440411E+02  -0.127348489E+02  -0.134453874E+02  -0.137156567E+02  -0.138278721E+02  -0.124720949E+02  -0.125087412E+02  -0.132431720E+02  -0.137814951E+02  -0.142217644E+02
   0.424756871E+06   0.501077844E+04  -0.135331592E+02  -0.115085142E+02  -0.127144281E+02  -0.134350374E+02  -0.137103420E+02  -0.138265857E+02  -0.124375751E+02  -0.124863063E+02  -0.132287937E+02  -0.137731592E+02  -0.142184639E+02
   0.433524764E+06   0.500000000E+04  -0.135264645E+02  -0.114937289E+02  -0.127041376E+02  -0.134277434E+02  -0.137045463E+02  -0.138219886E+02  -0.124230895E+02  -0.124754164E+02  -0.132203011E+02  -0.137664645E+02  -0.142132674E+02
   0.442586923E+06   0.500000000E+04  -0.135134757E+02  -0.114807401E+02  -0.126911488E+02  -0.134147545E+02  -0.136915574E+02  -0.138089997E+02  -0.124101007E+02  -0.124624276E+02  -0.132073122E+02  -0.137534757E+02  -0.142002786E+02
   0.451955954E+06   0.500000000E+04  -0.135040736E+02  -0.114713380E+02  -0.126817467E+02  -0.134053525E+02  -0.136821554E+02  -0.137995977E+02  -0.124006986E+02  -0.124530255E+02  -0.131979102E+02  -0.137440736E+02  -0.141908765E+02
   0.461595908E+06   0.500000000E+04  -0.134977198E+02  -0.114649842E+02  -0.126753928E+02  -0.133989986E+02  -0.136758015E+02  -0.137932438E+02  -0.123943447E+02  -0.124466717E+02  -0.131915563E+02  -0.137377198E+02  -0.141845227E+02
   0.471516457E+06   0.500000000E+04  -0.134931537E+02  -0.114604180E+02  -0.126708267E+02  -0.133944325E+02  -0.136712354E+02  -0.137886777E+02  -0.123897786E+02  -0.124421056E+02  -0.131869902E+02  -0.137331537E+02  -0.141799565E+02
   0.481727653E+06   0.500000000E+04  -0.134894865E+02  -0.114567508E+02  -0.126671595E+02  -0.133907653E+02  -0.136675682E+02  -0.137850105E+02  -0.123861114E+02  -0.124384384E+02  -0.131833230E+02  -0.137294865E+02  -0.141762893E+02
   0.492239947E+06   0.500000000E+04  -0.134891803E+02  -0.114564447E+02  -0.126668533E+02  -0.133904591E+02  -0.136672620E+02  -0.137847043E+02  -0.123858052E+02  -0.124381322E+02  -0.131830168E+02  -0.137291803E+02  -0.141759832E+02
   0.503062071E+06   0.500000000E+04  -0.134896458E+02  -0.114569101E+02  -0.126673188E+02  -0.133909246E+02  -0.136677275E+02  -0.137851698E+02  -0.123862707E+02  -0.124385977E+02  -0.131834823E+02  -0.137296458E+02  -0.141764486E+02
   0.514193373E+06   0.500000000E+04  -0.134906054E+02  -0.114578698E+02  -0.126682785E+02  -0.133918842E+02  -0.136686871E+02  -0.137861295E+02  -0.123872304E+02  -0.124395573E+02  -0.131844419E+02  -0.137306054E+02  -0.141774083E+02
   0.525642605E+06   0.500000000E+04  -0.134795642E+02  -0.114468286E+02  -0.126572372E+02  -0.133808430E+02  -0.136576459E+02  -0.137750882E+02  -0.123761892E+02  -0.124285161E+02  -0.131734007E+02  -0.137195642E+02  -0.141663671E+02
   0.537648713E+06   0.500000000E+04  -0.134798214E+02  -0.114470858E+02  -0.126574944E+02  -0.133811002E+02  -0.136579031E+02  -0.137753454E+02  -0.123764463E+02  -0.124287733E+02  -0.131736579E+02  -0.137198214E+02  -0.141666243E+02
   0.547377741E+06   0.500000000E+04  -0.134805424E+02  -0.114478068E+02  -0.126582155E+02  -0.133818213E+02  -0.136586242E+02  -0.137760665E+02  -0.123771674E+02  -0.124294943E+02  -0.131743790E+02  -0.137205424E+02  -0.141673453E+02
   0.557854839E+06   0.500000000E+04  -0.134834608E+02  -0.114507252E+02  -0.126611339E+02  -0.133847396E+02  -0.136615425E+02  -0.137789848E+02  -0.123800858E+02  -0.124324127E+02  -0.131772973E+02  -0.137234608E+02  -0.141702637E+02
   0.569137529E+06   0.500000000E+04  -0.134878288E+02  -0.114550932E+02  -0.126655019E+02  -0.133891076E+02  -0.136659105E+02  -0.137833529E+02  -0.123844538E+02  -0.124367807E+02  -0.131816653E+02  -0.137278288E+02  -0.141746317E+02
   0.581287752E+06   0.500000000E+04  -0.134944671E+02  -0.114617315E+02  -0.126721402E+02  -0.133957460E+02  -0.136725489E+02  -0.137899912E+02  -0.123910921E+02  -0.124434190E+02  -0.131883037E+02  -0.137344671E+02  -0.141812700E+02
   0.589902597E+06   0.500000000E+04  -0.135009994E+02  -0.114682638E+02  -0.126786725E+02  -0.134022783E+02  -0.136790811E+02  -0.137965235E+02  -0.123976244E+02  -0.124499513E+02  -0.131948359E+02  -0.137409994E+02  -0.141878023E+02
   0.598953569E+06   0.500000000E+04  -0.135083403E+02  -0.114756047E+02  -0.126860134E+02  -0.134096191E+02  -0.136864220E+02  -0.138038643E+02  -0.124049653E+02  -0.124572922E+02  -0.132021768E+02  -0.137483403E+02  -0.141951432E+02
   0.608462746E+06   0.500000000E+04  -0.135165702E+02  -0.114838346E+02  -0.126942433E+02  -0.134178491E+02  -0.136946520E+02  -0.138120943E+02  -0.124131952E+02  -0.124655222E+02  -0.132104068E+02  -0.137565702E+02  -0.142033731E+02
   0.618453325E+06   0.500000000E+04  -0.135101453E+02  -0.114774097E+02  -0.126878183E+02  -0.134114241E+02  -0.136882270E+02  -0.138056693E+02  -0.124067702E+02  -0.124590972E+02  -0.132039818E+02  -0.137501453E+02  -0.141969482E+02
   0.628949677E+06   0.500000000E+04  -0.135191494E+02  -0.114864138E+02  -0.126968224E+02  -0.134204282E+02  -0.136972311E+02  -0.138146734E+02  -0.124157743E+02  -0.124681013E+02  -0.132129859E+02  -0.137591494E+02  -0.142059523E+02
   0.639977407E+06   0.500000000E+04  -0.135293103E+02  -0.114965747E+02  -0.127069834E+02  -0.134305892E+02  -0.137073921E+02  -0.138248344E+02  -0.124259353E+02  -0.124782622E+02  -0.132231469E+02  -0.137693103E+02  -0.142161132E+02
   0.651563416E+06   0.500000000E+04  -0.135413413E+02  -0.115086056E+02  -0.127190143E+02  -0.134426201E+02  -0.137194230E+02  -0.138368653E+02  -0.124379662E+02  -0.124902932E+02  -0.132351778E+02  -0.137813413E+02  -0.142281441E+02
   0.663735967E+06   0.500000000E+04  -0.135562065E+02  -0.115234709E+02  -0.127338796E+02  -0.134574854E+02  -0.137342883E+02  -0.138517306E+02  -0.124528315E+02  -0.125051584E+02  -0.132500431E+02  -0.137962065E+02  -0.142430094E+02
   0.676524753E+06   0.500000000E+04  -0.135730227E+02  -0.115402870E+02  -0.127506957E+02  -0.134743015E+02  -0.137511044E+02  -0.138685467E+02  -0.124696476E+02  -0.125219746E+02  -0.132668592E+02  -0.138130227E+02  -0.142598255E+02
   0.689960972E+06   0.500000000E+04  -0.135920681E+02  -0.115593325E+02  -0.127697412E+02  -0.134933469E+02  -0.137701498E+02  -0.138875922E+02  -0.124886931E+02  -0.125410200E+02  -0.132859046E+02  -0.138320681E+02  -0.142788710E+02
   0.696932047E+06   0.500000000E+04  -0.136025041E+02  -0.115697685E+02  -0.127801771E+02  -0.135037829E+02  -0.137805858E+02  -0.138980281E+02  -0.124991291E+02  -0.125514560E+02  -0.132963406E+02  -0.138425041E+02  -0.142893070E+02
   0.704077399E+06   0.500000000E+04  -0.135897811E+02  -0.115570455E+02  -0.127674542E+02  -0.134910600E+02  -0.137678629E+02  -0.138853052E+02  -0.124864061E+02  -0.125387330E+02  -0.132836177E+02  -0.138297811E+02  -0.142765840E+02
   0.704077399E+06   0.500000000E+04  -0.135854611E+02  -0.115527255E+02  -0.127631342E+02  -0.134867400E+02  -0.137635429E+02  -0.138809852E+02  -0.124820861E+02  -0.125344131E+02  -0.132792977E+02  -0.138254611E+02  -0.142722640E+02
   0.711492934E+06   0.500000000E+04  -0.135957145E+02  -0.115629789E+02  -0.127733876E+02  -0.134969934E+02  -0.137737962E+02  -0.138912386E+02  -0.124923395E+02  -0.125446664E+02  -0.132895510E+02  -0.138357145E+02  -0.142825174E+02
   0.723326036E+06   0.500000000E+04  -0.136134242E+02  -0.115806886E+02  -0.127910973E+02  -0.135147030E+02  -0.137915059E+02  -0.139089482E+02  -0.125100492E+02  -0.125623761E+02  -0.133072607E+02  -0.138534242E+02  -0.143002271E+02
   0.731716034E+06   0.500000000E+04  -0.136266559E+02  -0.115939203E+02  -0.128043289E+02  -0.135279347E+02  -0.138047376E+02  -0.139221799E+02  -0.125232809E+02  -0.125756078E+02  -0.133204924E+02  -0.138666559E+02  -0.143134588E+02
   0.740530775E+06   0.500000000E+04  -0.136416936E+02  -0.116089580E+02  -0.128193667E+02  -0.135429725E+02  -0.138197754E+02  -0.139372177E+02  -0.125383186E+02  -0.125906455E+02  -0.133355301E+02  -0.138816936E+02  -0.143284965E+02
   0.749791763E+06   0.500000000E+04  -0.136581577E+02  -0.116254221E+02  -0.128358308E+02  -0.135594365E+02  -0.138362394E+02  -0.139536817E+02  -0.125547827E+02  -0.126071096E+02  -0.133519942E+02  -0.138981577E+02  -0.143449606E+02
   0.759521588E+06   0.500000000E+04  -0.136760981E+02  -0.116433624E+02  -0.128537711E+02  -0.135773769E+02  -0.138541798E+02  -0.139716221E+02  -0.125727230E+02  -0.126250500E+02  -0.133699346E+02  -0.139160981E+02  -0.143629009E+02
   0.769743986E+06   0.500000000E+04  -0.136956392E+02  -0.116629036E+02  -0.128733123E+02  -0.135969181E+02  -0.138737210E+02  -0.139911633E+02  -0.125922642E+02  -0.126445911E+02  -0.133894758E+02  -0.139356392E+02  -0.143824421E+02
   0.780483892E+06   0.500000000E+04  -0.137168793E+02  -0.116841436E+02  -0.128945523E+02  -0.136181581E+02  -0.138949610E+02  -0.140124033E+02  -0.126135042E+02  -0.126658312E+02  -0.134107158E+02  -0.139568793E+02  -0.144036821E+02
   0.791767507E+06   0.500000000E+04  -0.137169507E+02  -0.116842151E+02  -0.128946238E+02  -0.136182296E+02  -0.138950325E+02  -0.140124748E+02  -0.126135757E+02  -0.126659027E+02  -0.134107873E+02  -0.139569507E+02  -0.144037536E+02
   0.803697361E+06   0.500000000E+04  -0.137363619E+02  -0.117036263E+02  -0.129140349E+02  -0.136376407E+02  -0.139144436E+02  -0.140318859E+02  -0.126329868E+02  -0.126853138E+02  -0.134301984E+02  -0.139763619E+02  -0.144231648E+02
   0.813392319E+06   0.500000000E+04  -0.137562031E+02  -0.117234675E+02  -0.129338762E+02  -0.136574820E+02  -0.139342848E+02  -0.140517272E+02  -0.126528281E+02  -0.127051550E+02  -0.134500396E+02  -0.139962031E+02  -0.144430060E+02
   0.823832728E+06   0.500000000E+04  -0.137775643E+02  -0.117448286E+02  -0.129552373E+02  -0.136788431E+02  -0.139556460E+02  -0.140730883E+02  -0.126741892E+02  -0.127265162E+02  -0.134714008E+02  -0.140175643E+02  -0.144643671E+02
   0.835075907E+06   0.500000000E+04  -0.138007773E+02  -0.117680417E+02  -0.129784504E+02  -0.137020562E+02  -0.139788591E+02  -0.140963014E+02  -0.126974023E+02  -0.127497292E+02  -0.134946139E+02  -0.140407773E+02  -0.144875802E+02
   0.847183580E+06   0.500000000E+04  -0.138261035E+02  -0.117933679E+02  -0.130037766E+02  -0.137273823E+02  -0.140041852E+02  -0.141216275E+02  -0.127227285E+02  -0.127750554E+02  -0.135199400E+02  -0.140661035E+02  -0.145129064E+02
   0.855768257E+06   0.500000000E+04  -0.138442285E+02  -0.118114929E+02  -0.130219015E+02  -0.137455073E+02  -0.140223102E+02  -0.141397525E+02  -0.127408534E+02  -0.127931804E+02  -0.135380650E+02  -0.140842285E+02  -0.145310314E+02
   0.864787533E+06   0.500000000E+04  -0.138633933E+02  -0.118306577E+02  -0.130410664E+02  -0.137646722E+02  -0.140414751E+02  -0.141589174E+02  -0.127600183E+02  -0.128123452E+02  -0.135572299E+02  -0.141033933E+02  -0.145501962E+02
   0.918382834E+06   0.500000000E+04  -0.139493265E+02  -0.119165908E+02  -0.131269995E+02  -0.138506053E+02  -0.141274082E+02  -0.142448505E+02  -0.128459514E+02  -0.128982784E+02  -0.136431630E+02  -0.141893265E+02  -0.146361293E+02
   0.968436634E+06   0.500000000E+04  -0.140363296E+02  -0.120035940E+02  -0.132140027E+02  -0.139376085E+02  -0.142144114E+02  -0.143318537E+02  -0.129329546E+02  -0.129852815E+02  -0.137301662E+02  -0.142763296E+02  -0.147231325E+02
   0.101949394E+07   0.500000000E+04  -0.141388735E+02  -0.121061378E+02  -0.133165465E+02  -0.140401523E+02  -0.143169552E+02  -0.144343975E+02  -0.130354984E+02  -0.130878254E+02  -0.138327100E+02  -0.143788735E+02  -0.148256764E+02
   0.107418766E+07   0.500000000E+04  -0.142176312E+02  -0.121848956E+02  -0.133953043E+02  -0.141189100E+02  -0.143957129E+02  -0.145131552E+02  -0.131142562E+02  -0.131665831E+02  -0.139114677E+02  -0.144576312E+02  -0.149044341E+02
   0.112569809E+07   0.500000000E+04  -0.143110740E+02  -0.122783384E+02  -0.134887471E+02  -0.142123529E+02  -0.144891558E+02  -0.146065981E+02  -0.132076990E+02  -0.132600259E+02  -0.140049106E+02  -0.145510740E+02  -0.149978769E+02
   0.117882139E+07   0.500000000E+04  -0.143801253E+02  -0.123473897E+02  -0.135577984E+02  -0.142814042E+02  -0.145582071E+02  -0.146756494E+02  -0.132767503E+02  -0.133290772E+02  -0.140739618E+02  -0.146201253E+02  -0.150669282E+02
   0.123191394E+07   0.500000000E+04  -0.144666289E+02  -0.124338933E+02  -0.136443019E+02  -0.143679077E+02  -0.146447106E+02  -0.147621529E+02  -0.133632538E+02  -0.134155808E+02  -0.141604654E+02  -0.147066289E+02  -0.151534318E+02
   0.128279245E+07   0.500000000E+04  -0.145324014E+02  -0.124996658E+02  -0.137100745E+02  -0.144336803E+02  -0.147104832E+02  -0.148279255E+02  -0.134290264E+02  -0.134813533E+02  -0.142262380E+02  -0.147724014E+02  -0.152192043E+02
   0.134066121E+07   0.500000000E+04  -0.146005160E+02  -0.125677804E+02  -0.137781890E+02  -0.145017948E+02  -0.147785977E+02  -0.148960400E+02  -0.134971409E+02  -0.135494679E+02  -0.142943525E+02  -0.148405160E+02  -0.152873189E+02
   0.139545581E+07   0.500000000E+04  -0.146744117E+02  -0.126416761E+02  -0.138520847E+02  -0.145756905E+02  -0.148524934E+02  -0.149699357E+02  -0.135710367E+02  -0.136233636E+02  -0.143682482E+02  -0.149144117E+02  -0.153612146E+02
   0.145106960E+07   0.500000000E+04  -0.147269382E+02  -0.126942026E+02  -0.139046113E+02  -0.146282171E+02  -0.149050200E+02  -0.150224623E+02  -0.136235632E+02  -0.136758901E+02  -0.144207748E+02  -0.149669382E+02  -0.154137411E+02
   0.150996967E+07   0.500000000E+04  -0.147815210E+02  -0.127487854E+02  -0.139591941E+02  -0.146827999E+02  -0.149596028E+02  -0.150770451E+02  -0.136781460E+02  -0.137304729E+02  -0.144753575E+02  -0.150215210E+02  -0.154683239E+02
   0.156076273E+07   0.500000000E+04  -0.148331834E+02  -0.128004478E+02  -0.140108565E+02  -0.147344623E+02  -0.150112651E+02  -0.151287075E+02  -0.137298084E+02  -0.137821353E+02  -0.145270199E+02  -0.150731834E+02  -0.155199863E+02
   0.161186255E+07   0.500000000E+04  -0.148715818E+02  -0.128388462E+02  -0.140492548E+02  -0.147728606E+02  -0.150496635E+02  -0.151671058E+02  -0.137682067E+02  -0.138205337E+02  -0.145654183E+02  -0.151115818E+02  -0.155583847E+02
   0.166062641E+07   0.500000000E+04  -0.149095279E+02  -0.128767922E+02  -0.140872009E+02  -0.148108067E+02  -0.150876096E+02  -0.152050519E+02  -0.138061528E+02  -0.138584798E+02  -0.146033644E+02  -0.151495279E+02  -0.155963308E+02
   0.171579824E+07   0.500000000E+04  -0.149402170E+02  -0.129074814E+02  -0.141178900E+02  -0.148414958E+02  -0.151182987E+02  -0.152357410E+02  -0.138368420E+02  -0.138891689E+02  -0.146340535E+02  -0.151802170E+02  -0.156270199E+02
   0.176511170E+07   0.500000000E+04  -0.149681556E+02  -0.129354200E+02  -0.141458287E+02  -0.148694345E+02  -0.151462374E+02  -0.152636797E+02  -0.138647806E+02  -0.139171075E+02  -0.146619921E+02  -0.152081556E+02  -0.156549585E+02
   0.187089938E+07   0.500000000E+04  -0.150113485E+02  -0.129786129E+02  -0.141890215E+02  -0.149126273E+02  -0.151894302E+02  -0.153068725E+02  -0.139079734E+02  -0.139603004E+02  -0.147051850E+02  -0.152513485E+02  -0.156981514E+02
   0.197212234E+07   0.500000000E+04  -0.150366362E+02  -0.130039006E+02  -0.142143093E+02  -0.149379151E+02  -0.152147179E+02  -0.153321603E+02  -0.139332612E+02  -0.139855881E+02  -0.147304727E+02  -0.152766362E+02  -0.157234391E+02
   0.208725244E+07   0.500000000E+04  -0.150544405E+02  -0.130217049E+02  -0.142321136E+02  -0.149557194E+02  -0.152325223E+02  -0.153499646E+02  -0.139510655E+02  -0.140033924E+02  -0.147482771E+02  -0.152944405E+02  -0.157412434E+02
   0.218913247E+07   0.500000000E+04  -0.150590996E+02  -0.130263640E+02  -0.142367727E+02  -0.149603785E+02  -0.152371814E+02  -0.153546237E+02  -0.139557246E+02  -0.140080515E+02  -0.147529362E+02  -0.152990996E+02  -0.157459025E+02
   0.229017805E+07   0.500000000E+04  -0.150558295E+02  -0.130230938E+02  -0.142335025E+02  -0.149571083E+02  -0.152339112E+02  -0.153513535E+02  -0.139524544E+02  -0.140047814E+02  -0.147496660E+02  -0.152958295E+02  -0.157426323E+02
   0.240510637E+07   0.500000000E+04  -0.150460159E+02  -0.130132802E+02  -0.142236889E+02  -0.149472947E+02  -0.152240976E+02  -0.153415399E+02  -0.139426408E+02  -0.139949678E+02  -0.147398524E+02  -0.152860159E+02  -0.157328188E+02
   0.251392938E+07   0.500000000E+04  -0.150333739E+02  -0.130006383E+02  -0.142110470E+02  -0.149346527E+02  -0.152114556E+02  -0.153288979E+02  -0.139299989E+02  -0.139823258E+02  -0.147272104E+02  -0.152733739E+02  -0.157201768E+02
   0.261850702E+07   0.500000000E+04  -0.150197754E+02  -0.129870398E+02  -0.141974484E+02  -0.149210542E+02  -0.151978571E+02  -0.153152994E+02  -0.139164003E+02  -0.139687273E+02  -0.147136119E+02  -0.152597754E+02  -0.157065783E+02
   0.272770575E+07   0.500000000E+04  -0.149994722E+02  -0.129667366E+02  -0.141771453E+02  -0.149007511E+02  -0.151775540E+02  -0.152949963E+02  -0.138960972E+02  -0.139484241E+02  -0.146933088E+02  -0.152394722E+02  -0.156862751E+02
   0.283110353E+07   0.500000000E+04  -0.149803811E+02  -0.129476454E+02  -0.141580541E+02  -0.148816599E+02  -0.151584628E+02  -0.152759051E+02  -0.138770060E+02  -0.139293330E+02  -0.146742176E+02  -0.152203811E+02  -0.156671839E+02
   0.293512576E+07   0.500000000E+04  -0.149607481E+02  -0.129280124E+02  -0.141384211E+02  -0.148620269E+02  -0.151388298E+02  -0.152562721E+02  -0.138573730E+02  -0.139097000E+02  -0.146545846E+02  -0.152007481E+02  -0.156475509E+02
   0.303439275E+07   0.500000000E+04  -0.149373255E+02  -0.129045899E+02  -0.141149986E+02  -0.148386044E+02  -0.151154072E+02  -0.152328496E+02  -0.138339505E+02  -0.138862774E+02  -0.146311620E+02  -0.151773255E+02  -0.156241284E+02
   0.303439275E+07   0.500000000E+04  -0.149393883E+02  -0.129066526E+02  -0.141170613E+02  -0.148406671E+02  -0.151174700E+02  -0.152349123E+02  -0.138360132E+02  -0.138883402E+02  -0.146332248E+02  -0.151793883E+02  -0.156261911E+02
   0.315408357E+07   0.500000000E+04  -0.149137088E+02  -0.128809732E+02  -0.140913819E+02  -0.148149877E+02  -0.150917906E+02  -0.152092329E+02  -0.138103338E+02  -0.138626607E+02  -0.146075454E+02  -0.151537088E+02  -0.156005117E+02
   0.325730014E+07   0.500000000E+04  -0.148913961E+02  -0.128586605E+02  -0.140690691E+02  -0.147926749E+02  -0.150694778E+02  -0.151869201E+02  -0.137880211E+02  -0.138403480E+02  -0.145852326E+02  -0.151313961E+02  -0.155781990E+02
   0.336114008E+07   0.500000000E+04  -0.148650274E+02  -0.128322918E+02  -0.140427004E+02  -0.147663062E+02  -0.150431091E+02  -0.151605514E+02  -0.137616523E+02  -0.138139793E+02  -0.145588639E+02  -0.151050274E+02  -0.155518303E+02
   0.346023310E+07   0.500000000E+04  -0.148405388E+02  -0.128078032E+02  -0.140182119E+02  -0.147418176E+02  -0.150186205E+02  -0.151360628E+02  -0.137371638E+02  -0.137894907E+02  -0.145343753E+02  -0.150805388E+02  -0.155273417E+02
   0.357234777E+07   0.500000000E+04  -0.148061395E+02  -0.127734039E+02  -0.139838126E+02  -0.147074183E+02  -0.149842212E+02  -0.151016635E+02  -0.137027645E+02  -0.137550914E+02  -0.144999760E+02  -0.150461395E+02  -0.154929424E+02
   0.367255764E+07   0.500000000E+04  -0.147738868E+02  -0.127411512E+02  -0.139515599E+02  -0.146751657E+02  -0.149519686E+02  -0.150694109E+02  -0.136705118E+02  -0.137228387E+02  -0.144677234E+02  -0.150138868E+02  -0.154606897E+02
   0.378317059E+07   0.500000000E+04  -0.147356861E+02  -0.127029504E+02  -0.139133591E+02  -0.146369649E+02  -0.149137678E+02  -0.150312101E+02  -0.136323110E+02  -0.136846380E+02  -0.144295226E+02  -0.149756861E+02  -0.154224889E+02
   0.387360289E+07   0.500000000E+04  -0.147012163E+02  -0.126684807E+02  -0.138788894E+02  -0.146024952E+02  -0.148792980E+02  -0.149967404E+02  -0.135978413E+02  -0.136501682E+02  -0.143950528E+02  -0.149412163E+02  -0.153880192E+02
   0.397098858E+07   0.500000000E+04  -0.146631605E+02  -0.126304249E+02  -0.138408336E+02  -0.145644394E+02  -0.148412423E+02  -0.149586846E+02  -0.135597855E+02  -0.136121124E+02  -0.143569971E+02  -0.149031605E+02  -0.153499634E+02
   0.407586232E+07   0.500000000E+04  -0.146136999E+02  -0.125809643E+02  -0.137913730E+02  -0.145149788E+02  -0.147917817E+02  -0.149092240E+02  -0.135103249E+02  -0.135626519E+02  -0.143075365E+02  -0.148536999E+02  -0.153005028E+02
   0.418879986E+07   0.500000000E+04  -0.145588644E+02  -0.125261288E+02  -0.137365375E+02  -0.144601433E+02  -0.147369462E+02  -0.148543885E+02  -0.134554894E+02  -0.135078163E+02  -0.142527010E+02  -0.147988644E+02  -0.152456673E+02
   0.431042124E+07   0.500000000E+04  -0.144943045E+02  -0.124615689E+02  -0.136719775E+02  -0.143955833E+02  -0.146723862E+02  -0.147898285E+02  -0.133909294E+02  -0.134432564E+02  -0.141881410E+02  -0.147343045E+02  -0.151811074E+02
   0.439665418E+07   0.500000000E+04  -0.144415298E+02  -0.124087942E+02  -0.136192029E+02  -0.143428087E+02  -0.146196116E+02  -0.147370539E+02  -0.133381548E+02  -0.133904817E+02  -0.141353664E+02  -0.146815298E+02  -0.151283327E+02
   0.448725266E+07   0.500000000E+04  -0.143816483E+02  -0.123489127E+02  -0.135593214E+02  -0.142829272E+02  -0.145597301E+02  -0.146771724E+02  -0.132782733E+02  -0.133306003E+02  -0.140754849E+02  -0.146216483E+02  -0.150684512E+02
   0.458243769E+07   0.500000000E+04  -0.143118418E+02  -0.122791062E+02  -0.134895149E+02  -0.142131207E+02  -0.144899235E+02  -0.146073659E+02  -0.132084668E+02  -0.132607937E+02  -0.140056783E+02  -0.145518418E+02  -0.149986447E+02
   0.468174958E+07   0.500000000E+04  -0.142276258E+02  -0.121948901E+02  -0.134052988E+02  -0.141289046E+02  -0.144057075E+02  -0.145231498E+02  -0.131242507E+02  -0.131765777E+02  -0.139214623E+02  -0.144676258E+02  -0.149144287E+02
   0.478311228E+07   0.500000000E+04  -0.141392263E+02  -0.121064907E+02  -0.133168993E+02  -0.140405051E+02  -0.143173080E+02  -0.144347503E+02  -0.130358512E+02  -0.130881782E+02  -0.138330628E+02  -0.143792263E+02  -0.148260292E+02
   0.488658328E+07   0.500000000E+04  -0.140213448E+02  -0.119886092E+02  -0.131990179E+02  -0.139226236E+02  -0.141994265E+02  -0.143168688E+02  -0.129179698E+02  -0.129702967E+02  -0.137151813E+02  -0.142613448E+02  -0.147081477E+02
   0.499215113E+07   0.500000000E+04  -0.139480837E+02  -0.119153480E+02  -0.131257567E+02  -0.138493625E+02  -0.141261654E+02  -0.142436077E+02  -0.128447086E+02  -0.128970356E+02  -0.136419202E+02  -0.141880837E+02  -0.146348865E+02
