   0.000000000E+00   0.171849944E+05  -0.480624731E+01  -0.537145843E+01  -0.518131768E+01  -0.487624731E+01  -0.461871212E+01  -0.435364175E+01  -0.617392325E+01  -0.513131768E+01  -0.503378250E+01  -0.501624731E+01  -0.497871212E+01
   0.220699886E+02   0.171853773E+05  -0.480629198E+01  -0.537152261E+01  -0.518136886E+01  -0.487629198E+01  -0.461875354E+01  -0.435367667E+01  -0.617398417E+01  -0.513136886E+01  -0.503383042E+01  -0.501629198E+01  -0.497875354E+01
   0.100447812E+05   0.387364412E+05  -0.138984937E+02  -0.149264843E+02  -0.145024890E+02  -0.140084937E+02  -0.136484937E+02  -0.133144984E+02  -0.157064843E+02  -0.144824890E+02  -0.142184937E+02  -0.141084937E+02  -0.139844984E+02
   0.200885245E+05   0.263585314E+05  -0.143746497E+02  -0.152401277E+02  -0.148923887E+02  -0.144735192E+02  -0.141446497E+02  -0.138357802E+02  -0.160301277E+02  -0.148623887E+02  -0.146635192E+02  -0.145846497E+02  -0.144857802E+02
   0.301148589E+05   0.210091294E+05  -0.145484763E+02  -0.152700476E+02  -0.150011048E+02  -0.146347906E+02  -0.143384763E+02  -0.140521621E+02  -0.160700476E+02  -0.149674191E+02  -0.148047906E+02  -0.147584763E+02  -0.146921621E+02
   0.401940733E+05   0.174620472E+05  -0.146417707E+02  -0.152210956E+02  -0.150215457E+02  -0.147117707E+02  -0.144518833E+02  -0.141821083E+02  -0.160212081E+02  -0.149715457E+02  -0.148716582E+02  -0.148517707E+02  -0.148118833E+02
   0.503403297E+05   0.153450516E+05  -0.146532854E+02  -0.151125868E+02  -0.149872717E+02  -0.147232854E+02  -0.144819566E+02  -0.142406279E+02  -0.159225868E+02  -0.149286005E+02  -0.148646142E+02  -0.148719566E+02  -0.148506279E+02
   0.605309500E+05   0.139693005E+05  -0.146439118E+02  -0.149945608E+02  -0.149253114E+02  -0.147039118E+02  -0.144860619E+02  -0.142503621E+02  -0.158067109E+02  -0.148553114E+02  -0.148296116E+02  -0.148539118E+02  -0.148582120E+02
   0.707511641E+05   0.129840021E+05  -0.146157044E+02  -0.148719241E+02  -0.148551354E+02  -0.146730621E+02  -0.144709889E+02  -0.142536311E+02  -0.156945664E+02  -0.147824931E+02  -0.147804199E+02  -0.148283466E+02  -0.148509889E+02
   0.808115726E+05   0.122158837E+05  -0.145840196E+02  -0.147604661E+02  -0.147872428E+02  -0.146326643E+02  -0.144553750E+02  -0.142467303E+02  -0.155904661E+02  -0.147058875E+02  -0.147313089E+02  -0.148026643E+02  -0.148353750E+02
   0.912961783E+05   0.115533709E+05  -0.145478276E+02  -0.146445397E+02  -0.147111837E+02  -0.145884988E+02  -0.144271564E+02  -0.142264852E+02  -0.154745397E+02  -0.146218549E+02  -0.146791700E+02  -0.147584988E+02  -0.148071564E+02
   0.101559318E+06   0.109590218E+05  -0.145098438E+02  -0.145233906E+02  -0.146281420E+02  -0.145428935E+02  -0.143967941E+02  -0.142106947E+02  -0.153533906E+02  -0.145381420E+02  -0.146259432E+02  -0.147198438E+02  -0.147837444E+02
   0.111764925E+06   0.103661617E+05  -0.144564053E+02  -0.143821376E+02  -0.145366716E+02  -0.144864053E+02  -0.143562721E+02  -0.141861389E+02  -0.152170710E+02  -0.144417381E+02  -0.145565384E+02  -0.146713387E+02  -0.147512055E+02
   0.122473044E+06   0.980583097E+04  -0.144179454E+02  -0.142504944E+02  -0.144606603E+02  -0.144450645E+02  -0.143337071E+02  -0.141794688E+02  -0.150904944E+02  -0.143577795E+02  -0.144993028E+02  -0.146379454E+02  -0.147365879E+02
   0.132546416E+06   0.932794260E+04  -0.143815583E+02  -0.141219330E+02  -0.143817313E+02  -0.144015872E+02  -0.143115007E+02  -0.141714431E+02  -0.149619330E+02  -0.142717601E+02  -0.144416448E+02  -0.146015583E+02  -0.147214719E+02
   0.142795864E+06   0.891577219E+04  -0.143535536E+02  -0.139956472E+02  -0.143078639E+02  -0.143670265E+02  -0.142966078E+02  -0.141696619E+02  -0.148487014E+02  -0.141913368E+02  -0.143939723E+02  -0.145735536E+02  -0.147066078E+02
   0.153075638E+06   0.854535349E+04  -0.143257273E+02  -0.138767952E+02  -0.142375590E+02  -0.143331318E+02  -0.142809182E+02  -0.141661092E+02  -0.147367952E+02  -0.141149635E+02  -0.143479409E+02  -0.145457273E+02  -0.146935137E+02
   0.163154688E+06   0.819949790E+04  -0.142897403E+02  -0.137523089E+02  -0.141602723E+02  -0.142912449E+02  -0.142567312E+02  -0.141537221E+02  -0.146123089E+02  -0.140317769E+02  -0.142942540E+02  -0.145097403E+02  -0.146752266E+02
   0.173425983E+06   0.789521561E+04  -0.142561727E+02  -0.136289798E+02  -0.140806000E+02  -0.142522202E+02  -0.142340777E+02  -0.141419828E+02  -0.144929323E+02  -0.139506000E+02  -0.142403626E+02  -0.144761727E+02  -0.146580303E+02
   0.173425983E+06   0.790135287E+04  -0.142570510E+02  -0.136317666E+02  -0.140824887E+02  -0.142532108E+02  -0.142347316E+02  -0.141424121E+02  -0.144956068E+02  -0.139524887E+02  -0.142416900E+02  -0.144770510E+02  -0.146585718E+02
   0.183559297E+06   0.762302089E+04  -0.142211721E+02  -0.135093384E+02  -0.140007896E+02  -0.142122407E+02  -0.142090349E+02  -0.141268976E+02  -0.143782698E+02  -0.138707896E+02  -0.141854465E+02  -0.144411721E+02  -0.146379663E+02
   0.193749146E+06   0.737122734E+04  -0.141769178E+02  -0.133786419E+02  -0.139165730E+02  -0.141631247E+02  -0.141745040E+02  -0.141096765E+02  -0.142524350E+02  -0.137789867E+02  -0.141255385E+02  -0.143969178E+02  -0.146120903E+02
   0.203882394E+06   0.714584685E+04  -0.141334702E+02  -0.132556169E+02  -0.138377576E+02  -0.141152561E+02  -0.141398983E+02  -0.140927546E+02  -0.141338310E+02  -0.136913295E+02  -0.140688280E+02  -0.143534702E+02  -0.145863264E+02
   0.214021699E+06   0.693771316E+04  -0.140894099E+02  -0.131301620E+02  -0.137572484E+02  -0.140644851E+02  -0.141067971E+02  -0.140717219E+02  -0.140126244E+02  -0.136047860E+02  -0.140070979E+02  -0.143094099E+02  -0.145567971E+02
   0.224280100E+06   0.674544276E+04  -0.140448093E+02  -0.130046905E+02  -0.136762558E+02  -0.140117974E+02  -0.140743271E+02  -0.140473389E+02  -0.138911965E+02  -0.135197499E+02  -0.139422796E+02  -0.142648093E+02  -0.145243271E+02
   0.234362435E+06   0.656978512E+04  -0.140016789E+02  -0.128871725E+02  -0.135995330E+02  -0.139614643E+02  -0.140423227E+02  -0.140229664E+02  -0.137773871E+02  -0.134391038E+02  -0.138808206E+02  -0.142218935E+02  -0.144925373E+02
   0.244857256E+06   0.640973401E+04  -0.139551510E+02  -0.127648424E+02  -0.135169088E+02  -0.139113268E+02  -0.140066237E+02  -0.139980964E+02  -0.136586666E+02  -0.133492604E+02  -0.138198542E+02  -0.141789753E+02  -0.144604479E+02
   0.255130998E+06   0.626471218E+04  -0.139139216E+02  -0.126549287E+02  -0.134429726E+02  -0.138668267E+02  -0.139752063E+02  -0.139764910E+02  -0.135520236E+02  -0.132687828E+02  -0.137655420E+02  -0.141410165E+02  -0.144323012E+02
   0.265483934E+06   0.614028696E+04  -0.138799815E+02  -0.125620592E+02  -0.133809709E+02  -0.138300804E+02  -0.139496847E+02  -0.139593879E+02  -0.134619603E+02  -0.132011688E+02  -0.137203772E+02  -0.141098826E+02  -0.144095857E+02
   0.275854681E+06   0.601764436E+04  -0.138384372E+02  -0.124555201E+02  -0.133098385E+02  -0.137827175E+02  -0.139198767E+02  -0.139384563E+02  -0.133583799E+02  -0.131269786E+02  -0.136669977E+02  -0.140684372E+02  -0.143827366E+02
   0.286335239E+06   0.591151630E+04  -0.138020924E+02  -0.123627105E+02  -0.132478279E+02  -0.137412395E+02  -0.138937982E+02  -0.139200775E+02  -0.132681369E+02  -0.130624014E+02  -0.136203866E+02  -0.140320924E+02  -0.143592246E+02
   0.296788652E+06   0.580905158E+04  -0.137705854E+02  -0.122766878E+02  -0.131915410E+02  -0.137047765E+02  -0.138722031E+02  -0.139059164E+02  -0.131845922E+02  -0.130036366E+02  -0.135789676E+02  -0.140005854E+02  -0.143401075E+02
   0.306775360E+06   0.572576666E+04  -0.137437985E+02  -0.122055897E+02  -0.131446127E+02  -0.136739614E+02  -0.138534729E+02  -0.138932286E+02  -0.131155083E+02  -0.129546941E+02  -0.135441242E+02  -0.139737985E+02  -0.143233914E+02
   0.316644401E+06   0.564693633E+04  -0.137178095E+02  -0.121308526E+02  -0.130962876E+02  -0.136458530E+02  -0.138356357E+02  -0.138834618E+02  -0.130428091E+02  -0.129023745E+02  -0.135080268E+02  -0.139497660E+02  -0.143095487E+02
   0.327485610E+06   0.556868993E+04  -0.136928509E+02  -0.120572056E+02  -0.130490135E+02  -0.136188657E+02  -0.138187918E+02  -0.138747327E+02  -0.129711908E+02  -0.128510430E+02  -0.134729248E+02  -0.139268362E+02  -0.142967623E+02
   0.337262117E+06   0.550179078E+04  -0.136727628E+02  -0.119954897E+02  -0.130098460E+02  -0.135970431E+02  -0.138056416E+02  -0.138685205E+02  -0.129112094E+02  -0.128084065E+02  -0.134441642E+02  -0.139084825E+02  -0.142870810E+02
   0.347265931E+06   0.543139860E+04  -0.136511495E+02  -0.119300753E+02  -0.129681571E+02  -0.135736047E+02  -0.137913285E+02  -0.138615076E+02  -0.128476200E+02  -0.127630676E+02  -0.134134257E+02  -0.138886943E+02  -0.142764181E+02
   0.347265931E+06   0.543408263E+04  -0.136520199E+02  -0.119326157E+02  -0.129697930E+02  -0.135745447E+02  -0.137919205E+02  -0.138618212E+02  -0.128500909E+02  -0.127648426E+02  -0.134146440E+02  -0.138894950E+02  -0.142768709E+02
   0.347265931E+06   0.543423747E+04  -0.136514805E+02  -0.119321727E+02  -0.129692977E+02  -0.135740093E+02  -0.137913651E+02  -0.138612497E+02  -0.128496439E+02  -0.127643554E+02  -0.134141247E+02  -0.138889516E+02  -0.142763074E+02
   0.357365958E+06   0.537583756E+04  -0.136354553E+02  -0.118798084E+02  -0.129366172E+02  -0.135564700E+02  -0.137813964E+02  -0.138573376E+02  -0.127987937E+02  -0.127286466E+02  -0.133905289E+02  -0.138744406E+02  -0.142693670E+02
   0.367944845E+06   0.531082063E+04  -0.136167804E+02  -0.118173547E+02  -0.128981467E+02  -0.135353414E+02  -0.137689388E+02  -0.138518167E+02  -0.127380741E+02  -0.126867078E+02  -0.133624635E+02  -0.138567804E+02  -0.142603777E+02
   0.377814687E+06   0.525641065E+04  -0.135998534E+02  -0.117595862E+02  -0.128630680E+02  -0.135153892E+02  -0.137565498E+02  -0.138454783E+02  -0.126818183E+02  -0.126486038E+02  -0.133364607E+02  -0.138398534E+02  -0.142510140E+02
   0.388470127E+06   0.519854398E+04  -0.135826683E+02  -0.116989648E+02  -0.128265779E+02  -0.134949865E+02  -0.137441909E+02  -0.138395543E+02  -0.126228057E+02  -0.126088961E+02  -0.133096231E+02  -0.138226683E+02  -0.142418726E+02
   0.388470127E+06   0.520060518E+04  -0.135832177E+02  -0.117010615E+02  -0.128278150E+02  -0.134956506E+02  -0.137445684E+02  -0.138397027E+02  -0.126248451E+02  -0.126102478E+02  -0.133105164E+02  -0.138232177E+02  -0.142421356E+02
   0.398560088E+06   0.514679056E+04  -0.135683090E+02  -0.116457581E+02  -0.127949530E+02  -0.134777496E+02  -0.137341480E+02  -0.138352666E+02  -0.125710378E+02  -0.125743937E+02  -0.132866310E+02  -0.138083090E+02  -0.142347073E+02
   0.408556226E+06   0.510289185E+04  -0.135552501E+02  -0.115997477E+02  -0.127672490E+02  -0.134622499E+02  -0.137247504E+02  -0.138307507E+02  -0.125262478E+02  -0.125442489E+02  -0.132662496E+02  -0.137952501E+02  -0.142277505E+02
   0.419174352E+06   0.505043754E+04  -0.135432612E+02  -0.115483853E+02  -0.127377608E+02  -0.134473445E+02  -0.137171363E+02  -0.138289698E+02  -0.124763437E+02  -0.125118441E+02  -0.132455110E+02  -0.137832612E+02  -0.142230530E+02
   0.429817392E+06   0.500655382E+04  -0.135329145E+02  -0.115050984E+02  -0.127127740E+02  -0.134345577E+02  -0.137104496E+02  -0.138271631E+02  -0.124342767E+02  -0.124844172E+02  -0.132278442E+02  -0.137729145E+02  -0.142188064E+02
   0.439810206E+06   0.500000000E+04  -0.135210033E+02  -0.114882677E+02  -0.126986764E+02  -0.134222822E+02  -0.136990851E+02  -0.138165274E+02  -0.124176283E+02  -0.124699552E+02  -0.132148399E+02  -0.137610033E+02  -0.142078062E+02
   0.450139294E+06   0.500000000E+04  -0.135103560E+02  -0.114776204E+02  -0.126880291E+02  -0.134116349E+02  -0.136884377E+02  -0.138058801E+02  -0.124069810E+02  -0.124593079E+02  -0.132041925E+02  -0.137503560E+02  -0.141971589E+02
   0.460946779E+06   0.500000000E+04  -0.135021726E+02  -0.114694370E+02  -0.126798457E+02  -0.134034515E+02  -0.136802543E+02  -0.137976967E+02  -0.123987976E+02  -0.124511245E+02  -0.131960091E+02  -0.137421726E+02  -0.141889755E+02
   0.470938109E+06   0.500000000E+04  -0.134975702E+02  -0.114648346E+02  -0.126752433E+02  -0.133988490E+02  -0.136756519E+02  -0.137930943E+02  -0.123941952E+02  -0.124465221E+02  -0.131914067E+02  -0.137375702E+02  -0.141843731E+02
   0.481002585E+06   0.500000000E+04  -0.134937690E+02  -0.114610333E+02  -0.126714420E+02  -0.133950478E+02  -0.136718507E+02  -0.137892930E+02  -0.123903939E+02  -0.124427209E+02  -0.131876055E+02  -0.137337690E+02  -0.141805718E+02
   0.491772224E+06   0.500000000E+04  -0.134916405E+02  -0.114589049E+02  -0.126693135E+02  -0.133929193E+02  -0.136697222E+02  -0.137871645E+02  -0.123882654E+02  -0.124405924E+02  -0.131854770E+02  -0.137316405E+02  -0.141784434E+02
   0.491772224E+06   0.500000000E+04  -0.134916535E+02  -0.114589179E+02  -0.126693265E+02  -0.133929323E+02  -0.136697352E+02  -0.137871775E+02  -0.123882784E+02  -0.124406054E+02  -0.131854900E+02  -0.137316535E+02  -0.141784564E+02
   0.501970323E+06   0.500000000E+04  -0.134916407E+02  -0.114589050E+02  -0.126693137E+02  -0.133929195E+02  -0.136697224E+02  -0.137871647E+02  -0.123882656E+02  -0.124405926E+02  -0.131854772E+02  -0.137316407E+02  -0.141784435E+02
   0.512379134E+06   0.500000000E+04  -0.134921825E+02  -0.114594469E+02  -0.126698555E+02  -0.133934613E+02  -0.136702642E+02  -0.137877065E+02  -0.123888074E+02  -0.124411344E+02  -0.131860190E+02  -0.137321825E+02  -0.141789854E+02
   0.522218882E+06   0.500000000E+04  -0.134821308E+02  -0.114493952E+02  -0.126598038E+02  -0.133834096E+02  -0.136602125E+02  -0.137776548E+02  -0.123787557E+02  -0.124310827E+02  -0.131759673E+02  -0.137221308E+02  -0.141689337E+02
   0.532565433E+06   0.500000000E+04  -0.134820687E+02  -0.114493331E+02  -0.126597417E+02  -0.133833475E+02  -0.136601504E+02  -0.137775927E+02  -0.123786936E+02  -0.124310206E+02  -0.131759052E+02  -0.137220687E+02  -0.141688716E+02
   0.542814414E+06   0.500000000E+04  -0.134810607E+02  -0.114483251E+02  -0.126587337E+02  -0.133823395E+02  -0.136591424E+02  -0.137765847E+02  -0.123776856E+02  -0.124300126E+02  -0.131748972E+02  -0.137210607E+02  -0.141678636E+02
   0.553376200E+06   0.500000000E+04  -0.134837070E+02  -0.114509714E+02  -0.126613801E+02  -0.133849859E+02  -0.136617888E+02  -0.137792311E+02  -0.123803320E+02  -0.124326589E+02  -0.131775436E+02  -0.137237070E+02  -0.141705099E+02
   0.563442467E+06   0.500000000E+04  -0.134875095E+02  -0.114547738E+02  -0.126651825E+02  -0.133887883E+02  -0.136655912E+02  -0.137830335E+02  -0.123841344E+02  -0.124364614E+02  -0.131813460E+02  -0.137275095E+02  -0.141743123E+02
   0.574315197E+06   0.500000000E+04  -0.134921934E+02  -0.114594578E+02  -0.126698665E+02  -0.133934723E+02  -0.136702752E+02  -0.137877175E+02  -0.123888184E+02  -0.124411453E+02  -0.131860300E+02  -0.137321934E+02  -0.141789963E+02
   0.584363823E+06   0.500000000E+04  -0.134980023E+02  -0.114652666E+02  -0.126756753E+02  -0.133992811E+02  -0.136760840E+02  -0.137935263E+02  -0.123946272E+02  -0.124469542E+02  -0.131918388E+02  -0.137380023E+02  -0.141848052E+02
   0.594951684E+06   0.500000000E+04  -0.135057748E+02  -0.114730392E+02  -0.126834479E+02  -0.134070537E+02  -0.136838566E+02  -0.138012989E+02  -0.124023998E+02  -0.124547267E+02  -0.131996114E+02  -0.137457748E+02  -0.141925777E+02
   0.605490520E+06   0.500000000E+04  -0.135144805E+02  -0.114817449E+02  -0.126921535E+02  -0.134157593E+02  -0.136925622E+02  -0.138100045E+02  -0.124111054E+02  -0.124634324E+02  -0.132083170E+02  -0.137544805E+02  -0.142012834E+02
   0.615413903E+06   0.500000000E+04  -0.135075339E+02  -0.114747983E+02  -0.126852070E+02  -0.134088128E+02  -0.136856157E+02  -0.138030580E+02  -0.124041589E+02  -0.124564858E+02  -0.132013705E+02  -0.137475339E+02  -0.141943368E+02
   0.625696859E+06   0.500000000E+04  -0.135150894E+02  -0.114823538E+02  -0.126927625E+02  -0.134163682E+02  -0.136931711E+02  -0.138106134E+02  -0.124117144E+02  -0.124640413E+02  -0.132089259E+02  -0.137550894E+02  -0.142018923E+02
   0.635681052E+06   0.500000000E+04  -0.135231161E+02  -0.114903805E+02  -0.127007892E+02  -0.134243950E+02  -0.137011979E+02  -0.138186402E+02  -0.124197411E+02  -0.124720680E+02  -0.132169527E+02  -0.137631161E+02  -0.142099190E+02
   0.646490010E+06   0.500000000E+04  -0.135330045E+02  -0.115002689E+02  -0.127106776E+02  -0.134342834E+02  -0.137110863E+02  -0.138285286E+02  -0.124296295E+02  -0.124819564E+02  -0.132268411E+02  -0.137730045E+02  -0.142198074E+02
   0.656878902E+06   0.500000000E+04  -0.135437600E+02  -0.115110244E+02  -0.127214330E+02  -0.134450388E+02  -0.137218417E+02  -0.138392840E+02  -0.124403849E+02  -0.124927119E+02  -0.132375965E+02  -0.137837600E+02  -0.142305629E+02
   0.667516951E+06   0.500000000E+04  -0.135559334E+02  -0.115231978E+02  -0.127336065E+02  -0.134572122E+02  -0.137340151E+02  -0.138514574E+02  -0.124525584E+02  -0.125048853E+02  -0.132497699E+02  -0.137959334E+02  -0.142427363E+02
   0.678621043E+06   0.500000000E+04  -0.135701759E+02  -0.115374403E+02  -0.127478490E+02  -0.134714548E+02  -0.137482577E+02  -0.138657000E+02  -0.124668009E+02  -0.125191278E+02  -0.132640125E+02  -0.138101759E+02  -0.142569788E+02
   0.678621043E+06   0.500000000E+04  -0.135695238E+02  -0.115367882E+02  -0.127471969E+02  -0.134708027E+02  -0.137476056E+02  -0.138650479E+02  -0.124661488E+02  -0.125184757E+02  -0.132633604E+02  -0.138095238E+02  -0.142563267E+02
   0.689168252E+06   0.500000000E+04  -0.135838847E+02  -0.115511491E+02  -0.127615578E+02  -0.134851636E+02  -0.137619665E+02  -0.138794088E+02  -0.124805097E+02  -0.125328366E+02  -0.132777213E+02  -0.138238847E+02  -0.142706876E+02
   0.699260020E+06   0.500000000E+04  -0.135791053E+02  -0.115463697E+02  -0.127567784E+02  -0.134803842E+02  -0.137571871E+02  -0.138746294E+02  -0.124757303E+02  -0.125280572E+02  -0.132729419E+02  -0.138191053E+02  -0.142659082E+02
   0.709711181E+06   0.500000000E+04  -0.135936625E+02  -0.115609269E+02  -0.127713355E+02  -0.134949413E+02  -0.137717442E+02  -0.138891865E+02  -0.124902874E+02  -0.125426144E+02  -0.132874990E+02  -0.138336625E+02  -0.142804654E+02
   0.720335264E+06   0.500000000E+04  -0.136094091E+02  -0.115766735E+02  -0.127870822E+02  -0.135106880E+02  -0.137874909E+02  -0.139049332E+02  -0.125060341E+02  -0.125583610E+02  -0.133032457E+02  -0.138494091E+02  -0.142962120E+02
   0.730306308E+06   0.500000000E+04  -0.136243151E+02  -0.115915795E+02  -0.128019882E+02  -0.135255940E+02  -0.138023968E+02  -0.139198392E+02  -0.125209401E+02  -0.125732670E+02  -0.133181516E+02  -0.138643151E+02  -0.143111180E+02
   0.740509181E+06   0.500000000E+04  -0.136410454E+02  -0.116083098E+02  -0.128187184E+02  -0.135423242E+02  -0.138191271E+02  -0.139365694E+02  -0.125376703E+02  -0.125899973E+02  -0.133348819E+02  -0.138810454E+02  -0.143278483E+02
   0.751290816E+06   0.500000000E+04  -0.136603217E+02  -0.116275861E+02  -0.128379948E+02  -0.135616006E+02  -0.138384035E+02  -0.139558458E+02  -0.125569467E+02  -0.126092736E+02  -0.133541583E+02  -0.139003217E+02  -0.143471246E+02
   0.762331026E+06   0.500000000E+04  -0.136799018E+02  -0.116471662E+02  -0.128575749E+02  -0.135811807E+02  -0.138579836E+02  -0.139754259E+02  -0.125765268E+02  -0.126288537E+02  -0.133737384E+02  -0.139199018E+02  -0.143667047E+02
   0.772831261E+06   0.500000000E+04  -0.137002269E+02  -0.116674913E+02  -0.128779000E+02  -0.136015058E+02  -0.138783087E+02  -0.139957510E+02  -0.125968519E+02  -0.126491788E+02  -0.133940635E+02  -0.139402269E+02  -0.143870298E+02
   0.783141686E+06   0.500000000E+04  -0.136962704E+02  -0.116635348E+02  -0.128739435E+02  -0.135975493E+02  -0.138743522E+02  -0.139917945E+02  -0.125928954E+02  -0.126452223E+02  -0.133901070E+02  -0.139362704E+02  -0.143830733E+02
   0.793375867E+06   0.500000000E+04  -0.137170493E+02  -0.116843137E+02  -0.128947224E+02  -0.136183281E+02  -0.138951310E+02  -0.140125733E+02  -0.126136743E+02  -0.126660012E+02  -0.134108858E+02  -0.139570493E+02  -0.144038522E+02
   0.803674231E+06   0.500000000E+04  -0.137369597E+02  -0.117042240E+02  -0.129146327E+02  -0.136382385E+02  -0.139150414E+02  -0.140324837E+02  -0.126335846E+02  -0.126859116E+02  -0.134307962E+02  -0.139769597E+02  -0.144237626E+02
   0.813958587E+06   0.500000000E+04  -0.137574666E+02  -0.117247310E+02  -0.129351397E+02  -0.136587455E+02  -0.139355484E+02  -0.140529907E+02  -0.126540916E+02  -0.127064185E+02  -0.134513032E+02  -0.139974666E+02  -0.144442695E+02
   0.824269937E+06   0.500000000E+04  -0.137782543E+02  -0.117455187E+02  -0.129559273E+02  -0.136795331E+02  -0.139563360E+02  -0.140737783E+02  -0.126748792E+02  -0.127272062E+02  -0.134720908E+02  -0.140182543E+02  -0.144650572E+02
   0.834666306E+06   0.500000000E+04  -0.137994964E+02  -0.117667608E+02  -0.129771694E+02  -0.137007752E+02  -0.139775781E+02  -0.140950204E+02  -0.126961213E+02  -0.127484483E+02  -0.134933329E+02  -0.140394964E+02  -0.144862993E+02
   0.845543812E+06   0.500000000E+04  -0.138220359E+02  -0.117893003E+02  -0.129997090E+02  -0.137233148E+02  -0.140001177E+02  -0.141175600E+02  -0.127186609E+02  -0.127709878E+02  -0.135158724E+02  -0.140620359E+02  -0.145088388E+02
   0.845543812E+06   0.500000000E+04  -0.138206481E+02  -0.117879125E+02  -0.129983212E+02  -0.137219270E+02  -0.139987298E+02  -0.141161722E+02  -0.127172731E+02  -0.127696000E+02  -0.135144846E+02  -0.140606481E+02  -0.145074510E+02
   0.855874574E+06   0.500000000E+04  -0.138424026E+02  -0.118096670E+02  -0.130200757E+02  -0.137436814E+02  -0.140204843E+02  -0.141379266E+02  -0.127390276E+02  -0.127913545E+02  -0.135362391E+02  -0.140824026E+02  -0.145292055E+02
   0.866412454E+06   0.500000000E+04  -0.138648840E+02  -0.118321484E+02  -0.130425570E+02  -0.137661628E+02  -0.140429657E+02  -0.141604080E+02  -0.127615089E+02  -0.128138359E+02  -0.135587205E+02  -0.141048840E+02  -0.145516869E+02
   0.866412454E+06   0.500000000E+04  -0.138636273E+02  -0.118308917E+02  -0.130413003E+02  -0.137649061E+02  -0.140417090E+02  -0.141591513E+02  -0.127602522E+02  -0.128125792E+02  -0.135574638E+02  -0.141036273E+02  -0.145504302E+02
   0.917500033E+06   0.500000000E+04  -0.139475723E+02  -0.119148367E+02  -0.131252453E+02  -0.138488511E+02  -0.141256540E+02  -0.142430963E+02  -0.128441972E+02  -0.128965242E+02  -0.136414088E+02  -0.141875723E+02  -0.146343752E+02
   0.967933648E+06   0.500000000E+04  -0.140313886E+02  -0.119986530E+02  -0.132090616E+02  -0.139326674E+02  -0.142094703E+02  -0.143269126E+02  -0.129280135E+02  -0.129803405E+02  -0.137252251E+02  -0.142713886E+02  -0.147181915E+02
   0.101859680E+07   0.500000000E+04  -0.141315502E+02  -0.120988146E+02  -0.133092232E+02  -0.140328290E+02  -0.143096319E+02  -0.144270742E+02  -0.130281752E+02  -0.130805021E+02  -0.138253867E+02  -0.143715502E+02  -0.148183531E+02
   0.106849725E+07   0.500000000E+04  -0.142055382E+02  -0.121728026E+02  -0.133832113E+02  -0.141068171E+02  -0.143836199E+02  -0.145010623E+02  -0.131021632E+02  -0.131544901E+02  -0.138993747E+02  -0.144455382E+02  -0.148923411E+02
   0.111882609E+07   0.500000000E+04  -0.142968848E+02  -0.122641492E+02  -0.134745579E+02  -0.141981637E+02  -0.144749666E+02  -0.145924089E+02  -0.131935098E+02  -0.132458367E+02  -0.139907214E+02  -0.145368848E+02  -0.149836877E+02
   0.116915293E+07   0.500000000E+04  -0.143656098E+02  -0.123328742E+02  -0.135432829E+02  -0.142668887E+02  -0.145436916E+02  -0.146611339E+02  -0.132622348E+02  -0.133145617E+02  -0.140594463E+02  -0.146056098E+02  -0.150524127E+02
   0.121959686E+07   0.500000000E+04  -0.144309492E+02  -0.123982136E+02  -0.136086222E+02  -0.143322280E+02  -0.146090309E+02  -0.147264732E+02  -0.133275741E+02  -0.133799011E+02  -0.141247857E+02  -0.146709492E+02  -0.151177521E+02
   0.126990212E+07   0.500000000E+04  -0.145091518E+02  -0.124764162E+02  -0.136868248E+02  -0.144104306E+02  -0.146872335E+02  -0.148046758E+02  -0.134057768E+02  -0.134581037E+02  -0.142029883E+02  -0.147491518E+02  -0.151959547E+02
   0.132028432E+07   0.500000000E+04  -0.145675118E+02  -0.125347762E+02  -0.137451848E+02  -0.144687906E+02  -0.147455935E+02  -0.148630358E+02  -0.134641368E+02  -0.135164637E+02  -0.142613483E+02  -0.148075118E+02  -0.152543147E+02
   0.137126707E+07   0.500000000E+04  -0.146378437E+02  -0.126051081E+02  -0.138155167E+02  -0.145391225E+02  -0.148159254E+02  -0.149333677E+02  -0.135344686E+02  -0.135867956E+02  -0.143316802E+02  -0.148778437E+02  -0.153246466E+02
   0.142203923E+07   0.500000000E+04  -0.146920206E+02  -0.126592850E+02  -0.138696936E+02  -0.145932994E+02  -0.148701023E+02  -0.149875446E+02  -0.135886455E+02  -0.136409725E+02  -0.143858571E+02  -0.149320206E+02  -0.153788235E+02
   0.147214850E+07   0.500000000E+04  -0.147500330E+02  -0.127172973E+02  -0.139277060E+02  -0.146513118E+02  -0.149281147E+02  -0.150455570E+02  -0.136466579E+02  -0.136989849E+02  -0.144438695E+02  -0.149900330E+02  -0.154368358E+02
   0.152245359E+07   0.500000000E+04  -0.147946807E+02  -0.127619451E+02  -0.139723538E+02  -0.146959595E+02  -0.149727624E+02  -0.150902048E+02  -0.136913057E+02  -0.137436326E+02  -0.144885172E+02  -0.150346807E+02  -0.154814836E+02
   0.157306873E+07   0.500000000E+04  -0.148360554E+02  -0.128033198E+02  -0.140137285E+02  -0.147373343E+02  -0.150141371E+02  -0.151315795E+02  -0.137326804E+02  -0.137850073E+02  -0.145298919E+02  -0.150760554E+02  -0.155228583E+02
   0.162411375E+07   0.500000000E+04  -0.148805377E+02  -0.128478021E+02  -0.140582107E+02  -0.147818165E+02  -0.150586194E+02  -0.151760617E+02  -0.137771627E+02  -0.138294896E+02  -0.145743742E+02  -0.151205377E+02  -0.155673406E+02
   0.167454107E+07   0.500000000E+04  -0.149119255E+02  -0.128791899E+02  -0.140895986E+02  -0.148132044E+02  -0.150900073E+02  -0.152074496E+02  -0.138085505E+02  -0.138608775E+02  -0.146057621E+02  -0.151519255E+02  -0.155987284E+02
   0.172441747E+07   0.500000000E+04  -0.149445445E+02  -0.129118089E+02  -0.141222176E+02  -0.148458234E+02  -0.151226263E+02  -0.152400686E+02  -0.138411695E+02  -0.138934964E+02  -0.146383811E+02  -0.151845445E+02  -0.156313474E+02
   0.177437098E+07   0.500000000E+04  -0.149698655E+02  -0.129371299E+02  -0.141475386E+02  -0.148711444E+02  -0.151479473E+02  -0.152653896E+02  -0.138664905E+02  -0.139188175E+02  -0.146637021E+02  -0.152098655E+02  -0.156566684E+02
   0.187493097E+07   0.500000000E+04  -0.150110664E+02  -0.129783308E+02  -0.141887395E+02  -0.149123453E+02  -0.151891482E+02  -0.153065905E+02  -0.139076914E+02  -0.139600183E+02  -0.147049030E+02  -0.152510664E+02  -0.156978693E+02
   0.197456756E+07   0.500000000E+04  -0.150367262E+02  -0.130039906E+02  -0.142143993E+02  -0.149380051E+02  -0.152148080E+02  -0.153322503E+02  -0.139333512E+02  -0.139856781E+02  -0.147305627E+02  -0.152767262E+02  -0.157235291E+02
   0.207473269E+07   0.500000000E+04  -0.150546979E+02  -0.130219623E+02  -0.142323709E+02  -0.149559767E+02  -0.152327796E+02  -0.153502219E+02  -0.139513228E+02  -0.140036498E+02  -0.147485344E+02  -0.152946979E+02  -0.157415008E+02
   0.217474130E+07   0.500000000E+04  -0.150615142E+02  -0.130287786E+02  -0.142391873E+02  -0.149627931E+02  -0.152395960E+02  -0.153570383E+02  -0.139581392E+02  -0.140104661E+02  -0.147553507E+02  -0.153015142E+02  -0.157483171E+02
   0.227540076E+07   0.500000000E+04  -0.150589032E+02  -0.130261676E+02  -0.142365763E+02  -0.149601820E+02  -0.152369849E+02  -0.153544272E+02  -0.139555282E+02  -0.140078551E+02  -0.147527397E+02  -0.152989032E+02  -0.157457061E+02
   0.237619561E+07   0.500000000E+04  -0.150492173E+02  -0.130164816E+02  -0.142268903E+02  -0.149504961E+02  -0.152272990E+02  -0.153447413E+02  -0.139458422E+02  -0.139981692E+02  -0.147430538E+02  -0.152892173E+02  -0.157360201E+02
   0.247722772E+07   0.500000000E+04  -0.150390420E+02  -0.130063064E+02  -0.142167151E+02  -0.149403209E+02  -0.152171238E+02  -0.153345661E+02  -0.139356670E+02  -0.139879939E+02  -0.147328786E+02  -0.152790420E+02  -0.157258449E+02
   0.257824932E+07   0.500000000E+04  -0.150265958E+02  -0.129938602E+02  -0.142042689E+02  -0.149278746E+02  -0.152046775E+02  -0.153221198E+02  -0.139232208E+02  -0.139755477E+02  -0.147204323E+02  -0.152665958E+02  -0.157133987E+02
   0.267906334E+07   0.500000000E+04  -0.150101948E+02  -0.129774592E+02  -0.141878678E+02  -0.149114736E+02  -0.151882765E+02  -0.153057188E+02  -0.139068197E+02  -0.139591467E+02  -0.147040313E+02  -0.152501948E+02  -0.156969977E+02
   0.277860203E+07   0.500000000E+04  -0.149936381E+02  -0.129609025E+02  -0.141713112E+02  -0.148949170E+02  -0.151717199E+02  -0.152891622E+02  -0.138902631E+02  -0.139425900E+02  -0.146874746E+02  -0.152336381E+02  -0.156804410E+02
   0.287897761E+07   0.500000000E+04  -0.149726849E+02  -0.129399493E+02  -0.141503580E+02  -0.148739637E+02  -0.151507666E+02  -0.152682089E+02  -0.138693099E+02  -0.139216368E+02  -0.146665214E+02  -0.152126849E+02  -0.156594878E+02
   0.297950713E+07   0.500000000E+04  -0.149519552E+02  -0.129192196E+02  -0.141296282E+02  -0.148532340E+02  -0.151300369E+02  -0.152474792E+02  -0.138485802E+02  -0.139009071E+02  -0.146457917E+02  -0.151919552E+02  -0.156387581E+02
   0.308013536E+07   0.500000000E+04  -0.149295386E+02  -0.128968030E+02  -0.141072117E+02  -0.148308174E+02  -0.151076203E+02  -0.152250626E+02  -0.138261636E+02  -0.138784905E+02  -0.146233751E+02  -0.151695386E+02  -0.156163415E+02
   0.318093941E+07   0.500000000E+04  -0.149059788E+02  -0.128732432E+02  -0.140836519E+02  -0.148072577E+02  -0.150840606E+02  -0.152015029E+02  -0.138026038E+02  -0.138549307E+02  -0.145998154E+02  -0.151459788E+02  -0.155927817E+02
   0.328184201E+07   0.500000000E+04  -0.148860325E+02  -0.128532969E+02  -0.140637056E+02  -0.147873114E+02  -0.150641143E+02  -0.151815566E+02  -0.137826575E+02  -0.138349844E+02  -0.145798691E+02  -0.151260325E+02  -0.155728354E+02
   0.338245911E+07   0.500000000E+04  -0.148601288E+02  -0.128273932E+02  -0.140378019E+02  -0.147614076E+02  -0.150382105E+02  -0.151556528E+02  -0.137567538E+02  -0.138090807E+02  -0.145539653E+02  -0.151001288E+02  -0.155469317E+02
   0.348368842E+07   0.500000000E+04  -0.148306896E+02  -0.127979540E+02  -0.140083627E+02  -0.147319685E+02  -0.150087714E+02  -0.151262137E+02  -0.137273146E+02  -0.137796415E+02  -0.145245262E+02  -0.150706896E+02  -0.155174925E+02
   0.358370536E+07   0.500000000E+04  -0.148107696E+02  -0.127780340E+02  -0.139884427E+02  -0.147120485E+02  -0.149888514E+02  -0.151062937E+02  -0.137073946E+02  -0.137597215E+02  -0.145046062E+02  -0.150507696E+02  -0.154975725E+02
   0.368363456E+07   0.500000000E+04  -0.147783042E+02  -0.127455685E+02  -0.139559772E+02  -0.146795830E+02  -0.149563859E+02  -0.150738282E+02  -0.136749291E+02  -0.137272561E+02  -0.144721407E+02  -0.150183042E+02  -0.154651070E+02
   0.378581928E+07   0.500000000E+04  -0.147429672E+02  -0.127102316E+02  -0.139206403E+02  -0.146442461E+02  -0.149210490E+02  -0.150384913E+02  -0.136395922E+02  -0.136919191E+02  -0.144368037E+02  -0.149829672E+02  -0.154297701E+02
   0.388681360E+07   0.500000000E+04  -0.147074147E+02  -0.126746791E+02  -0.138850878E+02  -0.146086936E+02  -0.148854964E+02  -0.150029388E+02  -0.136040397E+02  -0.136563666E+02  -0.144012512E+02  -0.149474147E+02  -0.153942176E+02
   0.398858967E+07   0.500000000E+04  -0.146694497E+02  -0.126367141E+02  -0.138471228E+02  -0.145707285E+02  -0.148475314E+02  -0.149649737E+02  -0.135660747E+02  -0.136184016E+02  -0.143632862E+02  -0.149094497E+02  -0.153562526E+02
   0.409093623E+07   0.500000000E+04  -0.146228044E+02  -0.125900688E+02  -0.138004775E+02  -0.145240832E+02  -0.148008861E+02  -0.149183284E+02  -0.135194294E+02  -0.135717563E+02  -0.143166409E+02  -0.148628044E+02  -0.153096073E+02
   0.419193844E+07   0.500000000E+04  -0.145756356E+02  -0.125429000E+02  -0.137533087E+02  -0.144769145E+02  -0.147537174E+02  -0.148711597E+02  -0.134722606E+02  -0.135245875E+02  -0.142694722E+02  -0.148156356E+02  -0.152624385E+02
   0.429172885E+07   0.500000000E+04  -0.145259256E+02  -0.124931900E+02  -0.137035987E+02  -0.144272045E+02  -0.147040074E+02  -0.148214497E+02  -0.134225506E+02  -0.134748775E+02  -0.142197622E+02  -0.147659256E+02  -0.152127285E+02
   0.439166653E+07   0.500000000E+04  -0.144686410E+02  -0.124359054E+02  -0.136463141E+02  -0.143699199E+02  -0.146467228E+02  -0.147641651E+02  -0.133652660E+02  -0.134175930E+02  -0.141624776E+02  -0.147086410E+02  -0.151554439E+02
   0.449276821E+07   0.500000000E+04  -0.144054915E+02  -0.123727559E+02  -0.135831646E+02  -0.143067704E+02  -0.145835733E+02  -0.147010156E+02  -0.133021165E+02  -0.133544434E+02  -0.140993281E+02  -0.146454915E+02  -0.150922944E+02
   0.459495120E+07   0.500000000E+04  -0.143351363E+02  -0.123024007E+02  -0.135128094E+02  -0.142364152E+02  -0.145132181E+02  -0.146306604E+02  -0.132317613E+02  -0.132840882E+02  -0.140289729E+02  -0.145751363E+02  -0.150219392E+02
   0.469729245E+07   0.500000000E+04  -0.142512129E+02  -0.122184773E+02  -0.134288860E+02  -0.141524917E+02  -0.144292946E+02  -0.145467369E+02  -0.131478379E+02  -0.132001648E+02  -0.139450494E+02  -0.144912129E+02  -0.149380158E+02
   0.479671184E+07   0.500000000E+04  -0.141634432E+02  -0.121307076E+02  -0.133411162E+02  -0.140647220E+02  -0.143415249E+02  -0.144589672E+02  -0.130600681E+02  -0.131123951E+02  -0.138572797E+02  -0.144034432E+02  -0.148502461E+02
   0.489474538E+07   0.500000000E+04  -0.140685312E+02  -0.120357955E+02  -0.132462042E+02  -0.139698100E+02  -0.142466129E+02  -0.143640552E+02  -0.129651561E+02  -0.130174831E+02  -0.137623677E+02  -0.143085312E+02  -0.147553340E+02
   0.499661916E+07   0.500000000E+04  -0.139555687E+02  -0.119228331E+02  -0.131332418E+02  -0.138568476E+02  -0.141336504E+02  -0.142510928E+02  -0.128521937E+02  -0.129045206E+02  -0.136494052E+02  -0.141955687E+02  -0.146423716E+02
