  0.0000000000E+000  0.0000000000E+000
  2.2316474382E+001  1.0825227219E+038
  1.0072313322E+004  3.5025096035E+042
  2.0165683171E+004  1.9873690327E+042
  3.0237080855E+004  1.3361705238E+042
  4.0367675372E+004  9.4842046258E+041
  5.0573654960E+004  7.2920607468E+041
  6.0830791354E+004  5.9390786637E+041
  7.1123064318E+004  5.0186892803E+041
  8.1258713160E+004  4.3573859876E+041
  9.2000049960E+004  3.7998524412E+041
  1.0239994949E+005  3.3453654659E+041
  1.1305877357E+005  2.9315405330E+041
  1.2369818704E+005  2.6096679212E+041
  1.3392233465E+005  2.3350372516E+041
  1.4424187457E+005  2.1338109354E+041
  1.5450717651E+005  1.9812312556E+041
  1.6455270067E+005  1.8185016006E+041
  1.7547026692E+005  1.6837671866E+041
  1.8610729426E+005  1.5673391242E+041
  1.9612409361E+005  1.4709704608E+041
  2.0687386026E+005  1.3802761847E+041
  2.1672910554E+005  1.3007400512E+041
  2.2723271405E+005  1.2277101150E+041
  2.3844411666E+005  1.1598596162E+041
  2.4837480315E+005  1.1086340255E+041
  2.5888413520E+005  1.0586149434E+041
  2.7014518287E+005  1.0072491127E+041
  2.7967710657E+005  9.8025705126E+040
  2.8968136150E+005  9.5455335713E+040
  3.0018855361E+005  9.2814403449E+040
  3.1123150597E+005  9.0917671643E+040
  3.2284544042E+005  8.8695945965E+040
  3.3195324719E+005  8.7945837354E+040
  3.4142043797E+005  8.6622609520E+040
  3.5130020955E+005  8.5116345818E+040
  3.6165232587E+005  8.4316557369E+040
  3.7242928120E+005  8.3225954332E+040
  3.8365261782E+005  8.2902410016E+040
  3.9534511404E+005  8.2015339051E+040
  4.0753089345E+005  8.1127656112E+040
  4.1594135812E+005  8.1477630674E+040
  4.2459034827E+005  8.1029701334E+040
  4.3348613756E+005  8.0594048831E+040
  4.4268595582E+005  7.9846588983E+040
  4.5220743713E+005  7.9019381735E+040
  4.6200858989E+005  7.9437268953E+040
  4.7209935175E+005  7.9093568422E+040
  4.8249004226E+005  7.8840816987E+040
  4.9319138533E+005  7.9841278582E+040
  5.0421453415E+005  7.9870205705E+040
  5.1557109807E+005  7.9929937741E+040
  5.2727244950E+005  8.1380358616E+040
  5.3945330629E+005  7.9322567433E+040
  5.5201754270E+005  8.0527460758E+040
  5.6496391801E+005  8.0757841187E+040
  5.7829431176E+005  8.1109252264E+040
  5.8510770772E+005  8.2703161035E+040
  5.9202220372E+005  8.3032379382E+040
  5.9903956679E+005  8.3393682824E+040
  6.0616159796E+005  8.3777839451E+040
  6.1339013296E+005  8.4193139861E+040
  6.2072704297E+005  8.4637169981E+040
  6.2824737572E+005  8.3968201969E+040
  6.3588545225E+005  8.4221008360E+040
  6.4363986581E+005  8.4708220699E+040
  6.5151266680E+005  8.5187267943E+040
  6.5950594714E+005  8.7226582976E+040
  6.6762183977E+005  8.7881312485E+040
  6.7586251859E+005  8.8581909336E+040
  6.8423019854E+005  8.9341875490E+040
  6.9272713585E+005  9.0156890112E+040
  7.0135562847E+005  9.1037612432E+040
  7.1011801656E+005  9.3719496045E+040
  7.1909946435E+005  9.1040103251E+040
  7.2826081685E+005  9.2022668785E+040
  7.3756666578E+005  9.4726353609E+040
  7.4701956849E+005  9.5928151017E+040
  7.5662215255E+005  9.7184063092E+040
  7.6637710602E+005  9.8541515218E+040
  7.7628717470E+005  9.9985879012E+040
  7.8635516200E+005  1.0153266728E+041
  7.9658392997E+005  1.0317894405E+041
  8.0706740275E+005  1.0341974713E+041
  8.1771993619E+005  1.0526916067E+041
  8.2854490989E+005  1.0712668155E+041
  8.3954546896E+005  1.0905528766E+041
  8.5072484473E+005  1.1310913489E+041
  8.6208634396E+005  1.1524304595E+041
  8.7363334754E+005  1.1749109524E+041
  8.8536930990E+005  1.1983440071E+041
  9.3476645570E+005  1.2773096107E+041
  9.8766808533E+005  1.3768685732E+041
  1.0445375019E+006  1.5311179565E+041
  1.0898722990E+006  1.5962248312E+041
  1.1377826920E+006  1.7367037150E+041
  1.1883241355E+006  1.8361006774E+041
  1.2418350522E+006  1.9714868668E+041
  1.2983983247E+006  2.0976756837E+041
  1.3580813396E+006  2.2755305759E+041
  1.3998169484E+006  2.3392866592E+041
  1.4430280577E+006  2.4747141910E+041
  1.4878950536E+006  2.5333701784E+041
  1.5344872656E+006  2.6726172896E+041
  1.5828264277E+006  2.7388785185E+041
  1.6329824965E+006  2.8722136631E+041
  1.6850503752E+006  2.9273504249E+041
  1.7391073477E+006  3.0494501936E+041
  1.7951740396E+006  3.0978458571E+041
  1.9124319543E+006  3.2358853495E+041
  2.0029231301E+006  3.3062957269E+041
  2.0948957288E+006  3.3687544377E+041
  2.1883118383E+006  3.3634181180E+041
  2.2832245624E+006  3.3786967423E+041
  2.3795551547E+006  3.3825062670E+041
  2.4773819101E+006  3.3368979939E+041
  2.5769079505E+006  3.3431800482E+041
  2.6780865517E+006  3.3366591790E+041
  2.7808798488E+006  3.2779084146E+041
  2.8853680255E+006  3.2667563780E+041
  2.9917368620E+006  3.2608088672E+041
  3.1000622034E+006  3.1938496583E+041
  3.2104728680E+006  3.1936086438E+041
  3.3231648585E+006  3.1857333220E+041
  3.4382454822E+006  3.1020138325E+041
  3.5558922011E+006  3.0974219788E+041
  3.6762300502E+006  3.0832436313E+041
  3.7580253306E+006  3.0221568223E+041
  3.8412487485E+006  3.0311607792E+041
  3.9256375089E+006  3.0467812230E+041
  4.0116089299E+006  2.9595384708E+041
  4.0990371336E+006  2.9550931643E+041
  4.1881535427E+006  2.8668130618E+041
  4.2790837209E+006  2.8552647339E+041
  4.3718812013E+006  2.8650372797E+041
  4.4665833079E+006  2.8448410099E+041
  4.5632402370E+006  2.7258733711E+041
  4.6618941898E+006  2.6834557926E+041
  4.7625804872E+006  2.6678142448E+041
  4.8653708237E+006  2.6481512053E+041
  4.9702919777E+006  2.5908350922E+041
  5.0000000000E+006  2.5908350922E+041
