  0.0000000000E+000  0.0000000000E+000
  2.2316474382E+001  1.0660365081E+038
  1.0072313322E+004  3.5025079549E+042
  2.0165683171E+004  1.9873602145E+042
  3.0237080855E+004  1.3361463823E+042
  4.0367675372E+004  9.4838960673E+041
  5.0573654960E+004  7.2914839260E+041
  6.0830791354E+004  5.9382490869E+041
  7.1123064318E+004  5.0173194899E+041
  8.1258713160E+004  4.3551940129E+041
  9.2000049960E+004  3.7978855656E+041
  1.0239994949E+005  3.3424470919E+041
  1.1305877357E+005  2.9273031123E+041
  1.2369818704E+005  2.6046055136E+041
  1.3392233465E+005  2.3290186488E+041
  1.4424187457E+005  2.1266892023E+041
  1.5450717651E+005  1.9728405574E+041
  1.6455270067E+005  1.8086513974E+041
  1.7547026692E+005  1.6754457665E+041
  1.8610729426E+005  1.5573886547E+041
  1.9612409361E+005  1.4591353538E+041
  2.0687386026E+005  1.3662575126E+041
  2.1672910554E+005  1.2867213791E+041
  2.2723271405E+005  1.2111704329E+041
  2.3844411666E+005  1.1404210930E+041
  2.4837480315E+005  1.0858656048E+041
  2.5888413520E+005  1.0358465227E+041
  2.7014518287E+005  9.8614438340E+040
  2.7967710657E+005  9.5538795229E+040
  2.8968136150E+005  9.2535342728E+040
  3.0018855361E+005  8.9894410464E+040
  3.1123150597E+005  8.7500888901E+040
  3.2284544042E+005  8.5279163223E+040
  3.3195324719E+005  8.3959740803E+040
  3.4142043797E+005  8.2636512969E+040
  3.5130020955E+005  8.1259917972E+040
  3.6165232587E+005  7.9811700573E+040
  3.7242928120E+005  7.8721097536E+040
  3.8365261782E+005  7.7655549588E+040
  3.9534511404E+005  7.6768478623E+040
  4.0753089345E+005  7.5880795685E+040
  4.1594135812E+005  7.5382816189E+040
  4.2459034827E+005  7.4934886848E+040
  4.3348613756E+005  7.4499234346E+040
  4.4268595582E+005  7.3926207519E+040
  4.5220743713E+005  7.3099000272E+040
  4.6200858989E+005  7.2563537547E+040
  4.7209935175E+005  7.2219837016E+040
  4.8249004226E+005  7.1967085581E+040
  4.9319138533E+005  7.1878236423E+040
  5.0421453415E+005  7.1907163547E+040
  5.1557109807E+005  7.1966895582E+040
  5.2727244950E+005  7.2169115762E+040
  5.3945330629E+005  7.1491253067E+040
  5.5201754270E+005  7.1463387314E+040
  5.6496391801E+005  7.1693767742E+040
  5.7829431176E+005  7.2045178820E+040
  5.8510770772E+005  7.2307409142E+040
  5.9202220372E+005  7.2636627489E+040
  5.9903956679E+005  7.2997930931E+040
  6.0616159796E+005  7.3382087558E+040
  6.1339013296E+005  7.3797387968E+040
  6.2072704297E+005  7.4241418087E+040
  6.2824737572E+005  7.3762882319E+040
  6.3588545225E+005  7.4015688710E+040
  6.4363986581E+005  7.4502901049E+040
  6.5151266680E+005  7.4981948294E+040
  6.5950594714E+005  7.5568019425E+040
  6.6762183977E+005  7.6222748934E+040
  6.7586251859E+005  7.6923345785E+040
  6.8423019854E+005  7.7683311939E+040
  6.9272713585E+005  7.8498326561E+040
  7.0135562847E+005  7.9379048881E+040
  7.1011801656E+005  8.0368691586E+040
  7.1909946435E+005  7.9548671377E+040
  7.2826081685E+005  8.0531236912E+040
  7.3756666578E+005  8.1564692459E+040
  7.4701956849E+005  8.2766489867E+040
  7.5662215255E+005  8.4022401942E+040
  7.6637710602E+005  8.5379854068E+040
  7.7628717470E+005  8.6824217862E+040
  7.8635516200E+005  8.8371006134E+040
  7.9658392997E+005  9.0017282898E+040
  8.0706740275E+005  9.0149358537E+040
  8.1771993619E+005  9.1998772073E+040
  8.2854490989E+005  9.3856292959E+040
  8.3954546896E+005  9.5784899070E+040
  8.5072484473E+005  9.7831044794E+040
  8.6208634396E+005  9.9964955857E+040
  8.7363334754E+005  1.0221300515E+041
  8.8536930990E+005  1.0455631062E+041
  9.3476645570E+005  1.1240509888E+041
  9.8766808533E+005  1.2197575717E+041
  1.0445375019E+006  1.3492225666E+041
  1.0898722990E+006  1.4357818633E+041
  1.1377826920E+006  1.5516164009E+041
  1.1883241355E+006  1.6477366799E+041
  1.2418350522E+006  1.7831228692E+041
  1.2983983247E+006  1.9010989231E+041
  1.3580813396E+006  2.0498206659E+041
  1.3998169484E+006  2.1323933141E+041
  1.4430280577E+006  2.2371508326E+041
  1.4878950536E+006  2.3195984670E+041
  1.5344872656E+006  2.4271031833E+041
  1.5828264277E+006  2.5123447321E+041
  1.6329824965E+006  2.6130891905E+041
  1.6850503752E+006  2.6869090844E+041
  1.7391073477E+006  2.7743599434E+041
  1.7951740396E+006  2.8440453460E+041
  1.9124319543E+006  2.9609271609E+041
  2.0029231301E+006  3.0100161061E+041
  2.0948957288E+006  3.0473812307E+041
  2.1883118383E+006  3.0578717683E+041
  2.2832245624E+006  3.0462954969E+041
  2.3795551547E+006  3.0188878183E+041
  2.4773819101E+006  2.9897007944E+041
  2.5769079505E+006  2.9601555547E+041
  2.6780865517E+006  2.9131446339E+041
  2.7808798488E+006  2.8701050634E+041
  2.8853680255E+006  2.8149366735E+041
  2.9917368620E+006  2.7618065738E+041
  3.1000622034E+006  2.7060211258E+041
  3.2104728680E+006  2.6456403297E+041
  3.3231648585E+006  2.5819319164E+041
  3.4382454822E+006  2.5185359415E+041
  3.5558922011E+006  2.4459571127E+041
  3.6762300502E+006  2.3626046552E+041
  3.7580253306E+006  2.3128859763E+041
  3.8412487485E+006  2.2449962005E+041
  3.9256375089E+006  2.1824098489E+041
  4.0116089299E+006  2.1152892163E+041
  4.0990371336E+006  2.0399281506E+041
  4.1881535427E+006  1.9573576025E+041
  4.2790837209E+006  1.8742590797E+041
  4.3718812013E+006  1.7967322041E+041
  4.4665833079E+006  1.7054373654E+041
  4.5632402370E+006  1.6049112498E+041
  4.6618941898E+006  1.4993989872E+041
  4.7625804872E+006  1.3867874626E+041
  4.8653708237E+006  1.2725044247E+041
  4.9702919777E+006  1.1361836925E+041
  5.0000000000E+006  1.1361836925E+041
