   0.000000000E+00   0.171849944E+05  -0.480624731E+01  -0.537145843E+01  -0.518131768E+01  -0.487624731E+01  -0.461871212E+01  -0.435364175E+01  -0.617392325E+01  -0.513131768E+01  -0.503378250E+01  -0.501624731E+01  -0.497871212E+01
   0.220693918E+02   0.171853773E+05  -0.480629198E+01  -0.537152261E+01  -0.518136886E+01  -0.487629198E+01  -0.461875354E+01  -0.435367666E+01  -0.617398417E+01  -0.513136886E+01  -0.503383042E+01  -0.501629198E+01  -0.497875354E+01
   0.100448563E+05   0.387362646E+05  -0.138985316E+02  -0.149265209E+02  -0.145025263E+02  -0.140085316E+02  -0.136485316E+02  -0.133145370E+02  -0.157065209E+02  -0.144825263E+02  -0.142185316E+02  -0.141085316E+02  -0.139845370E+02
   0.200893190E+05   0.263582244E+05  -0.143746801E+02  -0.152401513E+02  -0.148924157E+02  -0.144735479E+02  -0.141446801E+02  -0.138358123E+02  -0.160301513E+02  -0.148624157E+02  -0.146635479E+02  -0.145846801E+02  -0.144858123E+02
   0.301159863E+05   0.210085997E+05  -0.145485210E+02  -0.152700740E+02  -0.150011422E+02  -0.146348316E+02  -0.143385210E+02  -0.140522104E+02  -0.160700740E+02  -0.149674528E+02  -0.148048316E+02  -0.147585210E+02  -0.146922104E+02
   0.401956499E+05   0.174616526E+05  -0.146417977E+02  -0.152211025E+02  -0.150215660E+02  -0.147117977E+02  -0.144519136E+02  -0.141821453E+02  -0.160212184E+02  -0.149715660E+02  -0.148716818E+02  -0.148517977E+02  -0.148119136E+02
   0.503425296E+05   0.153446665E+05  -0.146533124E+02  -0.151125893E+02  -0.149872882E+02  -0.147233124E+02  -0.144819872E+02  -0.142406619E+02  -0.159225893E+02  -0.149286135E+02  -0.148646377E+02  -0.148719872E+02  -0.148506619E+02
   0.605338911E+05   0.139689957E+05  -0.146439223E+02  -0.149945426E+02  -0.149253091E+02  -0.147039223E+02  -0.144860756E+02  -0.142503821E+02  -0.158066959E+02  -0.148553091E+02  -0.148296157E+02  -0.148539223E+02  -0.148582289E+02
   0.707548951E+05   0.129836736E+05  -0.146156993E+02  -0.148718859E+02  -0.148551155E+02  -0.146730534E+02  -0.144709912E+02  -0.142536371E+02  -0.156945318E+02  -0.147824696E+02  -0.147804074E+02  -0.148283452E+02  -0.148509912E+02
   0.808160793E+05   0.122155845E+05  -0.145840209E+02  -0.147604314E+02  -0.147872262E+02  -0.146326620E+02  -0.144553799E+02  -0.142467388E+02  -0.155904314E+02  -0.147058672E+02  -0.147313030E+02  -0.148026620E+02  -0.148353799E+02
   0.914656295E+05   0.115412273E+05  -0.145489806E+02  -0.146442312E+02  -0.147116059E+02  -0.145895057E+02  -0.144284556E+02  -0.142279305E+02  -0.154742312E+02  -0.146221310E+02  -0.146800308E+02  -0.147595057E+02  -0.148084556E+02
   0.101780786E+06   0.109426212E+05  -0.145107434E+02  -0.145219620E+02  -0.146277717E+02  -0.145435815E+02  -0.143979053E+02  -0.142122292E+02  -0.153519620E+02  -0.145377717E+02  -0.146264195E+02  -0.147207434E+02  -0.147850673E+02
   0.112348478E+06   0.103427976E+05  -0.144614698E+02  -0.143836460E+02  -0.145404430E+02  -0.144914698E+02  -0.143619833E+02  -0.141924967E+02  -0.152189027E+02  -0.144451863E+02  -0.145609564E+02  -0.146767265E+02  -0.147572400E+02
   0.122892702E+06   0.979354474E+04  -0.144205262E+02  -0.142507054E+02  -0.144621474E+02  -0.144474630E+02  -0.143366524E+02  -0.141827787E+02  -0.150907054E+02  -0.143590842E+02  -0.145013368E+02  -0.146405262E+02  -0.147397156E+02
   0.133030785E+06   0.929738560E+04  -0.143799620E+02  -0.141131328E+02  -0.143767751E+02  -0.143995067E+02  -0.143108726E+02  -0.141717831E+02  -0.149540434E+02  -0.142663198E+02  -0.144385962E+02  -0.145999620E+02  -0.147208726E+02
   0.143263352E+06   0.887444531E+04  -0.143485833E+02  -0.139808137E+02  -0.142982908E+02  -0.143613986E+02  -0.142929526E+02  -0.141673218E+02  -0.148351829E+02  -0.141811061E+02  -0.143870294E+02  -0.145685833E+02  -0.147029526E+02
   0.153439846E+06   0.851427428E+04  -0.143233376E+02  -0.138664529E+02  -0.142314581E+02  -0.143302120E+02  -0.142795889E+02  -0.141658402E+02  -0.147264529E+02  -0.141083324E+02  -0.143439607E+02  -0.145433376E+02  -0.146927146E+02
   0.163396023E+06   0.816072681E+04  -0.142832754E+02  -0.137359230E+02  -0.141491776E+02  -0.142841186E+02  -0.142515891E+02  -0.141499027E+02  -0.145959230E+02  -0.140200208E+02  -0.142858049E+02  -0.145032754E+02  -0.146707459E+02
   0.174197178E+06   0.784199608E+04  -0.142472107E+02  -0.136034688E+02  -0.140628767E+02  -0.142422847E+02  -0.142270626E+02  -0.141369146E+02  -0.144683948E+02  -0.139328767E+02  -0.142275067E+02  -0.144672107E+02  -0.146519886E+02
   0.184732096E+06   0.755975076E+04  -0.142090400E+02  -0.134773279E+02  -0.139782791E+02  -0.141989449E+02  -0.141992303E+02  -0.141196108E+02  -0.143474230E+02  -0.138480888E+02  -0.141687547E+02  -0.144290400E+02  -0.146294205E+02
   0.194649920E+06   0.732091009E+04  -0.141663964E+02  -0.133503545E+02  -0.138981555E+02  -0.141516163E+02  -0.141659566E+02  -0.141050770E+02  -0.142251346E+02  -0.137585953E+02  -0.141120561E+02  -0.143863964E+02  -0.146055168E+02
   0.205290501E+06   0.709055123E+04  -0.141221005E+02  -0.132247236E+02  -0.138177108E+02  -0.141028018E+02  -0.141306980E+02  -0.140878929E+02  -0.141040223E+02  -0.136691133E+02  -0.140542044E+02  -0.143421005E+02  -0.145792954E+02
   0.215043059E+06   0.689252977E+04  -0.140782512E+02  -0.130999987E+02  -0.137375376E+02  -0.140514260E+02  -0.140984891E+02  -0.140653143E+02  -0.139834114E+02  -0.135841250E+02  -0.139911881E+02  -0.142982512E+02  -0.145484891E+02
   0.225434639E+06   0.669822404E+04  -0.140329848E+02  -0.129730054E+02  -0.136554941E+02  -0.139979869E+02  -0.140654817E+02  -0.140404796E+02  -0.138605044E+02  -0.134979951E+02  -0.139254900E+02  -0.142529848E+02  -0.145154817E+02
   0.236523692E+06   0.651140614E+04  -0.139847335E+02  -0.128425781E+02  -0.135694214E+02  -0.139432023E+02  -0.140293272E+02  -0.140139208E+02  -0.137341093E+02  -0.134063590E+02  -0.138586087E+02  -0.142062647E+02  -0.144808584E+02
   0.246343757E+06   0.636331767E+04  -0.139415301E+02  -0.127292381E+02  -0.134928196E+02  -0.138966591E+02  -0.139961433E+02  -0.139907564E+02  -0.136241092E+02  -0.133230775E+02  -0.138020459E+02  -0.141664012E+02  -0.144510143E+02
   0.256733858E+06   0.622169940E+04  -0.138999102E+02  -0.126205459E+02  -0.134192606E+02  -0.138518453E+02  -0.139641051E+02  -0.139683000E+02  -0.135186109E+02  -0.132431306E+02  -0.137476504E+02  -0.141279752E+02  -0.144221701E+02
   0.267832615E+06   0.607875325E+04  -0.138537101E+02  -0.125033055E+02  -0.133398898E+02  -0.138009460E+02  -0.139292382E+02  -0.139433843E+02  -0.134046876E+02  -0.131585078E+02  -0.136881820E+02  -0.140837101E+02  -0.143906202E+02
   0.277250994E+06   0.597629681E+04  -0.138217860E+02  -0.124168702E+02  -0.132831879E+02  -0.137640664E+02  -0.139072253E+02  -0.139288047E+02  -0.133207300E+02  -0.130993281E+02  -0.136463468E+02  -0.140517860E+02  -0.143710851E+02
   0.287134380E+06   0.587851739E+04  -0.137894704E+02  -0.123325316E+02  -0.132272255E+02  -0.137270214E+02  -0.138843683E+02  -0.139130418E+02  -0.132387561E+02  -0.130410010E+02  -0.136045724E+02  -0.140194704E+02  -0.143505928E+02
   0.297512850E+06   0.578296561E+04  -0.137603438E+02  -0.122525674E+02  -0.131749909E+02  -0.136932732E+02  -0.138644850E+02  -0.139000909E+02  -0.131611027E+02  -0.129864556E+02  -0.135662026E+02  -0.139903438E+02  -0.143330203E+02
   0.308418657E+06   0.569141258E+04  -0.137317046E+02  -0.121724228E+02  -0.131228671E+02  -0.136609011E+02  -0.138449182E+02  -0.138881318E+02  -0.130832262E+02  -0.129312603E+02  -0.135276875E+02  -0.139625080E+02  -0.143165250E+02
   0.319886405E+06   0.560491199E+04  -0.137015380E+02  -0.120884317E+02  -0.130680309E+02  -0.136284919E+02  -0.138237224E+02  -0.138759068E+02  -0.130014778E+02  -0.128719388E+02  -0.134863075E+02  -0.139345841E+02  -0.142998146E+02
   0.328878238E+06   0.553927257E+04  -0.136829066E+02  -0.120289564E+02  -0.130306794E+02  -0.136081587E+02  -0.138118983E+02  -0.138708900E+02  -0.129437043E+02  -0.128311836E+02  -0.134591670E+02  -0.139176545E+02  -0.142913941E+02
   0.338223689E+06   0.547814243E+04  -0.136640739E+02  -0.119720858E+02  -0.129944127E+02  -0.135877411E+02  -0.137994053E+02  -0.138647366E+02  -0.128884186E+02  -0.127917470E+02  -0.134324097E+02  -0.139004068E+02  -0.142820709E+02
   0.347940375E+06   0.540988782E+04  -0.136440653E+02  -0.119096061E+02  -0.129549381E+02  -0.135659628E+02  -0.137864752E+02  -0.138588850E+02  -0.128277085E+02  -0.127487332E+02  -0.134035529E+02  -0.138821677E+02  -0.142726801E+02
   0.358155446E+06   0.534764669E+04  -0.136229270E+02  -0.118497386E+02  -0.129160490E+02  -0.135432108E+02  -0.137717918E+02  -0.138506565E+02  -0.127694547E+02  -0.127066166E+02  -0.133743461E+02  -0.138626432E+02  -0.142612241E+02
   0.368788453E+06   0.528303502E+04  -0.136047208E+02  -0.117844385E+02  -0.128768175E+02  -0.135217369E+02  -0.137591966E+02  -0.138451643E+02  -0.127059304E+02  -0.126638337E+02  -0.133457692E+02  -0.138447208E+02  -0.142521805E+02
   0.379860528E+06   0.522621121E+04  -0.135867647E+02  -0.117238290E+02  -0.128399043E+02  -0.135006213E+02  -0.137459797E+02  -0.138382665E+02  -0.126469006E+02  -0.126237610E+02  -0.133183345E+02  -0.138267647E+02  -0.142421231E+02
   0.391394026E+06   0.516323869E+04  -0.135707894E+02  -0.116605849E+02  -0.128029207E+02  -0.134811446E+02  -0.137352565E+02  -0.138345461E+02  -0.125854073E+02  -0.125832759E+02  -0.132918550E+02  -0.138107894E+02  -0.142349013E+02
   0.403412610E+06   0.510747720E+04  -0.135550613E+02  -0.116030008E+02  -0.127685899E+02  -0.134623160E+02  -0.137241791E+02  -0.138296695E+02  -0.125293734E+02  -0.125458447E+02  -0.132668256E+02  -0.137950613E+02  -0.142269243E+02
   0.411706815E+06   0.506713408E+04  -0.135456693E+02  -0.115633263E+02  -0.127457391E+02  -0.134506809E+02  -0.137181519E+02  -0.138281286E+02  -0.124908205E+02  -0.125207507E+02  -0.132507042E+02  -0.137856693E+02  -0.142231403E+02
   0.420235528E+06   0.502885898E+04  -0.135370704E+02  -0.115259971E+02  -0.127243711E+02  -0.134399539E+02  -0.137127452E+02  -0.138269783E+02  -0.124545553E+02  -0.124972546E+02  -0.132357208E+02  -0.137770704E+02  -0.142198618E+02
   0.429006863E+06   0.500000000E+04  -0.135291352E+02  -0.114963996E+02  -0.127068082E+02  -0.134304140E+02  -0.137072169E+02  -0.138246592E+02  -0.124257601E+02  -0.124780871E+02  -0.132229717E+02  -0.137691352E+02  -0.142159381E+02
   0.438029258E+06   0.500000000E+04  -0.135207517E+02  -0.114880161E+02  -0.126984248E+02  -0.134220306E+02  -0.136988334E+02  -0.138162758E+02  -0.124173767E+02  -0.124697036E+02  -0.132145882E+02  -0.137607517E+02  -0.142075546E+02
   0.447412344E+06   0.500000000E+04  -0.135085342E+02  -0.114757986E+02  -0.126862073E+02  -0.134098131E+02  -0.136866160E+02  -0.138040583E+02  -0.124051592E+02  -0.124574861E+02  -0.132023708E+02  -0.137485342E+02  -0.141953371E+02
   0.457072442E+06   0.500000000E+04  -0.135005518E+02  -0.114678161E+02  -0.126782248E+02  -0.134018306E+02  -0.136786335E+02  -0.137960758E+02  -0.123971767E+02  -0.124495037E+02  -0.131943883E+02  -0.137405518E+02  -0.141873547E+02
   0.467017134E+06   0.500000000E+04  -0.134953969E+02  -0.114626613E+02  -0.126730700E+02  -0.133966757E+02  -0.136734786E+02  -0.137909210E+02  -0.123920219E+02  -0.124443488E+02  -0.131892334E+02  -0.137353969E+02  -0.141821998E+02
   0.477256545E+06   0.500000000E+04  -0.134915904E+02  -0.114588548E+02  -0.126692635E+02  -0.133928693E+02  -0.136696722E+02  -0.137871145E+02  -0.123882154E+02  -0.124405423E+02  -0.131854270E+02  -0.137315904E+02  -0.141783933E+02
   0.487801196E+06   0.500000000E+04  -0.134902492E+02  -0.114575136E+02  -0.126679222E+02  -0.133915280E+02  -0.136683309E+02  -0.137857732E+02  -0.123868741E+02  -0.124392011E+02  -0.131840857E+02  -0.137302492E+02  -0.141770521E+02
   0.498662019E+06   0.500000000E+04  -0.134906860E+02  -0.114579504E+02  -0.126683591E+02  -0.133919649E+02  -0.136687678E+02  -0.137862101E+02  -0.123873110E+02  -0.124396379E+02  -0.131845226E+02  -0.137306860E+02  -0.141774889E+02
   0.509850395E+06   0.500000000E+04  -0.134915876E+02  -0.114588520E+02  -0.126692606E+02  -0.133928664E+02  -0.136696693E+02  -0.137871116E+02  -0.123882125E+02  -0.124405395E+02  -0.131854241E+02  -0.137315876E+02  -0.141783905E+02
   0.521378170E+06   0.500000000E+04  -0.134946341E+02  -0.114618985E+02  -0.126723072E+02  -0.133959129E+02  -0.136727158E+02  -0.137901582E+02  -0.123912591E+02  -0.124435860E+02  -0.131884706E+02  -0.137346341E+02  -0.141814370E+02
   0.533314086E+06   0.500000000E+04  -0.134843879E+02  -0.114516523E+02  -0.126620610E+02  -0.133856668E+02  -0.136624697E+02  -0.137799120E+02  -0.123810129E+02  -0.124333398E+02  -0.131782244E+02  -0.137243879E+02  -0.141711908E+02
   0.545687206E+06   0.500000000E+04  -0.134839646E+02  -0.114512290E+02  -0.126616377E+02  -0.133852435E+02  -0.136620464E+02  -0.137794887E+02  -0.123805896E+02  -0.124329165E+02  -0.131778012E+02  -0.137239646E+02  -0.141707675E+02
   0.558443551E+06   0.500000000E+04  -0.134874592E+02  -0.114547235E+02  -0.126651322E+02  -0.133887380E+02  -0.136655409E+02  -0.137829832E+02  -0.123840841E+02  -0.124364111E+02  -0.131812957E+02  -0.137274592E+02  -0.141742620E+02
   0.571580282E+06   0.500000000E+04  -0.134927680E+02  -0.114600323E+02  -0.126704410E+02  -0.133940468E+02  -0.136708497E+02  -0.137882920E+02  -0.123893929E+02  -0.124417199E+02  -0.131866045E+02  -0.137327680E+02  -0.141795708E+02
   0.578294312E+06   0.500000000E+04  -0.134967126E+02  -0.114639770E+02  -0.126743857E+02  -0.133979915E+02  -0.136747944E+02  -0.137922367E+02  -0.123933376E+02  -0.124456645E+02  -0.131905492E+02  -0.137367126E+02  -0.141835155E+02
   0.585107708E+06   0.500000000E+04  -0.135016448E+02  -0.114689092E+02  -0.126793179E+02  -0.134029237E+02  -0.136797266E+02  -0.137971689E+02  -0.123982698E+02  -0.124505967E+02  -0.131954814E+02  -0.137416448E+02  -0.141884477E+02
   0.592022204E+06   0.500000000E+04  -0.135070320E+02  -0.114742964E+02  -0.126847051E+02  -0.134083109E+02  -0.136851138E+02  -0.138025561E+02  -0.124036570E+02  -0.124559839E+02  -0.132008686E+02  -0.137470320E+02  -0.141938349E+02
   0.599039567E+06   0.500000000E+04  -0.135127308E+02  -0.114799952E+02  -0.126904039E+02  -0.134140096E+02  -0.136908125E+02  -0.138082548E+02  -0.124093558E+02  -0.124616827E+02  -0.132065673E+02  -0.137527308E+02  -0.141995337E+02
   0.606161598E+06   0.500000000E+04  -0.135188581E+02  -0.114861225E+02  -0.126965312E+02  -0.134201370E+02  -0.136969399E+02  -0.138143822E+02  -0.124154831E+02  -0.124678100E+02  -0.132126947E+02  -0.137588581E+02  -0.142056610E+02
   0.613390133E+06   0.500000000E+04  -0.135253713E+02  -0.114926357E+02  -0.127030444E+02  -0.134266501E+02  -0.137034530E+02  -0.138208953E+02  -0.124219963E+02  -0.124743232E+02  -0.132192078E+02  -0.137653713E+02  -0.142121742E+02
   0.620727043E+06   0.500000000E+04  -0.135183503E+02  -0.114856147E+02  -0.126960234E+02  -0.134196292E+02  -0.136964321E+02  -0.138138744E+02  -0.124149753E+02  -0.124673022E+02  -0.132121869E+02  -0.137583503E+02  -0.142051532E+02
   0.628247376E+06   0.500000000E+04  -0.135220651E+02  -0.114893295E+02  -0.126997382E+02  -0.134233439E+02  -0.137001468E+02  -0.138175892E+02  -0.124186901E+02  -0.124710170E+02  -0.132159016E+02  -0.137620651E+02  -0.142088680E+02
   0.635885452E+06   0.500000000E+04  -0.135291886E+02  -0.114964530E+02  -0.127068617E+02  -0.134304674E+02  -0.137072703E+02  -0.138247127E+02  -0.124258136E+02  -0.124781405E+02  -0.132230251E+02  -0.137691886E+02  -0.142159915E+02
   0.643639866E+06   0.500000000E+04  -0.135361474E+02  -0.115034118E+02  -0.127138205E+02  -0.134374263E+02  -0.137142292E+02  -0.138316715E+02  -0.124327724E+02  -0.124850993E+02  -0.132299840E+02  -0.137761474E+02  -0.142229503E+02
   0.651512667E+06   0.500000000E+04  -0.135446007E+02  -0.115118651E+02  -0.127222738E+02  -0.134458796E+02  -0.137226825E+02  -0.138401248E+02  -0.124412257E+02  -0.124935526E+02  -0.132384373E+02  -0.137846007E+02  -0.142314036E+02
   0.659505947E+06   0.500000000E+04  -0.135539672E+02  -0.115212315E+02  -0.127316402E+02  -0.134552460E+02  -0.137320489E+02  -0.138494912E+02  -0.124505921E+02  -0.125029191E+02  -0.132478037E+02  -0.137939672E+02  -0.142407701E+02
   0.667621840E+06   0.500000000E+04  -0.135639011E+02  -0.115311654E+02  -0.127415741E+02  -0.134651799E+02  -0.137419828E+02  -0.138594251E+02  -0.124605260E+02  -0.125128530E+02  -0.132577376E+02  -0.138039011E+02  -0.142507039E+02
   0.675862519E+06   0.500000000E+04  -0.135745750E+02  -0.115418394E+02  -0.127522480E+02  -0.134758538E+02  -0.137526567E+02  -0.138700990E+02  -0.124711999E+02  -0.125235269E+02  -0.132684115E+02  -0.138145750E+02  -0.142613779E+02
   0.684230199E+06   0.500000000E+04  -0.135859066E+02  -0.115531710E+02  -0.127635797E+02  -0.134871855E+02  -0.137639884E+02  -0.138814307E+02  -0.124825316E+02  -0.125348585E+02  -0.132797432E+02  -0.138259066E+02  -0.142727095E+02
   0.692727136E+06   0.500000000E+04  -0.135980204E+02  -0.115652848E+02  -0.127756934E+02  -0.134992992E+02  -0.137761021E+02  -0.138935444E+02  -0.124946453E+02  -0.125469723E+02  -0.132918569E+02  -0.138380204E+02  -0.142848233E+02
   0.701355628E+06   0.500000000E+04  -0.136114729E+02  -0.115787373E+02  -0.127891459E+02  -0.135127517E+02  -0.137895546E+02  -0.139069969E+02  -0.125080979E+02  -0.125604248E+02  -0.133053094E+02  -0.138514729E+02  -0.142982758E+02
   0.710118017E+06   0.500000000E+04  -0.136003380E+02  -0.115676024E+02  -0.127780110E+02  -0.135016168E+02  -0.137784197E+02  -0.138958620E+02  -0.124969629E+02  -0.125492899E+02  -0.132941745E+02  -0.138403380E+02  -0.142871409E+02
   0.719099464E+06   0.500000000E+04  -0.136136666E+02  -0.115809310E+02  -0.127913396E+02  -0.135149454E+02  -0.137917483E+02  -0.139091906E+02  -0.125102915E+02  -0.125626185E+02  -0.133075031E+02  -0.138536666E+02  -0.143004695E+02
   0.728260817E+06   0.500000000E+04  -0.136275112E+02  -0.115947755E+02  -0.128051842E+02  -0.135287900E+02  -0.138055929E+02  -0.139230352E+02  -0.125241361E+02  -0.125764631E+02  -0.133213477E+02  -0.138675112E+02  -0.143143140E+02
   0.737566666E+06   0.500000000E+04  -0.136433920E+02  -0.116106564E+02  -0.128210650E+02  -0.135446708E+02  -0.138214737E+02  -0.139389160E+02  -0.125400170E+02  -0.125923439E+02  -0.133372285E+02  -0.138833920E+02  -0.143301949E+02
   0.747019568E+06   0.500000000E+04  -0.136597434E+02  -0.116270078E+02  -0.128374164E+02  -0.135610222E+02  -0.138378251E+02  -0.139552674E+02  -0.125563683E+02  -0.126086953E+02  -0.133535799E+02  -0.138997434E+02  -0.143465463E+02
   0.756622153E+06   0.500000000E+04  -0.136771442E+02  -0.116444086E+02  -0.128548172E+02  -0.135784230E+02  -0.138552259E+02  -0.139726682E+02  -0.125737691E+02  -0.126260961E+02  -0.133709807E+02  -0.139171442E+02  -0.143639471E+02
   0.766377106E+06   0.500000000E+04  -0.136953578E+02  -0.116626222E+02  -0.128730309E+02  -0.135966367E+02  -0.138734396E+02  -0.139908819E+02  -0.125919828E+02  -0.126443097E+02  -0.133891944E+02  -0.139353578E+02  -0.143821607E+02
   0.776287175E+06   0.500000000E+04  -0.137145301E+02  -0.116817945E+02  -0.128922032E+02  -0.136158090E+02  -0.138926119E+02  -0.140100542E+02  -0.126111551E+02  -0.126634820E+02  -0.134083667E+02  -0.139545301E+02  -0.144013330E+02
   0.786355162E+06   0.500000000E+04  -0.137345704E+02  -0.117018348E+02  -0.129122435E+02  -0.136358492E+02  -0.139126521E+02  -0.140300944E+02  -0.126311954E+02  -0.126835223E+02  -0.134284069E+02  -0.139745704E+02  -0.144213733E+02
   0.796583930E+06   0.500000000E+04  -0.137361622E+02  -0.117034266E+02  -0.129138353E+02  -0.136374411E+02  -0.139142440E+02  -0.140316863E+02  -0.126327872E+02  -0.126851142E+02  -0.134299988E+02  -0.139761622E+02  -0.144229651E+02
   0.807067403E+06   0.500000000E+04  -0.137582107E+02  -0.117254751E+02  -0.129358838E+02  -0.136594896E+02  -0.139362925E+02  -0.140537348E+02  -0.126548357E+02  -0.127071626E+02  -0.134520473E+02  -0.139982107E+02  -0.144450136E+02
   0.817719936E+06   0.500000000E+04  -0.137799141E+02  -0.117471785E+02  -0.129575872E+02  -0.136811930E+02  -0.139579959E+02  -0.140754382E+02  -0.126765391E+02  -0.127288660E+02  -0.134737507E+02  -0.140199141E+02  -0.144667170E+02
   0.828544910E+06   0.500000000E+04  -0.138019983E+02  -0.117692626E+02  -0.129796713E+02  -0.137032771E+02  -0.139800800E+02  -0.140975223E+02  -0.126986232E+02  -0.127509502E+02  -0.134958348E+02  -0.140419983E+02  -0.144888011E+02
   0.839545469E+06   0.500000000E+04  -0.138249474E+02  -0.117922118E+02  -0.130026204E+02  -0.137262262E+02  -0.140030291E+02  -0.141204714E+02  -0.127215723E+02  -0.127738993E+02  -0.135187839E+02  -0.140649474E+02  -0.145117503E+02
   0.850724845E+06   0.500000000E+04  -0.138483751E+02  -0.118156395E+02  -0.130260482E+02  -0.137496539E+02  -0.140264568E+02  -0.141438991E+02  -0.127450001E+02  -0.127973270E+02  -0.135422116E+02  -0.140883751E+02  -0.145351780E+02
   0.862086344E+06   0.500000000E+04  -0.138725210E+02  -0.118397854E+02  -0.130501941E+02  -0.137737999E+02  -0.140506028E+02  -0.141680451E+02  -0.127691460E+02  -0.128214729E+02  -0.135663576E+02  -0.141125210E+02  -0.145593239E+02
   0.873633348E+06   0.500000000E+04  -0.138971313E+02  -0.118643957E+02  -0.130748043E+02  -0.137984101E+02  -0.140752130E+02  -0.141926553E+02  -0.127937562E+02  -0.128460832E+02  -0.135909678E+02  -0.141371313E+02  -0.145839342E+02
   0.922104397E+06   0.500000000E+04  -0.139757207E+02  -0.119429851E+02  -0.131533937E+02  -0.138769995E+02  -0.141538024E+02  -0.142712447E+02  -0.128723456E+02  -0.129246726E+02  -0.136695572E+02  -0.142157207E+02  -0.146625236E+02
   0.974035995E+06   0.500000000E+04  -0.140644395E+02  -0.120317038E+02  -0.132421125E+02  -0.139657183E+02  -0.142425212E+02  -0.143599635E+02  -0.129610644E+02  -0.130133914E+02  -0.137582760E+02  -0.143044395E+02  -0.147512423E+02
   0.102996075E+07   0.500000000E+04  -0.141739646E+02  -0.121412290E+02  -0.133516377E+02  -0.140752435E+02  -0.143520464E+02  -0.144694887E+02  -0.130705896E+02  -0.131229165E+02  -0.138678012E+02  -0.144139646E+02  -0.148607675E+02
   0.107443497E+07   0.500000000E+04  -0.142414768E+02  -0.122087412E+02  -0.134191499E+02  -0.141427556E+02  -0.144195585E+02  -0.145370008E+02  -0.131381018E+02  -0.131904287E+02  -0.139353133E+02  -0.144814768E+02  -0.149282797E+02
   0.112154139E+07   0.500000000E+04  -0.143257165E+02  -0.122929809E+02  -0.135033896E+02  -0.142269954E+02  -0.145037983E+02  -0.146212406E+02  -0.132223415E+02  -0.132746685E+02  -0.140195531E+02  -0.145657165E+02  -0.150125194E+02
   0.117110282E+07   0.500000000E+04  -0.143909752E+02  -0.123582396E+02  -0.135686482E+02  -0.142922540E+02  -0.145690569E+02  -0.146864992E+02  -0.132876001E+02  -0.133399271E+02  -0.140848117E+02  -0.146309752E+02  -0.150777781E+02
   0.122369214E+07   0.500000000E+04  -0.144767088E+02  -0.124439732E+02  -0.136543819E+02  -0.143779877E+02  -0.146547906E+02  -0.147722329E+02  -0.133733338E+02  -0.134256607E+02  -0.141705453E+02  -0.147167088E+02  -0.151635117E+02
   0.127918060E+07   0.500000000E+04  -0.145462674E+02  -0.125135318E+02  -0.137239405E+02  -0.144475463E+02  -0.147243492E+02  -0.148417915E+02  -0.134428924E+02  -0.134952193E+02  -0.142401040E+02  -0.147862674E+02  -0.152330703E+02
   0.133784267E+07   0.500000000E+04  -0.146280453E+02  -0.125953097E+02  -0.138057184E+02  -0.145293242E+02  -0.148061270E+02  -0.149235694E+02  -0.135246703E+02  -0.135769972E+02  -0.143218818E+02  -0.148680453E+02  -0.153148482E+02
   0.137876801E+07   0.500000000E+04  -0.146709239E+02  -0.126381883E+02  -0.138485970E+02  -0.145722028E+02  -0.148490057E+02  -0.149664480E+02  -0.135675489E+02  -0.136198758E+02  -0.143647605E+02  -0.149109239E+02  -0.153577268E+02
   0.142123480E+07   0.500000000E+04  -0.147229938E+02  -0.126902582E+02  -0.139006669E+02  -0.146242727E+02  -0.149010755E+02  -0.150185179E+02  -0.136196188E+02  -0.136719457E+02  -0.144168303E+02  -0.149629938E+02  -0.154097967E+02
   0.146520348E+07   0.500000000E+04  -0.147622877E+02  -0.127295521E+02  -0.139399607E+02  -0.146635665E+02  -0.149403694E+02  -0.150578117E+02  -0.136589126E+02  -0.137112396E+02  -0.144561242E+02  -0.150022877E+02  -0.154490906E+02
   0.151098723E+07   0.500000000E+04  -0.148114762E+02  -0.127787406E+02  -0.139891493E+02  -0.147127551E+02  -0.149895580E+02  -0.151070003E+02  -0.137081012E+02  -0.137604281E+02  -0.145053128E+02  -0.150514762E+02  -0.154982791E+02
   0.155840241E+07   0.500000000E+04  -0.148489537E+02  -0.128162181E+02  -0.140266268E+02  -0.147502326E+02  -0.150270355E+02  -0.151444778E+02  -0.137455787E+02  -0.137979056E+02  -0.145427903E+02  -0.150889537E+02  -0.155357566E+02
   0.160768378E+07   0.500000000E+04  -0.148916412E+02  -0.128589056E+02  -0.140693143E+02  -0.147929201E+02  -0.150697230E+02  -0.151871653E+02  -0.137882662E+02  -0.138405931E+02  -0.145854778E+02  -0.151316412E+02  -0.155784441E+02
   0.165873036E+07   0.500000000E+04  -0.149218881E+02  -0.128891525E+02  -0.140995611E+02  -0.148231669E+02  -0.150999698E+02  -0.152174121E+02  -0.138185130E+02  -0.138708400E+02  -0.146157246E+02  -0.151618881E+02  -0.156086910E+02
   0.171183985E+07   0.500000000E+04  -0.149566627E+02  -0.129239270E+02  -0.141343357E+02  -0.148579415E+02  -0.151347444E+02  -0.152521867E+02  -0.138532876E+02  -0.139056146E+02  -0.146504992E+02  -0.151966627E+02  -0.156434655E+02
   0.176686152E+07   0.500000000E+04  -0.149835969E+02  -0.129508613E+02  -0.141612700E+02  -0.148848758E+02  -0.151616787E+02  -0.152791210E+02  -0.138802219E+02  -0.139325488E+02  -0.146774335E+02  -0.152235969E+02  -0.156703998E+02
   0.188261534E+07   0.500000000E+04  -0.150273250E+02  -0.129945893E+02  -0.142049980E+02  -0.149286038E+02  -0.152054067E+02  -0.153228490E+02  -0.139239499E+02  -0.139762769E+02  -0.147211615E+02  -0.152673250E+02  -0.157141278E+02
   0.197259136E+07   0.500000000E+04  -0.150451777E+02  -0.130124421E+02  -0.142228508E+02  -0.149464565E+02  -0.152232594E+02  -0.153407017E+02  -0.139418027E+02  -0.139941296E+02  -0.147390142E+02  -0.152851777E+02  -0.157319806E+02
   0.206408120E+07   0.500000000E+04  -0.150585726E+02  -0.130258370E+02  -0.142362457E+02  -0.149598515E+02  -0.152366543E+02  -0.153540967E+02  -0.139551976E+02  -0.140075245E+02  -0.147524091E+02  -0.152985726E+02  -0.157453755E+02
   0.215701658E+07   0.500000000E+04  -0.150623038E+02  -0.130295682E+02  -0.142399769E+02  -0.149635827E+02  -0.152403856E+02  -0.153578279E+02  -0.139589288E+02  -0.140112557E+02  -0.147561403E+02  -0.153023038E+02  -0.157491067E+02
   0.225142058E+07   0.500000000E+04  -0.150581857E+02  -0.130254501E+02  -0.142358588E+02  -0.149594646E+02  -0.152362674E+02  -0.153537098E+02  -0.139548107E+02  -0.140071376E+02  -0.147520222E+02  -0.152981857E+02  -0.157449886E+02
   0.234729703E+07   0.500000000E+04  -0.150483731E+02  -0.130156375E+02  -0.142260461E+02  -0.149496519E+02  -0.152264548E+02  -0.153438971E+02  -0.139449980E+02  -0.139973250E+02  -0.147422096E+02  -0.152883731E+02  -0.157351760E+02
   0.244460157E+07   0.500000000E+04  -0.150378250E+02  -0.130050893E+02  -0.142154980E+02  -0.149391038E+02  -0.152159067E+02  -0.153333490E+02  -0.139344499E+02  -0.139867769E+02  -0.147316615E+02  -0.152778250E+02  -0.157246279E+02
   0.254353795E+07   0.500000000E+04  -0.150270420E+02  -0.129943064E+02  -0.142047150E+02  -0.149283208E+02  -0.152051237E+02  -0.153225660E+02  -0.139236669E+02  -0.139759939E+02  -0.147208785E+02  -0.152670420E+02  -0.157138449E+02
   0.264418567E+07   0.500000000E+04  -0.150096608E+02  -0.129769251E+02  -0.141873338E+02  -0.149109396E+02  -0.151877425E+02  -0.153051848E+02  -0.139062857E+02  -0.139586127E+02  -0.147034973E+02  -0.152496608E+02  -0.156964637E+02
   0.274643668E+07   0.500000000E+04  -0.149935001E+02  -0.129607645E+02  -0.141711732E+02  -0.148947790E+02  -0.151715819E+02  -0.152890242E+02  -0.138901251E+02  -0.139424520E+02  -0.146873367E+02  -0.152335001E+02  -0.156803030E+02
   0.285034801E+07   0.500000000E+04  -0.149724272E+02  -0.129396916E+02  -0.141501003E+02  -0.148737061E+02  -0.151505090E+02  -0.152679513E+02  -0.138690522E+02  -0.139213791E+02  -0.146662637E+02  -0.152124272E+02  -0.156592301E+02
   0.295606385E+07   0.500000000E+04  -0.149517388E+02  -0.129190032E+02  -0.141294119E+02  -0.148530176E+02  -0.151298205E+02  -0.152472628E+02  -0.138483638E+02  -0.139006907E+02  -0.146455753E+02  -0.151917388E+02  -0.156385417E+02
   0.306373740E+07   0.500000000E+04  -0.149295836E+02  -0.128968480E+02  -0.141072567E+02  -0.148308624E+02  -0.151076653E+02  -0.152251076E+02  -0.138262086E+02  -0.138785355E+02  -0.146234201E+02  -0.151695836E+02  -0.156163865E+02
   0.317343044E+07   0.500000000E+04  -0.149050826E+02  -0.128723470E+02  -0.140827557E+02  -0.148063615E+02  -0.150831644E+02  -0.152006067E+02  -0.138017076E+02  -0.138540346E+02  -0.145989192E+02  -0.151450826E+02  -0.155918855E+02
   0.328533990E+07   0.500000000E+04  -0.148786176E+02  -0.128458820E+02  -0.140562907E+02  -0.147798965E+02  -0.150566993E+02  -0.151741417E+02  -0.137752426E+02  -0.138275695E+02  -0.145724541E+02  -0.151186176E+02  -0.155654205E+02
   0.339961720E+07   0.500000000E+04  -0.148516260E+02  -0.128188904E+02  -0.140292991E+02  -0.147529049E+02  -0.150297078E+02  -0.151471501E+02  -0.137482510E+02  -0.138005779E+02  -0.145454626E+02  -0.150916260E+02  -0.155384289E+02
   0.351638177E+07   0.500000000E+04  -0.148198777E+02  -0.127871421E+02  -0.139975508E+02  -0.147211566E+02  -0.149979595E+02  -0.151154018E+02  -0.137165027E+02  -0.137688296E+02  -0.145137143E+02  -0.150598777E+02  -0.155066806E+02
   0.363581493E+07   0.500000000E+04  -0.147822333E+02  -0.127494977E+02  -0.139599063E+02  -0.146835121E+02  -0.149603150E+02  -0.150777573E+02  -0.136788582E+02  -0.137311852E+02  -0.144760698E+02  -0.150222333E+02  -0.154690362E+02
   0.371709405E+07   0.500000000E+04  -0.147591412E+02  -0.127264056E+02  -0.139368143E+02  -0.146604200E+02  -0.149372229E+02  -0.150546652E+02  -0.136557662E+02  -0.137080931E+02  -0.144529777E+02  -0.149991412E+02  -0.154459441E+02
   0.379940936E+07   0.500000000E+04  -0.147267947E+02  -0.126940591E+02  -0.139044677E+02  -0.146280735E+02  -0.149048764E+02  -0.150223187E+02  -0.136234196E+02  -0.136757466E+02  -0.144206312E+02  -0.149667947E+02  -0.154135976E+02
   0.388321282E+07   0.500000000E+04  -0.146960964E+02  -0.126633608E+02  -0.138737695E+02  -0.145973753E+02  -0.148741782E+02  -0.149916205E+02  -0.135927214E+02  -0.136450483E+02  -0.143899330E+02  -0.149360964E+02  -0.153828993E+02
   0.396852530E+07   0.500000000E+04  -0.146621800E+02  -0.126294444E+02  -0.138398531E+02  -0.145634589E+02  -0.148402618E+02  -0.149577041E+02  -0.135588050E+02  -0.136111319E+02  -0.143560166E+02  -0.149021800E+02  -0.153489829E+02
   0.405516264E+07   0.500000000E+04  -0.146227928E+02  -0.125900572E+02  -0.138004659E+02  -0.145240717E+02  -0.148008746E+02  -0.149183169E+02  -0.135194178E+02  -0.135717447E+02  -0.143166294E+02  -0.148627928E+02  -0.153095957E+02
   0.414338781E+07   0.500000000E+04  -0.145779311E+02  -0.125451955E+02  -0.137556041E+02  -0.144792099E+02  -0.147560128E+02  -0.148734551E+02  -0.134745561E+02  -0.135268830E+02  -0.142717676E+02  -0.148179311E+02  -0.152647340E+02
   0.423340416E+07   0.500000000E+04  -0.145308297E+02  -0.124980941E+02  -0.137085028E+02  -0.144321085E+02  -0.147089114E+02  -0.148263538E+02  -0.134274547E+02  -0.134797816E+02  -0.142246662E+02  -0.147708297E+02  -0.152176326E+02
   0.432525735E+07   0.500000000E+04  -0.144849640E+02  -0.124522284E+02  -0.136626371E+02  -0.143862429E+02  -0.146630458E+02  -0.147804881E+02  -0.133815890E+02  -0.134339159E+02  -0.141788006E+02  -0.147249640E+02  -0.151717669E+02
   0.441900864E+07   0.500000000E+04  -0.144283451E+02  -0.123956095E+02  -0.136060181E+02  -0.143296239E+02  -0.146064268E+02  -0.147238691E+02  -0.133249700E+02  -0.133772970E+02  -0.141221816E+02  -0.146683451E+02  -0.151151480E+02
   0.451467104E+07   0.500000000E+04  -0.143623832E+02  -0.123296476E+02  -0.135400563E+02  -0.142636620E+02  -0.145404649E+02  -0.146579072E+02  -0.132590082E+02  -0.133113351E+02  -0.140562197E+02  -0.146023832E+02  -0.150491861E+02
   0.461233266E+07   0.500000000E+04  -0.142885487E+02  -0.122558131E+02  -0.134662217E+02  -0.141898275E+02  -0.144666304E+02  -0.145840727E+02  -0.131851736E+02  -0.132375006E+02  -0.139823852E+02  -0.145285487E+02  -0.149753516E+02
   0.471198890E+07   0.500000000E+04  -0.142037804E+02  -0.121710448E+02  -0.133814535E+02  -0.141050593E+02  -0.143818621E+02  -0.144993045E+02  -0.131004054E+02  -0.131527323E+02  -0.138976169E+02  -0.144437804E+02  -0.148905833E+02
   0.481371583E+07   0.500000000E+04  -0.141104039E+02  -0.120776683E+02  -0.132880770E+02  -0.140116827E+02  -0.142884856E+02  -0.144059279E+02  -0.130070289E+02  -0.130593558E+02  -0.138042404E+02  -0.143504039E+02  -0.147972068E+02
   0.491758058E+07   0.500000000E+04  -0.139873770E+02  -0.119546414E+02  -0.131650501E+02  -0.138886559E+02  -0.141654588E+02  -0.142829011E+02  -0.128840020E+02  -0.129363289E+02  -0.136812136E+02  -0.142273770E+02  -0.146741799E+02
