  0.0000000000E+000  0.0000000000E+000
  2.2316474382E+001  9.8525756334E+033
  1.0072313322E+004  9.8519218589E+033
  2.0165683171E+004  9.8503761974E+033
  3.0237080855E+004  9.8480713668E+033
  4.0367675372E+004  9.8440363632E+033
  5.0573654960E+004  9.8391246065E+033
  6.0830791354E+004  9.8316491017E+033
  7.1123064318E+004  9.8246056957E+033
  8.1258713160E+004  9.8152863554E+033
  9.2000049960E+004  9.8046226338E+033
  1.0239994949E+005  9.7890907935E+033
  1.1305877357E+005  9.7795587921E+033
  1.2369818704E+005  9.7560462693E+033
  1.3392233465E+005  9.7416152148E+033
  1.4424187457E+005  9.7250440544E+033
  1.5450717651E+005  9.7060150494E+033
  1.6455270067E+005  9.6841632371E+033
  1.7547026692E+005  9.6398936383E+033
  1.8610729426E+005  9.6086484232E+033
  1.9612409361E+005  9.5728234720E+033
  2.0687386026E+005  9.5317461818E+033
  2.1672910554E+005  9.5317461818E+033
  2.2723271405E+005  9.4846449835E+033
  2.3844411666E+005  9.4306347543E+033
  2.4837480315E+005  9.3687000770E+033
  2.5888413520E+005  9.2976760264E+033
  2.7014518287E+005  9.2514366312E+033
  2.7967710657E+005  9.1644805401E+033
  2.8968136150E+005  9.1644805401E+033
  3.0018855361E+005  9.0649264308E+033
  3.1123150597E+005  8.9611896597E+033
  3.2284544042E+005  8.9611896597E+033
  3.3195324719E+005  8.8527124056E+033
  3.4142043797E+005  8.7388624323E+033
  3.5130020955E+005  8.6719465351E+033
  3.6165232587E+005  8.6719465351E+033
  3.7242928120E+005  8.5461761000E+033
  3.8365261782E+005  8.4152286432E+033
  3.9534511404E+005  8.4152286432E+033
  4.0753089345E+005  8.2842811864E+033
  4.1594135812E+005  8.1533337295E+033
  4.2459034827E+005  8.1533337295E+033
  4.3348613756E+005  8.0223862727E+033
  4.4268595582E+005  7.9446502302E+033
  4.5220743713E+005  7.9446502302E+033
  4.6200858989E+005  7.8123383782E+033
  4.7209935175E+005  7.8123383782E+033
  4.8249004226E+005  7.6800265261E+033
  4.9319138533E+005  7.6800265261E+033
  5.0421453415E+005  7.5477146741E+033
  5.1557109807E+005  7.5477146741E+033
  5.2727244950E+005  7.4154028220E+033
  5.3945330629E+005  7.3290668877E+033
  5.5201754270E+005  7.3290668877E+033
  5.6496391801E+005  7.1954028028E+033
  5.7829431176E+005  7.0617387178E+033
  5.8510770772E+005  7.0617387178E+033
  5.9202220372E+005  7.0617387178E+033
  5.9903956679E+005  7.0617387178E+033
  6.0616159796E+005  6.9280746329E+033
  6.1339013296E+005  6.9280746329E+033
  6.2072704297E+005  6.9280746329E+033
  6.2824737572E+005  6.8253429039E+033
  6.3588545225E+005  6.8253429039E+033
  6.4363986581E+005  6.8253429039E+033
  6.5151266680E+005  6.6906477404E+033
  6.5950594714E+005  6.6906477404E+033
  6.6762183977E+005  6.6906477404E+033
  6.7586251859E+005  6.6906477404E+033
  6.8423019854E+005  6.5559525770E+033
  6.9272713585E+005  6.5559525770E+033
  7.0135562847E+005  6.5559525770E+033
  7.1011801656E+005  6.5559525770E+033
  7.1909946435E+005  6.4602126648E+033
  7.2826081685E+005  6.4602126648E+033
  7.3756666578E+005  6.4602126648E+033
  7.4701956849E+005  6.3240747143E+033
  7.5662215255E+005  6.3240747143E+033
  7.6637710602E+005  6.3240747143E+033
  7.7628717470E+005  6.3240747143E+033
  7.8635516200E+005  6.1879367637E+033
  7.9658392997E+005  6.1879367637E+033
  8.0706740275E+005  6.2117286429E+033
  8.1771993619E+005  6.0746390172E+033
  8.2854490989E+005  6.0746390172E+033
  8.3954546896E+005  6.0746390172E+033
  8.5072484473E+005  6.0746390172E+033
  8.6208634396E+005  5.9375493915E+033
  8.7363334754E+005  5.9375493915E+033
  8.8536930990E+005  5.9375493915E+033
  9.3476645570E+005  5.8260132226E+033
  9.8766808533E+005  5.5666189705E+033
  1.0445375019E+006  5.4275124220E+033
  1.0898722990E+006  5.1633164370E+033
  1.1377826920E+006  5.0233853525E+033
  1.1883241355E+006  4.8989019801E+033
  1.2418350522E+006  4.6169801161E+033
  1.2983983247E+006  4.3430636452E+033
  1.3580813396E+006  4.0596862552E+033
  1.3998169484E+006  3.9224683818E+033
  1.4430280577E+006  3.7802208341E+033
  1.4878950536E+006  3.4991678666E+033
  1.5344872656E+006  3.3562318933E+033
  1.5828264277E+006  3.0712282710E+033
  1.6329824965E+006  2.7844880000E+033
  1.6850503752E+006  2.7844880000E+033
  1.7391073477E+006  2.7844880000E+033
  1.7951740396E+006  2.7844880000E+033
  1.9124319543E+006  2.7844880000E+033
  2.0029231301E+006  2.7844880000E+033
  2.0948957288E+006  2.7844880000E+033
  2.1883118383E+006  2.7844880000E+033
  2.2832245624E+006  2.7844880000E+033
  2.3795551547E+006  2.7844880000E+033
  2.4773819101E+006  2.7844880000E+033
  2.5769079505E+006  2.7844880000E+033
  2.6780865517E+006  2.7844880000E+033
  2.7808798488E+006  2.7844880000E+033
  2.8853680255E+006  2.7844880000E+033
  2.9917368620E+006  2.7844880000E+033
  3.1000622034E+006  2.7844880000E+033
  3.2104728680E+006  2.7844880000E+033
  3.3231648585E+006  2.7844880000E+033
  3.4382454822E+006  2.7844880000E+033
  3.5558922011E+006  2.7844880000E+033
  3.6762300502E+006  2.7844880000E+033
  3.7580253306E+006  2.7844880000E+033
  3.8412487485E+006  2.7844880000E+033
  3.9256375089E+006  2.7844880000E+033
  4.0116089299E+006  2.7844880000E+033
  4.0990371336E+006  2.7844880000E+033
  4.1881535427E+006  2.7844880000E+033
  4.2790837209E+006  2.7844880000E+033
  4.3718812013E+006  2.7844880000E+033
  4.4665833079E+006  2.7844880000E+033
  4.5632402370E+006  2.7844880000E+033
  4.6618941898E+006  2.7844880000E+033
  4.7625804872E+006  2.7844880000E+033
  4.8653708237E+006  2.7844880000E+033
  4.9702919777E+006  2.7844880000E+033
  5.0000000000E+006  2.7844880000E+033
