  0.0000000000E+000  0.0000000000E+000
  2.2316474382E+001 -4.1207395350E+003
  1.0072313322E+004  4.8913302851E+009
  2.0165683171E+004  3.8633272150E+009
  3.0237080855E+004  3.2948602875E+009
  4.0367675372E+004  2.9964822467E+009
  5.0573654960E+004  2.7087190371E+009
  6.0830791354E+004  2.4476420196E+009
  7.1123064318E+004  2.2242645700E+009
  8.1258713160E+004  2.0469378810E+009
  9.2000049960E+004  1.8897959552E+009
  1.0239994949E+005  1.7708094498E+009
  1.1305877357E+005  1.6794006208E+009
  1.2369818704E+005  1.6144022267E+009
  1.3392233465E+005  1.5642674204E+009
  1.4424187457E+005  1.5230267622E+009
  1.5450717651E+005  1.4875494082E+009
  1.6455270067E+005  1.4555651446E+009
  1.7547026692E+005  1.4225721116E+009
  1.8610729426E+005  1.3913664570E+009
  1.9612409361E+005  1.3626058134E+009
  2.0687386026E+005  1.3324400289E+009
  2.1672910554E+005  1.3061251631E+009
  2.2723271405E+005  1.2796788988E+009
  2.3844411666E+005  1.2521526683E+009
  2.4837480315E+005  1.2281499722E+009
  2.5888413520E+005  1.2037605873E+009
  2.7014518287E+005  1.1790656760E+009
  2.7967710657E+005  1.1597026387E+009
  2.8968136150E+005  1.1388330224E+009
  3.0018855361E+005  1.1192336604E+009
  3.1123150597E+005  1.0995663360E+009
  3.2284544042E+005  1.0789930259E+009
  3.3195324719E+005  1.0660487687E+009
  3.4142043797E+005  1.0513523017E+009
  3.5130020955E+005  1.0389552003E+009
  3.6165232587E+005  1.0235875082E+009
  3.7242928120E+005  1.0114359064E+009
  3.8365261782E+005  9.9648954565E+008
  3.9534511404E+005  9.8506413299E+008
  4.0753089345E+005  9.7091520116E+008
  4.1594135812E+005  9.6330730851E+008
  4.2459034827E+005  9.5524617577E+008
  4.3348613756E+005  9.4592512829E+008
  4.4268595582E+005  9.3876153311E+008
  4.5220743713E+005  9.2931341340E+008
  4.6200858989E+005  9.2081000807E+008
  4.7209935175E+005  9.1299438914E+008
  4.8249004226E+005  9.0362758045E+008
  4.9319138533E+005  8.9560467691E+008
  5.0421453415E+005  8.8817125229E+008
  5.1557109807E+005  8.7912753743E+008
  5.2727244950E+005  8.7121523618E+008
  5.3945330629E+005  8.6286576404E+008
  5.5201754270E+005  8.5436426747E+008
  5.6496391801E+005  8.4665918699E+008
  5.7829431176E+005  8.3740941915E+008
  5.8510770772E+005  8.3315038988E+008
  5.9202220372E+005  8.2982243493E+008
  5.9903956679E+005  8.2620320719E+008
  6.0616159796E+005  8.2226378302E+008
  6.1339013296E+005  8.1797930527E+008
  6.2072704297E+005  8.1332091641E+008
  6.2824737572E+005  8.1022673708E+008
  6.3588545225E+005  8.0611263114E+008
  6.4363986581E+005  8.0162610624E+008
  6.5151266680E+005  7.9677844181E+008
  6.5950594714E+005  7.9299709126E+008
  6.6762183977E+005  7.8959977087E+008
  6.7586251859E+005  7.8594076405E+008
  6.8423019854E+005  7.8200453060E+008
  6.9272713585E+005  7.7776636624E+008
  7.0135562847E+005  7.7316022123E+008
  7.1011801656E+005  7.6974712017E+008
  7.1909946435E+005  7.6657569365E+008
  7.2826081685E+005  7.6205651680E+008
  7.3756666578E+005  7.5734151497E+008
  7.4701956849E+005  7.5420915926E+008
  7.5662215255E+005  7.5088831234E+008
  7.6637710602E+005  7.4736615815E+008
  7.7628717470E+005  7.4362423292E+008
  7.8635516200E+005  7.3964183560E+008
  7.9658392997E+005  7.3534429480E+008
  8.0706740275E+005  7.3283724583E+008
  8.1771993619E+005  7.2922631411E+008
  8.2854490989E+005  7.2542567077E+008
  8.3954546896E+005  7.2139081473E+008
  8.5072484473E+005  7.1759359647E+008
  8.6208634396E+005  7.1473306973E+008
  8.7363334754E+005  7.1171857054E+008
  8.8536930990E+005  7.0853212326E+008
  9.3476645570E+005  6.9441029569E+008
  9.8766808533E+005  6.8054723127E+008
  1.0445375019E+006  6.6579255427E+008
  1.0898722990E+006  6.5591535820E+008
  1.1377826920E+006  6.4482717047E+008
  1.1883241355E+006  6.3320820759E+008
  1.2418350522E+006  6.2211544446E+008
  1.2983983247E+006  6.0987860892E+008
  1.3580813396E+006  5.9733680601E+008
  1.3998169484E+006  5.8904686444E+008
  1.4430280577E+006  5.8010688635E+008
  1.4878950536E+006  5.7158537241E+008
  1.5344872656E+006  5.6225262965E+008
  1.5828264277E+006  5.5343416209E+008
  1.6329824965E+006  5.4373117011E+008
  1.6850503752E+006  5.3462947812E+008
  1.7391073477E+006  5.2463303303E+008
  1.7951740396E+006  5.1503769900E+008
  1.9124319543E+006  4.9461841524E+008
  2.0029231301E+006  4.7913804273E+008
  2.0948957288E+006  4.6321408107E+008
  2.1883118383E+006  4.4748999590E+008
  2.2832245624E+006  4.3268025643E+008
  2.3795551547E+006  4.1830111094E+008
  2.4773819101E+006  4.0461336141E+008
  2.5769079505E+006  3.9354112944E+008
  2.6780865517E+006  3.8300750351E+008
  2.7808798488E+006  3.7437251571E+008
  2.8853680255E+006  3.6711143625E+008
  2.9917368620E+006  3.6019865198E+008
  3.1000622034E+006  3.5452556754E+008
  3.2104728680E+006  3.4905152401E+008
  3.3231648585E+006  3.4356460847E+008
  3.4382454822E+006  3.3828354819E+008
  3.5558922011E+006  3.3293232535E+008
  3.6762300502E+006  3.2736584314E+008
  3.7580253306E+006  3.2346654513E+008
  3.8412487485E+006  3.1964275341E+008
  3.9256375089E+006  3.1543897632E+008
  4.0116089299E+006  3.1128941860E+008
  4.0990371336E+006  3.0682906811E+008
  4.1881535427E+006  3.0216848380E+008
  4.2790837209E+006  2.9740059620E+008
  4.3718812013E+006  2.9242007161E+008
  4.4665833079E+006  2.8718604109E+008
  4.5632402370E+006  2.8167655384E+008
  4.6618941898E+006  2.7612093522E+008
  4.7625804872E+006  2.7055294072E+008
  4.8653708237E+006  2.6513503828E+008
  4.9702919777E+006  2.6000612505E+008
  5.0000000000E+006  2.6000612505E+008
