  0.0000000000E+000  0.0000000000E+000
  2.2342746102E+001  9.8525756240E+033
  1.0057312050E+004  9.8524928201E+033
  2.0141135971E+004  9.8521916458E+033
  3.0211457743E+004  9.8516447121E+033
  4.0329403031E+004  9.8511095857E+033
  5.0591267880E+004  9.8502819718E+033
  6.0922668713E+004  9.8488894391E+033
  7.0881434014E+004  9.8466888685E+033
  8.0902589438E+004  9.8435093839E+033
  9.1400779376E+004  9.8392433536E+033
  1.0145371527E+005  9.8345249186E+033
  1.1233289020E+005  9.8287950014E+033
  1.2317173753E+005  9.8229800310E+033
  1.3358308110E+005  9.8171626769E+033
  1.4413490388E+005  9.8113635670E+033
  1.5469487845E+005  9.8055167467E+033
  1.6511737588E+005  9.7995194187E+033
  1.7525989322E+005  9.7931516911E+033
  1.8506073212E+005  9.7864470738E+033
  1.9556931625E+005  9.7785484617E+033
  2.0540705963E+005  9.7703370546E+033
  2.1590879713E+005  9.7607693526E+033
  2.2549135903E+005  9.7513436424E+033
  2.3566176162E+005  9.7404585155E+033
  2.4647393809E+005  9.7279160048E+033
  2.5601690971E+005  9.7163433107E+033
  2.6614183772E+005  9.7033032371E+033
  2.7692967938E+005  9.6885419999E+033
  2.8834107914E+005  9.6720827972E+033
  2.9795101145E+005  9.6583364206E+033
  3.0801639675E+005  9.6429139279E+033
  3.1856487993E+005  9.6265684287E+033
  3.2962592440E+005  9.6089071548E+033
  3.4123099242E+005  9.5892307136E+033
  3.5031196367E+005  9.5743908303E+033
  3.5982553870E+005  9.5564014632E+033
  3.6970164899E+005  9.5397711372E+033
  3.7995769262E+005  9.5196253508E+033
  3.9061206286E+005  9.5003061913E+033
  4.0167603122E+005  9.4783266090E+033
  4.1314997469E+005  9.4555906411E+033
  4.2505185439E+005  9.4317665785E+033
  4.3323368059E+005  9.4129171218E+033
  4.4167246719E+005  9.3971303028E+033
  4.5040267666E+005  9.3766525596E+033
  4.5935590600E+005  9.3566559199E+033
  4.6853910818E+005  9.3372397562E+033
  4.7795947351E+005  9.3147516106E+033
  4.8762444011E+005  9.2916491921E+033
  4.9754170576E+005  9.2711143824E+033
  5.0771924033E+005  9.2470977525E+033
  5.1816529765E+005  9.2198735816E+033
  5.2888842696E+005  9.1983565505E+033
  5.4004670880E+005  9.1662143516E+033
  5.5152838395E+005  9.1417041392E+033
  5.6332281199E+005  9.1133959771E+033
  5.7544010091E+005  9.0798291411E+033
  5.8789071890E+005  9.0541026734E+033
  6.0068550726E+005  9.0250375613E+033
  6.1383569423E+005  8.9910319657E+033
  6.2742463587E+005  8.9630728632E+033
  6.3439805630E+005  8.9456425432E+033
  6.4146961456E+005  8.9267314167E+033
  6.4864090835E+005  8.9091208128E+033
  6.5591356284E+005  8.8949990729E+033
  6.6328923147E+005  8.8798840941E+033
  6.7076959633E+005  8.8637077474E+033
  6.7835636852E+005  8.8467478846E+033
  6.8605123857E+005  8.8285456496E+033
  6.9385597581E+005  8.8088780692E+033
  7.0177237971E+005  8.7951319951E+033
  7.0980228062E+005  8.7807364057E+033
  7.1803292905E+005  8.7611307882E+033
  7.2641314164E+005  8.7395602485E+033
  7.3491552729E+005  8.7238191721E+033
  7.4354210370E+005  8.7080881171E+033
  7.5229493030E+005  8.6914901093E+033
  7.6117610950E+005  8.6739390805E+033
  7.7018778653E+005  8.6553577742E+033
  7.7933214957E+005  8.6356441962E+033
  7.8861142992E+005  8.6161536775E+033
  7.9802782677E+005  8.6014091064E+033
  8.0767963355E+005  8.5839818791E+033
  8.1750520857E+005  8.5631642002E+033
  8.2747847816E+005  8.5412209446E+033
  8.3760195840E+005  8.5252530156E+033
  8.4787821832E+005  8.5089411402E+033
  8.5830988253E+005  8.4918298491E+033
  8.6889962643E+005  8.4738195473E+033
  8.7965017424E+005  8.4548039092E+033
  9.3638509678E+005  8.3561435435E+033
  9.8511556068E+005  8.2797460838E+033
  1.0374266715E+006  8.1936718841E+033
  1.0931927218E+006  8.1045363531E+033
  1.1376005369E+006  8.0393759370E+033
  1.1842831180E+006  7.9657845587E+033
  1.2335024142E+006  7.8902318514E+033
  1.2852283625E+006  7.8137766702E+033
  1.3397097369E+006  7.7334766981E+033
  1.3970463895E+006  7.6492212560E+033
  1.4573076756E+006  7.5668112957E+033
  1.4993688197E+006  7.5052824586E+033
  1.5428162558E+006  7.4485479502E+033
  1.5877727462E+006  7.3851226857E+033
  1.6342955830E+006  7.3265126018E+033
  1.6824655947E+006  7.2619651769E+033
  1.7323450575E+006  7.2011396807E+033
  1.7839394484E+006  7.1356847570E+033
  1.8925298861E+006  7.0056125951E+033
  2.0088167610E+006  6.8717289122E+033
  2.1006142893E+006  6.7708381279E+033
  2.1941469642E+006  6.6694784410E+033
  2.2891384353E+006  6.5681223980E+033
  2.3855904370E+006  6.4732239166E+033
  2.4836071863E+006  6.3764110931E+033
  2.5831860923E+006  6.2776853345E+033
  2.6843411273E+006  6.1837395388E+033
  2.7871097385E+006  6.0854635157E+033
  2.8915926912E+006  5.9821269592E+033
  2.9979820645E+006  5.8784301636E+033
  3.1063597010E+006  5.7688432995E+033
  3.2168253438E+006  5.6529716300E+033
  3.3295187893E+006  5.5373183572E+033
  3.4445580163E+006  5.4157487654E+033
  3.5620957135E+006  5.2885940144E+033
  3.6822582761E+006  5.1561482355E+033
  3.7639975625E+006  5.0691626270E+033
  3.8468316008E+006  4.9774988300E+033
  3.9311581987E+006  4.8822510332E+033
  4.0169980112E+006  4.7885080379E+033
  4.1042368719E+006  4.6887688658E+033
  4.1930832832E+006  4.5861961814E+033
  4.2836439276E+006  4.4843934456E+033
  4.3760371434E+006  4.3774596694E+033
  4.4703409935E+006  4.2652280827E+033
  4.5665671325E+006  4.1493911986E+033
  4.6647991575E+006  4.0289411869E+033
  4.7650348915E+006  3.9002621797E+033
  4.8672801219E+006  3.7606905456E+033
  4.9716120391E+006  3.6084724138E+033
  5.0000000000E+006  3.6084724138E+033
