  0.0000000000E+000  0.0000000000E+000
  1.7006432838E+004  2.4354703555E+042
  3.4028033965E+004  1.2141435303E+042
  5.1034787159E+004  7.5610134618E+041
  6.8061013260E+004  5.4730216035E+041
  8.5112070738E+004  4.2480500736E+041
  1.0212013498E+005  3.4041894706E+041
  1.1922520510E+005  2.7830462166E+041
  1.3623591374E+005  2.3524216121E+041
  1.5323892913E+005  2.0340086924E+041
  1.7021373592E+005  1.7838491477E+041
  1.8740423863E+005  1.5809744456E+041
  2.0443292606E+005  1.4132640407E+041
  2.2147418378E+005  1.2752800454E+041
  2.3838842111E+005  1.1644976074E+041
  2.5544952608E+005  1.0731908351E+041
  2.7276376001E+005  1.0019961638E+041
  2.8968662664E+005  9.4768357366E+040
  3.0676707400E+005  9.0133056527E+040
  3.2382993845E+005  8.6728342867E+040
  3.4067759328E+005  8.4140929734E+040
  3.5808742494E+005  8.1700265750E+040
  3.7463754877E+005  8.0266990194E+040
  3.9195425225E+005  7.9194010806E+040
  4.0879690642E+005  7.8019053780E+040
  4.2570071125E+005  7.7544952400E+040
  4.4330469125E+005  7.7344709133E+040
  4.6020099147E+005  7.6883067814E+040
  4.7699815313E+005  7.7118828712E+040
  4.9440922411E+005  7.7633103495E+040
  5.1086141539E+005  7.7717270760E+040
  5.2786169566E+005  7.8495325275E+040
  5.4542827626E+005  7.9435302748E+040
  5.6270205728E+005  7.9905416307E+040
  5.7961901980E+005  8.1061432703E+040
  5.9611484773E+005  8.2295417800E+040
  6.1308043671E+005  8.3011819406E+040
  6.3052914479E+005  8.4475976680E+040
  6.4746443930E+005  8.6092230729E+040
  6.6485476940E+005  8.7073793013E+040
  6.8164873727E+005  8.8804721948E+040
  6.9886700879E+005  9.0776990475E+040
  7.1540399089E+005  9.2109183905E+040
  7.3233231197E+005  9.4218148299E+040
  7.4966119119E+005  9.6606047876E+040
  7.6620452833E+005  9.8323824750E+040
  7.8433478824E+005  1.0115032027E+041
  8.0039423021E+005  1.0395091707E+041
  8.1805679160E+005  1.0625464974E+041
  8.3480638757E+005  1.0935213356E+041
  8.5189871736E+005  1.1217888662E+041
  8.6934075264E+005  1.1572773663E+041
  8.8575763294E+005  1.1916575119E+041
  9.0248424005E+005  1.2229745337E+041
  9.1952637735E+005  1.2626855426E+041
  9.3688995921E+005  1.3035967949E+041
  9.5458099789E+005  1.3414979130E+041
  9.7109067951E+005  1.3825379784E+041
  9.8788547333E+005  1.4254855424E+041
  1.0049702600E+006  1.4626925509E+041
  1.0223500104E+006  1.5091825777E+041
  1.0400297816E+006  1.5552485795E+041
  1.0563669697E+006  1.5907157360E+041
  1.0729602813E+006  1.6334463350E+041
  1.0898137083E+006  1.6769632912E+041
  1.1069312993E+006  1.7138055195E+041
  1.1243171733E+006  1.7574785287E+041
  1.1419755134E+006  1.8019433686E+041
  1.1581044843E+006  1.8329777736E+041
  1.1762922636E+006  1.8772357599E+041
  1.1929047887E+006  1.9180746123E+041
  1.2097513740E+006  1.9518624343E+041
  1.2268353048E+006  1.9925569454E+041
  1.2441599110E+006  2.0338415391E+041
  1.2617285656E+006  2.0650369075E+041
  1.2775527958E+006  2.1019648959E+041
  1.2955918148E+006  2.1434344992E+041
  1.3118396815E+006  2.1736117420E+041
  1.3282907968E+006  2.2081418183E+041
  1.3470444016E+006  2.2498699567E+041
  1.3639358654E+006  2.2803518220E+041
  1.3810385953E+006  2.3151164337E+041
  1.3961788562E+006  2.3491238430E+041
  1.4136848269E+006  2.3768011629E+041
  1.4314097169E+006  2.4144932283E+041
  1.4493562523E+006  2.4527470194E+041
  1.4643876240E+006  2.4745050242E+041
  1.4821274913E+006  2.5080320350E+041
  1.4981625279E+006  2.5418892761E+041
  1.5150179981E+006  2.5658776812E+041
  1.5320015872E+006  2.6003376106E+041
  1.5495780230E+006  2.6322643297E+041
  1.5675068405E+006  2.6603627804E+041
  1.5854029881E+006  2.6916278041E+041
  1.6027772100E+006  2.7184130876E+041
  1.6178204379E+006  2.7442511053E+041
  1.6355489080E+006  2.7738431413E+041
  1.6508010845E+006  2.7995894052E+041
  1.6686567638E+006  2.8247135849E+041
  1.6854470495E+006  2.8513966433E+041
  1.7017478806E+006  2.8701723561E+041
  1.7189074926E+006  2.8960129373E+041
  1.7359254779E+006  2.9257738488E+041
  1.7523649051E+006  2.9430894959E+041
  1.7705929179E+006  2.9684149112E+041
  1.7870866709E+006  2.9913968694E+041
  1.8058465172E+006  3.0136620825E+041
  1.8236097863E+006  3.0365426671E+041
  1.8406760978E+006  3.0582998823E+041
  1.8579453024E+006  3.0722616970E+041
  1.8753760533E+006  3.0929592614E+041
  1.8900261702E+006  3.1108007827E+041
  1.9062737076E+006  3.1225016842E+041
  1.9233072312E+006  3.1410411214E+041
  1.9393244168E+006  3.1583724357E+041
  1.9581843966E+006  3.1703281293E+041
  1.9734155055E+006  3.1858668959E+041
  1.9920247166E+006  3.2031055156E+041
  2.0079669790E+006  3.2106583824E+041
  2.0252171976E+006  3.2257001587E+041
  2.0436368486E+006  3.2409332635E+041
  2.0596273190E+006  3.2472710942E+041
  2.0767018206E+006  3.2606244756E+041
  2.0945665167E+006  3.2677043057E+041
  2.1114821886E+006  3.2725340536E+041
  2.1285000200E+006  3.2841179254E+041
  2.1480025984E+006  3.2962202395E+041
  2.1647760257E+006  3.3001291554E+041
  2.1816800830E+006  3.3103979017E+041
  2.1953407212E+006  3.3130853106E+041
  2.2131850778E+006  3.3159416851E+041
  2.2291682660E+006  3.3248052779E+041
  2.2470553383E+006  3.3268549279E+041
  2.2626934759E+006  3.3283542649E+041
  2.2797087216E+006  3.3363380659E+041
  2.2964484133E+006  3.3369470856E+041
  2.3148741303E+006  3.3369253961E+041
  2.3307792873E+006  3.3436454036E+041
  2.3482864151E+006  3.3505202033E+041
  2.3650634667E+006  3.3423998467E+041
  2.3841455343E+006  3.3482925579E+041
  2.3990880990E+006  3.3469846769E+041
  2.4166835987E+006  3.3459891584E+041
  2.4342470359E+006  3.3514970109E+041
  2.4527346621E+006  3.3490695069E+041
  2.4713339413E+006  3.3463933807E+041
  2.4890829784E+006  3.3428127740E+041
  2.5045610126E+006  3.3412921590E+041
  2.5201891470E+006  3.3459883348E+041
  2.5366578462E+006  3.3421426910E+041
  2.5538494894E+006  3.3397084660E+041
  2.5690166569E+006  3.3351783563E+041
  2.5862676569E+006  3.3391987002E+041
  2.6026515589E+006  3.3286848190E+041
  2.6203187019E+006  3.3319664155E+041
  2.6364847581E+006  3.3270282980E+041
  2.6546539178E+006  3.3235393124E+041
  2.6713278883E+006  3.3173825842E+041
  2.6873199694E+006  3.3214260539E+041
  2.7048702981E+006  3.3088916323E+041
  2.7225342327E+006  3.3116052545E+041
  2.7387445544E+006  3.3057769985E+041
  2.7568063853E+006  3.3033290026E+041
  2.7743342623E+006  3.2967325762E+041
  2.7909310078E+006  3.3004549838E+041
  2.8106593228E+006  3.2856907109E+041
  2.8269913633E+006  3.2887268670E+041
  2.8454695681E+006  3.2811911793E+041
  2.8619856823E+006  3.2780216842E+041
  2.8775393507E+006  3.2713592582E+041
  2.8948437858E+006  3.2748400607E+041
  2.9092068266E+006  3.2628660019E+041
  2.9269114916E+006  3.2662647768E+041
  2.9433815911E+006  3.2594434952E+041
  2.9603827009E+006  3.2569684497E+041
  2.9789510665E+006  3.2483824741E+041
  2.9940982261E+006  3.2529360325E+041
  3.0110496838E+006  3.2387817651E+041
  3.0282368068E+006  3.2422386671E+041
  3.0451783802E+006  3.2345742369E+041
  3.0622487272E+006  3.2311042577E+041
  3.0799149491E+006  3.2227029360E+041
  3.0959650974E+006  3.2269769767E+041
  3.1136003595E+006  3.2126450670E+041
  3.1296083876E+006  3.2168467960E+041
  3.1465847560E+006  3.2087340570E+041
  3.1647119919E+006  3.2055246591E+041
  3.1813567428E+006  3.1969943908E+041
  3.1988773413E+006  3.2008316201E+041
  3.2165037527E+006  3.1862284229E+041
  3.2369449860E+006  3.1886890535E+041
  3.2523554088E+006  3.1812465600E+041
  3.2693656321E+006  3.1785403321E+041
  3.2881417358E+006  3.1688988555E+041
  3.3033790100E+006  3.1613273806E+041
  3.3239806007E+006  3.1579134946E+041
  3.3395159196E+006  3.1500163224E+041
  3.3551237198E+006  3.1555546579E+041
  3.3760474532E+006  3.1380588865E+041
  3.3918256935E+006  3.1434794215E+041
  3.4052271684E+006  3.1324197347E+041
  3.4201820356E+006  3.1377975323E+041
  3.4375019882E+006  3.1283637765E+041
  3.4546336187E+006  3.1275992284E+041
  3.4712812870E+006  3.1186404610E+041
  3.4871908201E+006  3.1101944344E+041
  3.5041787714E+006  3.1096625357E+041
  3.5213645927E+006  3.1002371786E+041
  3.5370361584E+006  3.1066260967E+041
  3.5554439408E+006  3.0901565977E+041
  3.5718607572E+006  3.0967213717E+041
  3.5896453120E+006  3.0871479669E+041
  3.6053683308E+006  3.0880506544E+041
  3.6231217184E+006  3.0779160474E+041
  3.6393743104E+006  3.0845188230E+041
  3.6579937755E+006  3.0674860830E+041
  3.6742230003E+006  3.0581221925E+041
  3.6921211939E+006  3.0641168956E+041
  3.7083430735E+006  3.0473815417E+041
  3.7250920349E+006  3.0536912693E+041
  3.7430618440E+006  3.0430951186E+041
  3.7605004195E+006  3.0468190545E+041
  3.7770126075E+006  3.0369613599E+041
  3.7966404101E+006  3.0428336587E+041
  3.8128892418E+006  3.0243690866E+041
  3.8312733033E+006  3.0133669554E+041
  3.8477052708E+006  3.0212526050E+041
  3.8658430884E+006  3.0057345370E+041
  3.8858638452E+006  3.0109891742E+041
  3.9022319373E+006  3.0009142485E+041
  3.9198585822E+006  3.0011166755E+041
  3.9381737211E+006  2.9900698756E+041
  3.9504312517E+006  2.9825020358E+041
  3.9658079344E+006  2.9876037539E+041
  3.9824078987E+006  2.9764578834E+041
  3.9974376322E+006  2.9867901666E+041
  4.0155375067E+006  2.9676355881E+041
  4.0316980361E+006  2.9572447012E+041
  4.0485067427E+006  2.9658570639E+041
  4.0652848204E+006  2.9485278134E+041
  4.0825955728E+006  2.9570333584E+041
  4.1002242718E+006  2.9453585845E+041
  4.1158940921E+006  2.9486864399E+041
  4.1341238717E+006  2.9367018542E+041
  4.1507320785E+006  2.9256469078E+041
  4.1675337322E+006  2.9280869683E+041
  4.1846722345E+006  2.9162848647E+041
  4.2008461401E+006  2.9269248845E+041
  4.2174935754E+006  2.9102654647E+041
  4.2350201716E+006  2.8980265942E+041
  4.2512330804E+006  2.8985389612E+041
  4.2691663584E+006  2.8860886511E+041
  4.2855969982E+006  2.8966019756E+041
  4.3034988483E+006  2.8799514804E+041
  4.3215483051E+006  2.8670710508E+041
  4.3365549334E+006  2.8787022880E+041
  4.3541538918E+006  2.8603258852E+041
  4.3703422881E+006  2.8712303463E+041
  4.3889352797E+006  2.8575690820E+041
  4.4067529127E+006  2.8356113876E+041
  4.4245380785E+006  2.8465384301E+041
  4.4403825391E+006  2.8347668866E+041
  4.4587572559E+006  2.8404029073E+041
  4.4762919961E+006  2.8271704644E+041
  4.4961309453E+006  2.8368287801E+041
  4.5138633145E+006  2.8179345021E+041
  4.5283605214E+006  2.8071348357E+041
  4.5494387361E+006  2.8162497677E+041
  4.5666713593E+006  2.7930381075E+041
  4.5789670754E+006  2.7833544915E+041
  4.5960441591E+006  2.7958245402E+041
  4.6093287178E+006  2.7799144005E+041
  4.6270516015E+006  2.7921279786E+041
  4.6457070642E+006  2.7774746783E+041
  4.6603309994E+006  2.7567296381E+041
  4.6785942907E+006  2.7695451594E+041
  4.6935219864E+006  2.7577397732E+041
  4.7113824838E+006  2.7386957195E+041
  4.7278102037E+006  2.7523213956E+041
  4.7455579910E+006  2.7376875480E+041
  4.7636615955E+006  2.7422193282E+041
  4.7789638625E+006  2.7296539629E+041
  4.7963277177E+006  2.7152239841E+041
  4.8126910005E+006  2.7230273725E+041
  4.8300562338E+006  2.7084802903E+041
  4.8472795456E+006  2.6940010533E+041
  4.8630295768E+006  2.7024542407E+041
  4.8806525332E+006  2.6876657863E+041
  4.8970670977E+006  2.6737186398E+041
  4.9145960815E+006  2.6799995612E+041
  4.9318114106E+006  2.6652065263E+041
  4.9487469201E+006  2.6793743300E+041
  4.9651797982E+006  2.6586111188E+041
  4.9830840870E+006  2.6433652770E+041
  5.0011360027E+006  2.6561276696E+041
  5.0167510323E+006  2.6327333121E+041
  5.0351374799E+006  2.6444480235E+041
  5.0518018845E+006  2.6300389603E+041
  5.0700661708E+006  2.6354544707E+041
  5.0863374707E+006  2.6212306072E+041
  5.1052071902E+006  2.5950640810E+041
  5.1232143047E+006  2.6067008675E+041
  5.1393093510E+006  2.5927459883E+041
  5.1570752705E+006  2.5908872378E+041
  5.1766855215E+006  2.5730523587E+041
  5.1927180020E+006  2.5850768743E+041
  5.2099832299E+006  2.5641329181E+041
  5.2285759921E+006  2.5737479390E+041
  5.2420924659E+006  2.5618456020E+041
  5.2570121239E+006  2.5371127687E+041
  5.2736942099E+006  2.5480768277E+041
  5.2910504382E+006  2.5325826645E+041
  5.3085114866E+006  2.5328904522E+041
  5.3242896619E+006  2.5184439094E+041
  5.3415826356E+006  2.5279231340E+041
  5.3572957195E+006  2.5051721564E+041
  5.3741680916E+006  2.5141402193E+041
  5.3910383635E+006  2.4987776921E+041
  5.4076453017E+006  2.4977830174E+041
  5.4257831588E+006  2.4811263014E+041
  5.4425079582E+006  2.4899213189E+041
  5.4603395841E+006  2.4632818309E+041
  5.4761496500E+006  2.4720830652E+041
  5.4935362143E+006  2.4559911533E+041
  5.5096823619E+006  2.4553495397E+041
  5.5269389916E+006  2.4614754215E+041
  5.5440455034E+006  2.4454234755E+041
  5.5608517352E+006  2.4421995143E+041
  5.5775117673E+006  2.4262417492E+041
  5.5953695973E+006  2.4305057336E+041
  5.6120004327E+006  2.4234677059E+041
  5.6298269671E+006  2.4058794294E+041
  5.6461465224E+006  2.4106707477E+041
  5.6632825014E+006  2.4058087065E+041
  5.6791811276E+006  2.4097675779E+041
  5.6967147246E+006  2.3920502041E+041
  5.7134829912E+006  2.3837421744E+041
  5.7309858608E+006  2.3849732906E+041
  5.7479920139E+006  2.3864281160E+041
  5.7656939130E+006  2.3761369524E+041
  5.7826576136E+006  2.3587685149E+041
  5.7995904029E+006  2.3593833781E+041
  5.8174141965E+006  2.3461539787E+041
  5.8353456340E+006  2.3447654110E+041
  5.8524573589E+006  2.3439536256E+041
  5.8718177051E+006  2.3264696012E+041
  5.8891222913E+006  2.3243078541E+041
  5.9082233167E+006  2.3056252375E+041
  5.9238394767E+006  2.3045683317E+041
  5.9406563730E+006  2.3016089559E+041
  5.9587663310E+006  2.3016226976E+041
  5.9782687750E+006  2.2946762990E+041
  5.9920965492E+006  2.2935562268E+041
  6.0141617745E+006  2.2709995357E+041
  6.0298066318E+006  2.2801812112E+041
  6.0462435101E+006  2.2750469376E+041
  6.0591419571E+006  2.2637987534E+041
  6.0777444459E+006  2.2553432089E+041
  6.0929530243E+006  2.2623306037E+041
  6.1093309998E+006  2.2394758349E+041
  6.1241046479E+006  2.2347830605E+041
  6.1407405516E+006  2.2384608687E+041
  6.1595625496E+006  2.2272234123E+041
  6.1742045073E+006  2.2215065484E+041
  6.1910804141E+006  2.2227567121E+041
  6.2080582402E+006  2.2112527358E+041
  6.2243024758E+006  2.2030150782E+041
  6.2420939418E+006  2.2016481280E+041
  6.2589402737E+006  2.1863370923E+041
  6.2748324248E+006  2.1858952203E+041
  6.2933936755E+006  2.1822231770E+041
  6.3095231481E+006  2.1619919202E+041
  6.3260548187E+006  2.1597031270E+041
  6.3433515620E+006  2.1627065466E+041
  6.3605168273E+006  2.1508590189E+041
  6.3768648179E+006  2.1480904705E+041
  6.3945463021E+006  2.1493145793E+041
  6.4106089380E+006  2.1317847991E+041
  6.4282366962E+006  2.1279670897E+041
  6.4446557333E+006  2.1239131022E+041
  6.4621894933E+006  2.1069132715E+041
  6.4784090291E+006  2.0994849645E+041
  6.4963496373E+006  2.0917218034E+041
  6.5135107508E+006  2.0716694760E+041
  6.5305569542E+006  2.0669125661E+041
  6.5477437091E+006  2.0593958217E+041
  6.5646253736E+006  2.0407928238E+041
  6.5817036702E+006  2.0357225258E+041
  6.5991243616E+006  2.0366219323E+041
  6.6144070625E+006  2.0202670521E+041
  6.6319823598E+006  2.0190195165E+041
  6.6487686940E+006  2.0178305215E+041
  6.6670957462E+006  2.0018892988E+041
  6.6822938335E+006  2.0008603936E+041
  6.6997072154E+006  1.9996888741E+041
  6.7166264203E+006  1.9866659128E+041
  6.7342378140E+006  1.9855196777E+041
  6.7511147835E+006  1.9881414750E+041
  6.7680756268E+006  1.9725468751E+041
  6.7851023766E+006  1.9725468751E+041
  6.8036987459E+006  1.9576178897E+041
  6.8197355115E+006  1.9576178897E+041
  6.8387981863E+006  1.9576178897E+041
  6.8545791782E+006  1.9436607736E+041
  6.8724339220E+006  1.9436607736E+041
  6.8926349258E+006  1.9436607736E+041
  6.9106909052E+006  1.9284687787E+041
  6.9254526816E+006  1.9284687787E+041
  6.9469155671E+006  1.9284687787E+041
  6.9644626803E+006  1.9187176164E+041
  6.9769040708E+006  1.9187176164E+041
  6.9967570188E+006  1.9187176164E+041
  7.0181364723E+006  1.9004309793E+041
  7.0332950985E+006  1.9004309793E+041
  7.0492211301E+006  1.9004309793E+041
  7.0659534171E+006  1.8877312293E+041
  7.0835327761E+006  1.8877312293E+041
  7.1020020901E+006  1.8877312293E+041
  7.1210020901E+006  1.8723144151E+041
  7.1400020901E+006  1.8723144151E+041
  7.1495020901E+006  1.8723144151E+041
  7.1685020901E+006  1.8578156614E+041
  7.1875020901E+006  1.8578156614E+041
  7.2065020901E+006  1.8578156614E+041
  7.2255020901E+006  1.8455224256E+041
  7.2350020901E+006  1.8455224256E+041
  7.2540020901E+006  1.8455224256E+041
  7.2730020901E+006  1.8321237931E+041
  7.2920020901E+006  1.8321237931E+041
  7.3110020901E+006  1.8207173035E+041
  7.3205020901E+006  1.8207173035E+041
  7.3395020901E+006  1.8207173035E+041
  7.3585020901E+006  1.8207173035E+041
  7.3727520901E+006  1.8033818118E+041
  7.3877265393E+006  1.8033818118E+041
  7.4038523833E+006  1.8033818118E+041
  7.4212181535E+006  1.7916351099E+041
  7.4338426348E+006  1.7916351099E+041
  7.4514818894E+006  1.7916351099E+041
  7.4672481366E+006  1.7808033248E+041
  7.4823945260E+006  1.7808033248E+041
  7.4998518264E+006  1.7808033248E+041
  7.5174145574E+006  1.7645267327E+041
  7.5345705380E+006  1.7645267327E+041
  7.5515399795E+006  1.7645267327E+041
  7.5680300405E+006  1.7541334926E+041
  7.5837889544E+006  1.7541334926E+041
  7.6017130013E+006  1.7541334926E+041
  7.6174453725E+006  1.7410137933E+041
  7.6363440158E+006  1.7410137933E+041
  7.6524392125E+006  1.7292935697E+041
  7.6694324989E+006  1.7292935697E+041
  7.6858003496E+006  1.7292935697E+041
  7.7035579669E+006  1.7178790935E+041
  7.7198276646E+006  1.7178790935E+041
  7.7375541618E+006  1.7178790935E+041
  7.7536292533E+006  1.7001025526E+041
  7.7711837473E+006  1.7001025526E+041
  7.7879908630E+006  1.7001025526E+041
  7.8042216398E+006  1.6891934029E+041
  7.8214822601E+006  1.6891934029E+041
  7.8380627801E+006  1.6891934029E+041
  7.8561654388E+006  1.6771283239E+041
  7.8743781421E+006  1.6771283239E+041
  7.8899306285E+006  1.6771283239E+041
  7.9072353620E+006  1.6628482385E+041
  7.9261353411E+006  1.6628482385E+041
  7.9406940345E+006  1.6628482385E+041
  7.9583795840E+006  1.6516349619E+041
  7.9768836068E+006  1.6516349619E+041
  7.9930585533E+006  1.6516349619E+041
  8.0102825101E+006  1.6385867714E+041
  8.0283035781E+006  1.6385867714E+041
  8.0453673149E+006  1.6385867714E+041
  8.0598273523E+006  1.6255996020E+041
  8.0781695835E+006  1.6255996020E+041
  8.0964783914E+006  1.6255996020E+041
  8.1115589185E+006  1.6099900270E+041
  8.1289867225E+006  1.6099900270E+041
  8.1444779710E+006  1.6099900270E+041
  8.1625000058E+006  1.5991603315E+041
  8.1787900932E+006  1.5991603315E+041
  8.1959136637E+006  1.5991603315E+041
  8.2125709889E+006  1.5864401530E+041
  8.2308733927E+006  1.5864401530E+041
  8.2463242348E+006  1.5864401530E+041
  8.2641489460E+006  1.5747380742E+041
  8.2811956197E+006  1.5747380742E+041
  8.2989890933E+006  1.5747380742E+041
  8.3144217365E+006  1.5627173082E+041
  8.3324175442E+006  1.5627173082E+041
  8.3488441588E+006  1.5627173082E+041
  8.3659428098E+006  1.5503326499E+041
  8.3842006181E+006  1.5503326499E+041
  8.4003885504E+006  1.5503326499E+041
  8.4181906600E+006  1.5385579639E+041
  8.4354664936E+006  1.5385579639E+041
  8.4515002299E+006  1.5285829650E+041
  8.4678284578E+006  1.5285829650E+041
  8.4864000374E+006  1.5285829650E+041
  8.5039850411E+006  1.5157418286E+041
  8.5216762467E+006  1.5157418286E+041
  8.5373116595E+006  1.5157418286E+041
  8.5544052354E+006  1.5027341055E+041
  8.5723982762E+006  1.5027341055E+041
  8.5904999832E+006  1.5027341055E+041
  8.6059604282E+006  1.4924649255E+041
  8.6222018270E+006  1.4924649255E+041
  8.6379844123E+006  1.4924649255E+041
  8.6547905619E+006  1.4808153306E+041
  8.6723744867E+006  1.4808153306E+041
  8.6890745797E+006  1.4808153306E+041
  8.7061094851E+006  1.4698687029E+041
  8.7231588181E+006  1.4698687029E+041
  8.7403247964E+006  1.4698687029E+041
  8.7567579343E+006  1.4546300215E+041
  8.7739139033E+006  1.4546300215E+041
  8.7906646015E+006  1.4546300215E+041
  8.8087895825E+006  1.4456015464E+041
  8.8251906358E+006  1.4456015464E+041
  8.8415821975E+006  1.4456015464E+041
  8.8590849814E+006  1.4344067827E+041
  8.8764990108E+006  1.4344067827E+041
  8.8931292171E+006  1.4344067827E+041
  8.9099906225E+006  1.4226525888E+041
  8.9266111318E+006  1.4226525888E+041
  8.9438020246E+006  1.4226525888E+041
  8.9613613019E+006  1.4120854292E+041
  8.9781883282E+006  1.4120854292E+041
  8.9944068886E+006  1.4120854292E+041
  9.0122426805E+006  1.4014009450E+041
  9.0285442623E+006  1.4014009450E+041
  9.0469278740E+006  1.4014009450E+041
  9.0645448586E+006  1.3891469371E+041
  9.0794358050E+006  1.3891469371E+041
  9.0981089124E+006  1.3891469371E+041
  9.1132508800E+006  1.3757856823E+041
  9.1313324001E+006  1.3757856823E+041
  9.1497764283E+006  1.3757856823E+041
  9.1653664421E+006  1.3656492328E+041
  9.1830568106E+006  1.3656492328E+041
  9.1981953228E+006  1.3656492328E+041
  9.2169067814E+006  1.3539795442E+041
  9.2348379413E+006  1.3539795442E+041
  9.2504198735E+006  1.3539795442E+041
  9.2680689428E+006  1.3435569025E+041
  9.2851962603E+006  1.3435569025E+041
  9.3005371967E+006  1.3435569025E+041
  9.3195100059E+006  1.3340782085E+041
  9.3356683665E+006  1.3340782085E+041
  9.3526769809E+006  1.3239940975E+041
  9.3690220625E+006  1.3239940975E+041
  9.3860894017E+006  1.3239940975E+041
  9.4047953067E+006  1.3119309507E+041
  9.4214600362E+006  1.3119309507E+041
  9.4407860133E+006  1.3119309507E+041
  9.4592285283E+006  1.2995372556E+041
  9.4757127424E+006  1.2995372556E+041
  9.4939082305E+006  1.2995372556E+041
  9.5087840629E+006  1.2900102922E+041
  9.5304127803E+006  1.2900102922E+041
  9.5480954704E+006  1.2900102922E+041
  9.5606329886E+006  1.2792455853E+041
  9.5806393294E+006  1.2792455853E+041
  9.6021839703E+006  1.2792455853E+041
  9.6174597188E+006  1.2698662692E+041
  9.6294469970E+006  1.2698662692E+041
  9.6467353736E+006  1.2698662692E+041
  9.6608695915E+006  1.2594583206E+041
  9.6814200384E+006  1.2594583206E+041
  9.6982211819E+006  1.2594583206E+041
  9.7163141757E+006  1.2469958064E+041
  9.7357983512E+006  1.2469958064E+041
  9.7496131726E+006  1.2469958064E+041
  9.7642192029E+006  1.2383581892E+041
  9.7802450448E+006  1.2383581892E+041
  9.7979345756E+006  1.2383581892E+041
  9.8174605077E+006  1.2274458972E+041
  9.8334240529E+006  1.2274458972E+041
  9.8506150450E+006  1.2274458972E+041
  9.8664345051E+006  1.2191445471E+041
  9.8843327723E+006  1.2191445471E+041
  9.9003305290E+006  1.2191445471E+041
  9.9179890591E+006  1.2074030038E+041
  9.9329809270E+006  1.2074030038E+041
  9.9503668976E+006  1.2074030038E+041
  9.9669580910E+006  1.1968273501E+041
  9.9825573096E+006  1.1968273501E+041
  9.9989773598E+006  1.1968273501E+041
  1.0015533150E+007  1.1873896821E+041
  1.0032752971E+007  1.1873896821E+041
  1.0049941414E+007  1.1873896821E+041
  1.0066102876E+007  1.1782202103E+041
  1.0083722261E+007  1.1782202103E+041
  1.0100172122E+007  1.1782202103E+041
  1.0117514321E+007  1.1674329611E+041
  1.0134343840E+007  1.1674329611E+041
  1.0150554901E+007  1.1674329611E+041
  1.0169197823E+007  1.1565665382E+041
  1.0187289613E+007  1.1565665382E+041
  1.0202591592E+007  1.1496239593E+041
  1.0219273961E+007  1.1496239593E+041
  1.0236039236E+007  1.1496239593E+041
  1.0252869658E+007  1.1390096540E+041
  1.0271251600E+007  1.1390096540E+041
  1.0286487652E+007  1.1390096540E+041
  1.0305496358E+007  1.1286155972E+041
  1.0320638309E+007  1.1286155972E+041
  1.0338157868E+007  1.1286155972E+041
  1.0356028669E+007  1.1197013114E+041
  1.0372180628E+007  1.1197013114E+041
  1.0389321192E+007  1.1197013114E+041
  1.0406157486E+007  1.1096263667E+041
  1.0423189883E+007  1.1096263667E+041
  1.0440563755E+007  1.1096263667E+041
  1.0457601461E+007  1.1004881428E+041
  1.0474682001E+007  1.1004881428E+041
  1.0490392332E+007  1.1004881428E+041
  1.0508910423E+007  1.0915422482E+041
  1.0526656279E+007  1.0915422482E+041
  1.0541365104E+007  1.0915422482E+041
  1.0559716035E+007  1.0820603475E+041
  1.0577524466E+007  1.0820603475E+041
  1.0592586781E+007  1.0820603475E+041
  1.0610884118E+007  1.0731506445E+041
  1.0627107097E+007  1.0731506445E+041
  1.0644947749E+007  1.0731506445E+041
  1.0660245284E+007  1.0644077646E+041
  1.0678633904E+007  1.0644077646E+041
  1.0695273522E+007  1.0644077646E+041
  1.0711903510E+007  1.0541626557E+041
  1.0729660883E+007  1.0541626557E+041
  1.0746395008E+007  1.0541626557E+041
  1.0763267112E+007  1.0453822041E+041
  1.0779418921E+007  1.0453822041E+041
  1.0797925040E+007  1.0453822041E+041
  1.0813722132E+007  1.0362814767E+041
  1.0831536820E+007  1.0362814767E+041
  1.0848608607E+007  1.0362814767E+041
  1.0864661772E+007  1.0284479003E+041
  1.0881885068E+007  1.0284479003E+041
  1.0900696102E+007  1.0284479003E+041
  1.0916917986E+007  1.0193117039E+041
  1.0933273972E+007  1.0193117039E+041
  1.0950285974E+007  1.0193117039E+041
  1.0969635273E+007  1.0113913027E+041
  1.0985141522E+007  1.0113913027E+041
  1.1003124017E+007  1.0113913027E+041
  1.1020284466E+007  1.0010946410E+041
  1.1039699938E+007  1.0010946410E+041
  1.1057053797E+007  9.9238221193E+040
  1.1076209210E+007  9.9238221193E+040
  1.1091869835E+007  9.9238221193E+040
  1.1108734616E+007  9.8481509851E+040
  1.1126896139E+007  9.8481509851E+040
  1.1146454114E+007  9.8481509851E+040
  1.1160321261E+007  9.7582634066E+040
  1.1182449315E+007  9.7582634066E+040
  1.1198138719E+007  9.7582634066E+040
  1.1214622399E+007  9.6712580994E+040
  1.1231940565E+007  9.6712580994E+040
  1.1250135464E+007  9.6712580994E+040
  1.1269075472E+007  9.5929266213E+040
  1.1288075472E+007  9.5929266213E+040
  1.1297575472E+007  9.5929266213E+040
  1.1316575472E+007  9.5033433357E+040
  1.1335575472E+007  9.5033433357E+040
  1.1354575472E+007  9.5033433357E+040
  1.1368825472E+007  9.4249628245E+040
  1.1378684690E+007  9.4249628245E+040
  1.1399925765E+007  9.4249628245E+040
  1.1417291535E+007  9.3337386656E+040
  1.1435992570E+007  9.3337386656E+040
  1.1449252123E+007  9.3337386656E+040
  1.1470410628E+007  9.2623401197E+040
  1.1485412595E+007  9.2623401197E+040
  1.1501174037E+007  9.2623401197E+040
  1.1517733402E+007  9.1821201853E+040
  1.1535131085E+007  9.1821201853E+040
  1.1553409525E+007  9.1821201853E+040
  1.1567993141E+007  9.0986775995E+040
  1.1583698101E+007  9.0986775995E+040
  1.1600610625E+007  9.0986775995E+040
  1.1618823563E+007  9.0235898312E+040
  1.1638436906E+007  9.0235898312E+040
  1.1652343310E+007  9.0235898312E+040
  1.1674534007E+007  8.9368021533E+040
  1.1690267827E+007  8.9368021533E+040
  1.1706798172E+007  8.9368021533E+040
  1.1719987054E+007  8.8593608366E+040
  1.1739163031E+007  8.8593608366E+040
  1.1754840468E+007  8.8593608366E+040
  1.1771723352E+007  8.7822379870E+040
  1.1789904372E+007  8.7822379870E+040
  1.1809483343E+007  8.7029502493E+040
  1.1823365376E+007  8.7029502493E+040
  1.1838042468E+007  8.7029502493E+040
  1.1854146279E+007  8.7029502493E+040
  1.1871921874E+007  8.6295810448E+040
  1.1888998612E+007  8.6295810448E+040
  1.1905656532E+007  8.5628373562E+040
  1.1921552958E+007  8.5628373562E+040
  1.1937743140E+007  8.5628373562E+040
  1.1955075907E+007  8.4900910639E+040
  1.1971919029E+007  8.4900910639E+040
  1.1988015349E+007  8.4900910639E+040
  1.2006323160E+007  8.4228780524E+040
  1.2021807849E+007  8.4228780524E+040
  1.2038689409E+007  8.4228780524E+040
  1.2054733701E+007  8.3407816741E+040
  1.2072190867E+007  8.3407816741E+040
  1.2089131954E+007  8.3407816741E+040
  1.2106686448E+007  8.2718945119E+040
  1.2123508891E+007  8.2718945119E+040
  1.2139214709E+007  8.2718945119E+040
  1.2157386675E+007  8.2009834315E+040
  1.2175922962E+007  8.2009834315E+040
  1.2191590959E+007  8.2009834315E+040
  1.2209369817E+007  8.1282487653E+040
  1.2224450347E+007  8.1282487653E+040
  1.2242218838E+007  8.1282487653E+040
  1.2259004042E+007  8.0557302811E+040
  1.2275897899E+007  8.0557302811E+040
  1.2292653688E+007  8.0557302811E+040
  1.2309517939E+007  7.9858342510E+040
  1.2327525590E+007  7.9858342510E+040
  1.2343203629E+007  7.9858342510E+040
  1.2360746031E+007  7.9159478863E+040
  1.2377714031E+007  7.9159478863E+040
  1.2394737309E+007  7.9159478863E+040
  1.2411151365E+007  7.8449839506E+040
  1.2429517310E+007  7.8449839506E+040
  1.2445300332E+007  7.8449839506E+040
  1.2463186926E+007  7.7768033057E+040
  1.2480290460E+007  7.7768033057E+040
  1.2497307265E+007  7.7768033057E+040
  1.2515266188E+007  7.7088786769E+040
  1.2530587078E+007  7.7088786769E+040
  1.2548646127E+007  7.7088786769E+040
  1.2565952083E+007  7.6418385933E+040
  1.2582051277E+007  7.6418385933E+040
  1.2598669522E+007  7.6418385933E+040
  1.2616819729E+007  7.5711934542E+040
  1.2634936862E+007  7.5711934542E+040
  1.2651077066E+007  7.5711934542E+040
  1.2668218971E+007  7.5053722062E+040
  1.2685555515E+007  7.5053722062E+040
  1.2701971093E+007  7.5053722062E+040
  1.2721484056E+007  7.4417392146E+040
  1.2737637817E+007  7.4417392146E+040
  1.2755914316E+007  7.3660405621E+040
  1.2770445843E+007  7.3660405621E+040
  1.2787662234E+007  7.3660405621E+040
  1.2803676020E+007  7.3106014487E+040
  1.2820119407E+007  7.3106014487E+040
  1.2837097073E+007  7.3106014487E+040
  1.2855312257E+007  7.2456642047E+040
  1.2870930936E+007  7.2456642047E+040
  1.2888138843E+007  7.2456642047E+040
  1.2904761735E+007  7.1783540469E+040
  1.2921740840E+007  7.1783540469E+040
  1.2938034560E+007  7.1783540469E+040
  1.2956499918E+007  7.1162645182E+040
  1.2973251585E+007  7.1162645182E+040
  1.2989891084E+007  7.1162645182E+040
  1.3008431111E+007  7.0551753313E+040
  1.3024263112E+007  7.0551753313E+040
  1.3041878852E+007  7.0551753313E+040
  1.3058082684E+007  6.9820424394E+040
  1.3075140335E+007  6.9820424394E+040
  1.3092539967E+007  6.9820424394E+040
  1.3109310428E+007  6.9318452347E+040
  1.3125999076E+007  6.9318452347E+040
  1.3143460062E+007  6.9318452347E+040
  1.3160788322E+007  6.8650244688E+040
  1.3177291546E+007  6.8650244688E+040
  1.3196062165E+007  6.8650244688E+040
  1.3211137973E+007  6.8004990310E+040
  1.3228610083E+007  6.8004990310E+040
  1.3246890789E+007  6.8004990310E+040
  1.3264200371E+007  6.7380019776E+040
  1.3278868741E+007  6.7380019776E+040
  1.3297475237E+007  6.7380019776E+040
  1.3313520736E+007  6.6812429189E+040
  1.3330235409E+007  6.6812429189E+040
  1.3348356276E+007  6.6812429189E+040
  1.3366444123E+007  6.6247878543E+040
  1.3380575307E+007  6.6247878543E+040
  1.3398664418E+007  6.6247878543E+040
  1.3414383607E+007  6.5691841877E+040
  1.3432188141E+007  6.5691841877E+040
  1.3448408930E+007  6.5691841877E+040
  1.3466312729E+007  6.5029285129E+040
  1.3483469911E+007  6.5029285129E+040
  1.3500006688E+007  6.5029285129E+040
  1.3518192427E+007  6.4510399907E+040
  1.3533785859E+007  6.4510399907E+040
  1.3550965949E+007  6.4510399907E+040
  1.3568490475E+007  6.3896787399E+040
  1.3584649726E+007  6.3896787399E+040
  1.3601878376E+007  6.3380977212E+040
  1.3618855677E+007  6.3380977212E+040
  1.3636403603E+007  6.3380977212E+040
  1.3654303338E+007  6.2744773581E+040
  1.3670006292E+007  6.2744773581E+040
  1.3688064885E+007  6.2744773581E+040
  1.3705589619E+007  6.2238452452E+040
  1.3722183389E+007  6.2238452452E+040
  1.3738129811E+007  6.2238452452E+040
  1.3756869864E+007  6.1673630689E+040
  1.3773030537E+007  6.1673630689E+040
  1.3788917196E+007  6.1673630689E+040
  1.3807624408E+007  6.1086149995E+040
  1.3823130061E+007  6.1086149995E+040
  1.3840635230E+007  6.1086149995E+040
  1.3858950523E+007  6.0543731088E+040
  1.3874441542E+007  6.0543731088E+040
  1.3891330002E+007  6.0543731088E+040
  1.3910538785E+007  5.9993025776E+040
  1.3925580577E+007  5.9993025776E+040
  1.3943292920E+007  5.9993025776E+040
  1.3960972989E+007  5.9516527445E+040
  1.3975535638E+007  5.9516527445E+040
  1.3994287854E+007  5.9516527445E+040
  1.4011506472E+007  5.8925055924E+040
  1.4026982078E+007  5.8925055924E+040
  1.4045244861E+007  5.8925055924E+040
  1.4062014074E+007  5.8475847305E+040
  1.4079665683E+007  5.8475847305E+040
  1.4094892726E+007  5.8475847305E+040
  1.4112173267E+007  5.7923489482E+040
  1.4131112843E+007  5.7923489482E+040
  1.4146712918E+007  5.7923489482E+040
  1.4164741137E+007  5.7383122525E+040
  1.4181512229E+007  5.7383122525E+040
  1.4197177521E+007  5.7383122525E+040
  1.4215624061E+007  5.6870918533E+040
  1.4231216199E+007  5.6870918533E+040
  1.4248908977E+007  5.6870918533E+040
  1.4264213351E+007  5.6307440454E+040
  1.4282234006E+007  5.6307440454E+040
  1.4300615948E+007  5.6307440454E+040
  1.4316515668E+007  5.5838844477E+040
  1.4334587259E+007  5.5838844477E+040
  1.4350107759E+007  5.5838844477E+040
  1.4368065307E+007  5.5401529561E+040
  1.4384340982E+007  5.5401529561E+040
  1.4401565574E+007  5.4811950179E+040
  1.4418706138E+007  5.4811950179E+040
  1.4435542432E+007  5.4811950179E+040
  1.4452574829E+007  5.4390763694E+040
  1.4469948701E+007  5.4390763694E+040
  1.4486460887E+007  5.4390763694E+040
  1.4502718391E+007  5.3860422008E+040
  1.4521862286E+007  5.3860422008E+040
  1.4537102884E+007  5.3860422008E+040
  1.4555037662E+007  5.3395913126E+040
  1.4572442243E+007  5.3395913126E+040
  1.4588922241E+007  5.3395913126E+040
  1.4608511781E+007  5.2881449570E+040
  1.4624728936E+007  5.2881449570E+040
  1.4639647159E+007  5.2881449570E+040
  1.4657771697E+007  5.2457558415E+040
  1.4673918499E+007  5.2457558415E+040
  1.4692643838E+007  5.2457558415E+040
  1.4710513173E+007  5.1938810571E+040
  1.4726485069E+007  5.1938810571E+040
  1.4744115054E+007  5.1938810571E+040
  1.4763575259E+007  5.1474558519E+040
  1.4779485068E+007  5.1474558519E+040
  1.4796618193E+007  5.1474558519E+040
  1.4815068694E+007  5.1027791107E+040
  1.4834937866E+007  5.1027791107E+040
  1.4849025660E+007  5.1027791107E+040
  1.4871505804E+007  5.0545219612E+040
  1.4887444850E+007  5.0545219612E+040
  1.4904190811E+007  5.0545219612E+040
  1.4921784536E+007  5.0081175958E+040
  1.4940268943E+007  5.0081175958E+040
  1.4959268943E+007  5.0081175958E+040
  1.4968887693E+007  4.9571216874E+040
  1.4984236503E+007  4.9571216874E+040
  1.5000765493E+007  4.9571216874E+040
  1.5018565408E+007  4.9255819438E+040
  1.5037733969E+007  4.9255819438E+040
  1.5058376412E+007  4.8806041302E+040
  1.5073012478E+007  4.8806041302E+040
  1.5088389494E+007  4.8806041302E+040
  1.5100456240E+007  4.8806041302E+040
  1.5117859227E+007  4.8374631731E+040
  1.5137068868E+007  4.8374631731E+040
  1.5152773828E+007  4.8374631731E+040
  1.5175608055E+007  4.7937431179E+040
  1.5187899290E+007  4.7937431179E+040
  1.5204659163E+007  4.7542518343E+040
  1.5219639406E+007  4.7542518343E+040
  1.5240570191E+007  4.7542518343E+040
  1.5252410822E+007  4.7542518343E+040
  1.5271646646E+007  4.7083042930E+040
  1.5286146744E+007  4.7083042930E+040
  1.5304070791E+007  4.6684254411E+040
  1.5321042661E+007  4.6684254411E+040
  1.5335683331E+007  4.6684254411E+040
  1.5354382899E+007  4.6246842785E+040
  1.5369453370E+007  4.6246842785E+040
  1.5387858759E+007  4.6246842785E+040
  1.5405720037E+007  4.5791754267E+040
  1.5420541252E+007  4.5791754267E+040
  1.5438445286E+007  4.5791754267E+040
  1.5457177906E+007  4.5446956860E+040
  1.5471517710E+007  4.5446956860E+040
  1.5490295171E+007  4.5446956860E+040
  1.5507536971E+007  4.5028251603E+040
  1.5523203556E+007  4.5028251603E+040
  1.5540025999E+007  4.5028251603E+040
  1.5559159693E+007  4.4620771914E+040
  1.5574142686E+007  4.4620771914E+040
  1.5591785791E+007  4.4620771914E+040
  1.5607468417E+007  4.4229917790E+040
  1.5625713093E+007  4.4229917790E+040
  1.5641357061E+007  4.4229917790E+040
  1.5658592829E+007  4.3834317311E+040
  1.5676174150E+007  4.3834317311E+040
  1.5693119729E+007  4.3834317311E+040
  1.5709982642E+007  4.3415408514E+040
  1.5727625957E+007  4.3415408514E+040
  1.5743683024E+007  4.3415408514E+040
  1.5761810712E+007  4.3060105558E+040
  1.5778455879E+007  4.3060105558E+040
  1.5794630825E+007  4.3060105558E+040
  1.5811854782E+007  4.2666531190E+040
  1.5829875850E+007  4.2666531190E+040
  1.5846939587E+007  4.2666531190E+040
  1.5864106377E+007  4.2232571904E+040
  1.5884014591E+007  4.2232571904E+040
  1.5899023177E+007  4.2232571904E+040
  1.5919993564E+007  4.1769212239E+040
  1.5931622302E+007  4.1769212239E+040
  1.5950424466E+007  4.1769212239E+040
  1.5969340183E+007  4.1525445089E+040
  1.5987391192E+007  4.1525445089E+040
  1.5999800722E+007  4.1525445089E+040
  1.6016804704E+007  4.1085788322E+040
  1.6037017094E+007  4.1085788322E+040
  1.6050621863E+007  4.1085788322E+040
  1.6069455881E+007  4.0751223838E+040
  1.6084682879E+007  4.0751223838E+040
  1.6100809654E+007  4.0751223838E+040
  1.6119152104E+007  4.0325403920E+040
  1.6134666090E+007  4.0325403920E+040
  1.6153512107E+007  4.0016323615E+040
  1.6168577147E+007  4.0016323615E+040
  1.6185640752E+007  4.0016323615E+040
  1.6204277375E+007  3.9696777034E+040
  1.6220030181E+007  3.9696777034E+040
  1.6237905274E+007  3.9696777034E+040
  1.6254318503E+007  3.9342837136E+040
  1.6271647567E+007  3.9342837136E+040
  1.6289324053E+007  3.9342837136E+040
  1.6304596826E+007  3.8940043390E+040
  1.6323225629E+007  3.8940043390E+040
  1.6340109690E+007  3.8940043390E+040
  1.6355779821E+007  3.8593252381E+040
  1.6373561101E+007  3.8593252381E+040
  1.6389915958E+007  3.8593252381E+040
  1.6407585027E+007  3.8264632712E+040
  1.6425608336E+007  3.8264632712E+040
  1.6441270344E+007  3.8264632712E+040
  1.6459010112E+007  3.7966221694E+040
  1.6476225448E+007  3.7966221694E+040
  1.6491893013E+007  3.7966221694E+040
  1.6509580972E+007  3.7571984599E+040
  1.6528087515E+007  3.7571984599E+040
  1.6542579405E+007  3.7571984599E+040
  1.6561594021E+007  3.7275508720E+040
  1.6579053580E+007  3.7275508720E+040
  1.6594918029E+007  3.7275508720E+040
  1.6611952935E+007  3.6906889916E+040
  1.6628956799E+007  3.6906889916E+040
  1.6646855408E+007  3.6906889916E+040
  1.6664862112E+007  3.6535084751E+040
  1.6680330529E+007  3.6535084751E+040
  1.6696890592E+007  3.6535084751E+040
  1.6714322048E+007  3.6288670065E+040
  1.6731858777E+007  3.6288670065E+040
  1.6748593838E+007  3.6288670065E+040
  1.6767528023E+007  3.5942081600E+040
  1.6784451699E+007  3.5942081600E+040
  1.6803132272E+007  3.5942081600E+040
  1.6818404688E+007  3.5625295735E+040
  1.6840610018E+007  3.5625295735E+040
  1.6858764121E+007  3.5284907407E+040
  1.6871635885E+007  3.5284907407E+040
  1.6892175587E+007  3.5284907407E+040
  1.6906738805E+007  3.5284907407E+040
  1.6929977593E+007  3.4938238012E+040
  1.6946454538E+007  3.4938238012E+040
  1.6963765629E+007  3.4628044993E+040
  1.6981953093E+007  3.4628044993E+040
  1.7000889244E+007  3.4628044993E+040
  1.7010389244E+007  3.4314429547E+040
  1.7029389244E+007  3.4314429547E+040
  1.7048389244E+007  3.4314429547E+040
  1.7067389244E+007  3.3946613667E+040
  1.7081639244E+007  3.3946613667E+040
  1.7091498463E+007  3.3946613667E+040
  1.7112739537E+007  3.3753294496E+040
  1.7130105307E+007  3.3753294496E+040
  1.7142418121E+007  3.3753294496E+040
  1.7162065896E+007  3.3405107369E+040
  1.7183224400E+007  3.3405107369E+040
  1.7198226368E+007  3.3405107369E+040
  1.7213987810E+007  3.3064097728E+040
  1.7230547174E+007  3.3064097728E+040
  1.7247944857E+007  3.3064097728E+040
  1.7266223298E+007  3.2789557973E+040
  1.7280456649E+007  3.2789557973E+040
  1.7295431098E+007  3.2789557973E+040
  1.7311556942E+007  3.2554230698E+040
  1.7335003114E+007  3.2554230698E+040
  1.7347623747E+007  3.2554230698E+040
  1.7367762717E+007  3.2211804726E+040
  1.7382041805E+007  3.2211804726E+040
  1.7404827201E+007  3.2211804726E+040
  1.7420982679E+007  3.1967691750E+040
  1.7437956028E+007  3.1967691750E+040
  1.7455788652E+007  3.1967691750E+040
  1.7474524054E+007  3.1669281747E+040
  1.7488774054E+007  3.1669281747E+040
  1.7498633273E+007  3.1669281747E+040
  1.7519874347E+007  3.1364487444E+040
  1.7537240117E+007  3.1364487444E+040
  1.7555941152E+007  3.1364487444E+040
  1.7569200705E+007  3.1099709036E+040
  1.7590359210E+007  3.1099709036E+040
  1.7605361177E+007  3.1099709036E+040
  1.7621122619E+007  3.0829144513E+040
  1.7633698026E+007  3.0829144513E+040
  1.7651982039E+007  3.0829144513E+040
  1.7672164168E+007  3.0527675252E+040
  1.7688664192E+007  3.0527675252E+040
  1.7706432912E+007  3.0279569569E+040
  1.7719350328E+007  3.0279569569E+040
  1.7737398878E+007  3.0279569569E+040
  1.7753530961E+007  3.0279569569E+040
  1.7769028802E+007  2.9998513174E+040
  1.7786891177E+007  2.9998513174E+040
  1.7804861428E+007  2.9751659235E+040
  1.7819112211E+007  2.9751659235E+040
  1.7836475406E+007  2.9751659235E+040
  1.7851978189E+007  2.9465324336E+040
  1.7869945143E+007  2.9465324336E+040
  1.7886442719E+007  2.9465324336E+040
  1.7903133790E+007  2.9215808957E+040
  1.7920044987E+007  2.9215808957E+040
  1.7938102499E+007  2.9215808957E+040
  1.7954747652E+007  2.9013706352E+040
  1.7972927246E+007  2.9013706352E+040
  1.7987459644E+007  2.9013706352E+040
  1.8004916810E+007  2.8710746863E+040
  1.8023983273E+007  2.8710746863E+040
  1.8038392358E+007  2.8710746863E+040
  1.8055798540E+007  2.8465118964E+040
  1.8074010266E+007  2.8465118964E+040
  1.8090912606E+007  2.8465118964E+040
  1.8108125392E+007  2.8182113590E+040
  1.8125306812E+007  2.8182113590E+040
  1.8141835589E+007  2.8182113590E+040
  1.8159888079E+007  2.7965017236E+040
  1.8175455825E+007  2.7965017236E+040
  1.8191985536E+007  2.7965017236E+040
  1.8210006390E+007  2.7694058927E+040
  1.8227994405E+007  2.7694058927E+040
  1.8243301967E+007  2.7694058927E+040
  1.8261291239E+007  2.7448482617E+040
  1.8279247731E+007  2.7448482617E+040
  1.8294248151E+007  2.7448482617E+040
  1.8311767903E+007  2.7231752473E+040
  1.8329255731E+007  2.7231752473E+040
  1.8345698689E+007  2.7231752473E+040
  1.8363624965E+007  2.6937645671E+040
  1.8379113559E+007  2.6937645671E+040
  1.8396327473E+007  2.6937645671E+040
  1.8415128260E+007  2.6758467481E+040
  1.8431341307E+007  2.6758467481E+040
  1.8446921858E+007  2.6758467481E+040
  1.8465231945E+007  2.6518892704E+040
  1.8483508667E+007  2.6518892704E+040
  1.8498562765E+007  2.6518892704E+040
  1.8515960027E+007  2.6252803230E+040
  1.8533325588E+007  2.6252803230E+040
  1.8551604925E+007  2.6252803230E+040
  1.8565934018E+007  2.5997846671E+040
  1.8583829090E+007  2.5997846671E+040
  1.8600773525E+007  2.5997846671E+040
  1.8617430658E+007  2.5801215743E+040
  1.8634858669E+007  2.5801215743E+040
  1.8651646228E+007  2.5549512432E+040
  1.8669115959E+007  2.5549512432E+040
  1.8687394175E+007  2.5549512432E+040
  1.8701707268E+007  2.5341619289E+040
  1.8720487288E+007  2.5341619289E+040
  1.8735413713E+007  2.5341619289E+040
  1.8753620061E+007  2.5153416360E+040
  1.8770121234E+007  2.5153416360E+040
  1.8787036987E+007  2.5153416360E+040
  1.8804870349E+007  2.4873051492E+040
  1.8822176511E+007  2.4873051492E+040
  1.8838563321E+007  2.4873051492E+040
  1.8855962706E+007  2.4669786586E+040
  1.8872817178E+007  2.4669786586E+040
  1.8891289779E+007  2.4669786586E+040
  1.8907009716E+007  2.4443211620E+040
  1.8923424286E+007  2.4443211620E+040
  1.8941414752E+007  2.4443211620E+040
  1.8957584073E+007  2.4209253261E+040
  1.8974708854E+007  2.4209253261E+040
  1.8991802430E+007  2.4209253261E+040
  1.9009795470E+007  2.4007401223E+040
  1.9025317047E+007  2.4007401223E+040
  1.9042931842E+007  2.4007401223E+040
  1.9059610888E+007  2.3790437329E+040
  1.9079437032E+007  2.3790437329E+040
  1.9093076411E+007  2.3790437329E+040
  1.9112012375E+007  2.3602515784E+040
  1.9129942406E+007  2.3602515784E+040
  1.9147980722E+007  2.3602515784E+040
  1.9163387026E+007  2.3389448301E+040
  1.9179571549E+007  2.3389448301E+040
  1.9196607702E+007  2.3389448301E+040
  1.9213746743E+007  2.3180320648E+040
  1.9233622775E+007  2.3180320648E+040
  1.9246664123E+007  2.3180320648E+040
  1.9264062540E+007  2.2990583452E+040
  1.9282376462E+007  2.2990583452E+040
  1.9297696815E+007  2.2990583452E+040
  1.9314761830E+007  2.2783196324E+040
  1.9333465187E+007  2.2783196324E+040
  1.9348652003E+007  2.2783196324E+040
  1.9365597505E+007  2.2591273777E+040
  1.9382512128E+007  2.2591273777E+040
  1.9400316800E+007  2.2591273777E+040
  1.9416024807E+007  2.2382964515E+040
  1.9433890952E+007  2.2382964515E+040
  1.9449572502E+007  2.2382964515E+040
  1.9468410095E+007  2.2179709203E+040
  1.9484453298E+007  2.2179709203E+040
  1.9501005845E+007  2.2179709203E+040
  1.9519788422E+007  2.1979726344E+040
  1.9535861592E+007  2.1979726344E+040
  1.9552452974E+007  2.1784391950E+040
  1.9570573840E+007  2.1784391950E+040
  1.9586470786E+007  2.1784391950E+040
  1.9603013713E+007  2.1616259865E+040
  1.9620322233E+007  2.1616259865E+040
  1.9636994692E+007  2.1616259865E+040
  1.9654344645E+007  2.1421015133E+040
  1.9672497541E+007  2.1421015133E+040
  1.9688561261E+007  2.1421015133E+040
  1.9706313798E+007  2.1243336359E+040
  1.9722614493E+007  2.1243336359E+040
  1.9739772931E+007  2.1243336359E+040
  1.9756640438E+007  2.1010963762E+040
  1.9774288561E+007  2.1010963762E+040
  1.9790999164E+007  2.1010963762E+040
  1.9808145815E+007  2.0871571686E+040
  1.9824505131E+007  2.0871571686E+040
  1.9842435039E+007  2.0871571686E+040
  1.9858726866E+007  2.0662345738E+040
  1.9876220681E+007  2.0662345738E+040
  1.9891335622E+007  2.0662345738E+040
  1.9909771911E+007  2.0476941044E+040
  1.9926481489E+007  2.0476941044E+040
  1.9942577017E+007  2.0476941044E+040
  1.9961087074E+007  2.0310442977E+040
  1.9979049927E+007  2.0310442977E+040
  1.9993732057E+007  2.0310442977E+040
  2.0011298742E+007  2.0133353439E+040
  2.0029678400E+007  2.0133353439E+040
  2.0044440203E+007  2.0133353439E+040
  2.0063346571E+007  1.9969089896E+040
  2.0079448347E+007  1.9969089896E+040
  2.0099066796E+007  1.9969089896E+040
  2.0113599843E+007  1.9765330755E+040
  2.0131818796E+007  1.9765330755E+040
  2.0147530094E+007  1.9765330755E+040
  2.0166205889E+007  1.9604637880E+040
  2.0184994474E+007  1.9604637880E+040
  2.0202924162E+007  1.9604637880E+040
  2.0216974611E+007  1.9418260664E+040
  2.0233452365E+007  1.9418260664E+040
  2.0250029634E+007  1.9418260664E+040
  2.0269254183E+007  1.9287097034E+040
  2.0284499651E+007  1.9287097034E+040
  2.0300547335E+007  1.9287097034E+040
  2.0319622989E+007  1.9092805876E+040
  2.0334002351E+007  1.9092805876E+040
  2.0351777151E+007  1.9092805876E+040
  2.0368607702E+007  1.8920380837E+040
  2.0388613939E+007  1.8920380837E+040
  2.0402079949E+007  1.8774925987E+040
  2.0420721871E+007  1.8774925987E+040
  2.0438373481E+007  1.8774925987E+040
  2.0453024684E+007  1.8596665455E+040
  2.0471084553E+007  1.8596665455E+040
  2.0489111513E+007  1.8596665455E+040
  2.0503959889E+007  1.8426046379E+040
  2.0521119408E+007  1.8426046379E+040
  2.0540636491E+007  1.8426046379E+040
  2.0554960456E+007  1.8277195714E+040
  2.0573127391E+007  1.8277195714E+040
  2.0589808595E+007  1.8277195714E+040
  2.0606085188E+007  1.8110630269E+040
  2.0623777966E+007  1.8110630269E+040
  2.0642289553E+007  1.8110630269E+040
  2.0657420195E+007  1.7968383600E+040
  2.0675523511E+007  1.7968383600E+040
  2.0692146299E+007  1.7968383600E+040
  2.0708698067E+007  1.7791065985E+040
  2.0725322015E+007  1.7791065985E+040
  2.0744229944E+007  1.7791065985E+040
  2.0759516699E+007  1.7622030361E+040
  2.0777556619E+007  1.7622030361E+040
  2.0794121195E+007  1.7622030361E+040
  2.0810880051E+007  1.7479810252E+040
  2.0827859927E+007  1.7479810252E+040
  2.0844808863E+007  1.7479810252E+040
  2.0861113985E+007  1.7316788055E+040
  2.0878922204E+007  1.7316788055E+040
  2.0894308796E+007  1.7316788055E+040
  2.0913076428E+007  1.7181783190E+040
  2.0930086316E+007  1.7181783190E+040
  2.0946687926E+007  1.7181783190E+040
  2.0964164797E+007  1.7001372112E+040
  2.0980212372E+007  1.7001372112E+040
  2.0997623871E+007  1.7001372112E+040
  2.1014073783E+007  1.6885682879E+040
  2.1032783766E+007  1.6885682879E+040
  2.1048076569E+007  1.6885682879E+040
  2.1066373906E+007  1.6725893761E+040
  2.1083174847E+007  1.6725893761E+040
  2.1100859854E+007  1.6725893761E+040
  2.1115654093E+007  1.6590878283E+040
  2.1134200483E+007  1.6590878283E+040
  2.1152713078E+007  1.6439589996E+040
  2.1169205591E+007  1.6439589996E+040
  2.1188331850E+007  1.6439589996E+040
  2.1202750928E+007  1.6439589996E+040
  2.1222897640E+007  1.6285053786E+040
  2.1236747903E+007  1.6285053786E+040
  2.1255726028E+007  1.6160834909E+040
  2.1271437026E+007  1.6160834909E+040
  2.1289212578E+007  1.6160834909E+040
  2.1309323983E+007  1.6013183903E+040
  2.1322638107E+007  1.6013183903E+040
  2.1341996180E+007  1.6013183903E+040
  2.1357822490E+007  1.5890161609E+040
  2.1374865696E+007  1.5890161609E+040
  2.1393219364E+007  1.5890161609E+040
  2.1412984257E+007  1.5730153314E+040
  2.1434268885E+007  1.5730153314E+040
  2.1449360277E+007  1.5730153314E+040
  2.1465215671E+007  1.5575742769E+040
  2.1481873744E+007  1.5575742769E+040
  2.1499375133E+007  1.5575742769E+040
  2.1517762529E+007  1.5444919604E+040
  2.1536762529E+007  1.5444919604E+040
  2.1555762529E+007  1.5444919604E+040
  2.1574762529E+007  1.5311966235E+040
  2.1584262529E+007  1.5311966235E+040
  2.1603262529E+007  1.5311966235E+040
  2.1622262529E+007  1.5186044157E+040
  2.1641262529E+007  1.5186044157E+040
  2.1650762529E+007  1.5186044157E+040
  2.1669762529E+007  1.5067627761E+040
  2.1688762529E+007  1.5067627761E+040
  2.1707762529E+007  1.5067627761E+040
  2.1726762529E+007  1.4884607624E+040
  2.1736262529E+007  1.4884607624E+040
  2.1755262529E+007  1.4884607624E+040
  2.1764881279E+007  1.4784146535E+040
  2.1785604278E+007  1.4784146535E+040
  2.1802546493E+007  1.4784146535E+040
  2.1820791405E+007  1.4669091700E+040
  2.1840439180E+007  1.4669091700E+040
  2.1854369998E+007  1.4669091700E+040
  2.1876599652E+007  1.4540394859E+040
  2.1892361094E+007  1.4540394859E+040
  2.1908920459E+007  1.4447277256E+040
  2.1917619300E+007  1.4447277256E+040
  2.1936360414E+007  1.4447277256E+040
  2.1957047096E+007  1.4299248151E+040
  2.1973959620E+007  1.4299248151E+040
  2.1992172559E+007  1.4299248151E+040
  2.2001817811E+007  1.4299248151E+040
  2.2019426153E+007  1.4162555344E+040
  2.2039348376E+007  1.4162555344E+040
  2.2057155177E+007  1.4043074133E+040
  2.2069226739E+007  1.4043074133E+040
  2.2088462562E+007  1.4043074133E+040
  2.2104386895E+007  1.3937479348E+040
  2.2120605500E+007  1.3937479348E+040
  2.2137968696E+007  1.3937479348E+040
  2.2156245543E+007  1.3822069990E+040
  2.2170258345E+007  1.3822069990E+040
  2.2187714575E+007  1.3822069990E+040
  2.2206846706E+007  1.3680698318E+040
  2.2221793740E+007  1.3680698318E+040
  2.2238794362E+007  1.3680698318E+040
  2.2257427144E+007  1.3577507655E+040
  2.2271984061E+007  1.3577507655E+040
  2.2290618145E+007  1.3577507655E+040
  2.2306687434E+007  1.3466397007E+040
  2.2323176036E+007  1.3466397007E+040
  2.2340881142E+007  1.3466397007E+040
  2.2358553987E+007  1.3358507318E+040
  2.2374437838E+007  1.3358507318E+040
  2.2391260280E+007  1.3358507318E+040
  2.2410393975E+007  1.3224162530E+040
  2.2425040803E+007  1.3224162530E+040
  2.2442253588E+007  1.3224162530E+040
  2.2459435009E+007  1.3115035922E+040
  2.2475589867E+007  1.3115035922E+040
  2.2493202053E+007  1.3115035922E+040
  2.2510782145E+007  1.3011753966E+040
  2.2527694451E+007  1.3011753966E+040
  2.2544106785E+007  1.3011753966E+040
  2.2562094801E+007  1.2896008995E+040
  2.2577753692E+007  1.2896008995E+040
  2.2596192696E+007  1.2896008995E+040
  2.2614598100E+007  1.2769627780E+040
  2.2629973531E+007  1.2769627780E+040
  2.2647931277E+007  1.2769627780E+040
  2.2663417319E+007  1.2665522721E+040
  2.2681825357E+007  1.2665522721E+040
  2.2697704929E+007  1.2665522721E+040
  2.2715725997E+007  1.2575181342E+040
  2.2732789733E+007  1.2575181342E+040
  2.2748886976E+007  1.2575181342E+040
  2.2765592002E+007  1.2461971766E+040
  2.2783900810E+007  1.2461971766E+040
  2.2799481361E+007  1.2461971766E+040
  2.2817791447E+007  1.2353345621E+040
  2.2833581334E+007  1.2353345621E+040
  2.2850734966E+007  1.2353345621E+040
  2.2867381493E+007  1.2254985319E+040
  2.2885626185E+007  1.2254985319E+040
  2.2901152174E+007  1.2254985319E+040
  2.2919398141E+007  1.2148875145E+040
  2.2937610859E+007  1.2148875145E+040
  2.2952470256E+007  1.2043435178E+040
  2.2969383756E+007  1.2043435178E+040
  2.2988621020E+007  1.2043435178E+040
  2.3004037486E+007  1.1930592177E+040
  2.3020410735E+007  1.1930592177E+040
  2.3039047357E+007  1.1930592177E+040
  2.3055118835E+007  1.1817383519E+040
  2.3074222773E+007  1.1817383519E+040
  2.3090037924E+007  1.1817383519E+040
  2.3106981319E+007  1.1735160277E+040
  2.3123024632E+007  1.1735160277E+040
  2.3142095090E+007  1.1735160277E+040
  2.3156716350E+007  1.1618216735E+040
  2.3174930557E+007  1.1618216735E+040
  2.3192177173E+007  1.1618216735E+040
  2.3207054852E+007  1.1529476902E+040
  2.3226057134E+007  1.1529476902E+040
  2.3242443944E+007  1.1529476902E+040
  2.3258929718E+007  1.1444336690E+040
  2.3275323111E+007  1.1444336690E+040
  2.3293927295E+007  1.1444336690E+040
  2.3311543170E+007  1.1318567223E+040
  2.3329265434E+007  1.1318567223E+040
  2.3344401801E+007  1.1318567223E+040
  2.3360302752E+007  1.1239553261E+040
  2.3379676516E+007  1.1239553261E+040
  2.3396936229E+007  1.1239553261E+040
  2.3413406936E+007  1.1138046895E+040
  2.3432042030E+007  1.1138046895E+040
  2.3446538591E+007  1.1138046895E+040
  2.3463246918E+007  1.1025057100E+040
  2.3480056152E+007  1.1025057100E+040
  2.3499549711E+007  1.1025057100E+040
  2.3514674624E+007  1.0957136006E+040
  2.3530549980E+007  1.0957136006E+040
  2.3549420789E+007  1.0957136006E+040
  2.3564213534E+007  1.0856041164E+040
  2.3582687645E+007  1.0856041164E+040
  2.3598836444E+007  1.0856041164E+040
  2.3616032559E+007  1.0765070794E+040
  2.3634024496E+007  1.0765070794E+040
  2.3649751812E+007  1.0765070794E+040
  2.3666499108E+007  1.0675573977E+040
  2.3684021455E+007  1.0675573977E+040
  2.3700612965E+007  1.0675573977E+040
  2.3718229700E+007  1.0576010120E+040
  2.3735294715E+007  1.0576010120E+040
  2.3753998072E+007  1.0488582013E+040
  2.3768610125E+007  1.0488582013E+040
  2.3785229743E+007  1.0488582013E+040
  2.3802205710E+007  1.0404900781E+040
  2.3819728998E+007  1.0404900781E+040
  2.3836734252E+007  1.0404900781E+040
  2.3852867065E+007  1.0324149802E+040
  2.3870796957E+007  1.0324149802E+040
  2.3888196796E+007  1.0324149802E+040
  2.3904672306E+007  1.0209739475E+040
  2.3921834924E+007  1.0209739475E+040
  2.3938367317E+007  1.0209739475E+040
  2.3956486919E+007  1.0142340806E+040
  2.3975559974E+007  1.0142340806E+040
  2.3990511259E+007  1.0142340806E+040
  2.4006897956E+007  1.0053805334E+040
  2.4024146921E+007  1.0053805334E+040
  2.4040722977E+007  1.0053805334E+040
  2.4058031497E+007  9.9694845919E+039
  2.4077001738E+007  9.9694845919E+039
  2.4091493083E+007  9.9694845919E+039
  2.4110001927E+007  9.8921553338E+039
  2.4125963215E+007  9.8921553338E+039
  2.4142056451E+007  9.8921553338E+039
  2.4160707709E+007  9.7923227947E+039
  2.4177833627E+007  9.7923227947E+039
  2.4195860711E+007  9.7923227947E+039
  2.4211137102E+007  9.7145716159E+039
  2.4228354782E+007  9.7145716159E+039
  2.4244657810E+007  9.7145716159E+039
  2.4264036986E+007  9.6271395479E+039
  2.4278645145E+007  9.6271395479E+039
  2.4296702769E+007  9.6271395479E+039
  2.4313801120E+007  9.5484492326E+039
  2.4331002734E+007  9.5484492326E+039
  2.4349184665E+007  9.5484492326E+039
  2.4365004319E+007  9.4724584561E+039
  2.4381656403E+007  9.4724584561E+039
  2.4398409055E+007  9.4724584561E+039
  2.4417836995E+007  9.3935449779E+039
  2.4436376812E+007  9.3935449779E+039
  2.4452947996E+007  9.3935449779E+039
  2.4471239482E+007  9.2994573228E+039
  2.4483765774E+007  9.2994573228E+039
  2.4500907149E+007  9.2994573228E+039
  2.4520785889E+007  9.2334427618E+039
  2.4533924991E+007  9.2334427618E+039
  2.4551760798E+007  9.2334427618E+039
  2.4570535125E+007  9.1524845972E+039
  2.4584526094E+007  9.1524845972E+039
  2.4601593434E+007  9.1524845972E+039
  2.4620299339E+007  9.0801916566E+039
  2.4635561116E+007  9.0801916566E+039
  2.4652932622E+007  8.9985497158E+039
  2.4670272473E+007  8.9985497158E+039
  2.4688524748E+007  8.9985497158E+039
  2.4702832626E+007  8.9325408288E+039
  2.4720701205E+007  8.9325408288E+039
  2.4737620554E+007  8.9325408288E+039
  2.4754792851E+007  8.8543345524E+039
  2.4772979876E+007  8.8543345524E+039
  2.4788663639E+007  8.8543345524E+039
  2.4807306705E+007  8.7727750316E+039
  2.4821920923E+007  8.7727750316E+039
  2.4840172078E+007  8.7727750316E+039
  2.4857453679E+007  8.6937038463E+039
  2.4874061098E+007  8.6937038463E+039
  2.4891402366E+007  8.6937038463E+039
  2.4906560913E+007  8.6435836184E+039
  2.4924399134E+007  8.6435836184E+039
  2.4941710012E+007  8.6435836184E+039
  2.4959392062E+007  8.5467045781E+039
  2.4975908247E+007  8.5467045781E+039
  2.4993188788E+007  8.5467045781E+039
  2.5009551337E+007  8.4800595771E+039
  2.5027327090E+007  8.4800595771E+039
  2.5044577347E+007  8.4800595771E+039
  2.5060911221E+007  8.4067283754E+039
  2.5077926296E+007  8.4067283754E+039
  2.5094316564E+007  8.4067283754E+039
  2.5112280396E+007  8.3502417858E+039
  2.5128603048E+007  8.3502417858E+039
  2.5146129962E+007  8.3502417858E+039
  2.5163624937E+007  8.2658840723E+039
  2.5179348925E+007  8.2658840723E+039
  2.5196002058E+007  8.2658840723E+039
  2.5214943181E+007  8.1959724222E+039
  2.5230256773E+007  8.1959724222E+039
  2.5248328364E+007  8.1959724222E+039
  2.5264922020E+007  8.1334714369E+039
  2.5282388835E+007  8.1334714369E+039
  2.5298866325E+007  8.1334714369E+039
  2.5315965956E+007  8.0728791218E+039
  2.5334707253E+007  8.0728791218E+039
  2.5351403513E+007  8.0728791218E+039
  2.5365746210E+007  7.9941326097E+039
  2.5383242616E+007  7.9941326097E+039
  2.5402418781E+007  7.9941326097E+039
  2.5419502455E+007  7.9400704217E+039
  2.5435805172E+007  7.9400704217E+039
  2.5452313500E+007  7.8567397700E+039
  2.5469655713E+007  7.8567397700E+039
  2.5487910474E+007  7.8567397700E+039
  2.5506275483E+007  7.7934323299E+039
  2.5523800958E+007  7.7934323299E+039
  2.5539465508E+007  7.7934323299E+039
  2.5556756239E+007  7.7318706085E+039
  2.5575841972E+007  7.7318706085E+039
  2.5591445629E+007  7.7318706085E+039
  2.5608249062E+007  7.6602719621E+039
  2.5626344520E+007  7.6602719621E+039
  2.5645831350E+007  7.6602719621E+039
  2.5666816534E+007  7.5939325803E+039
  2.5681695613E+007  7.5939325803E+039
  2.5697327944E+007  7.5939325803E+039
  2.5713751663E+007  7.5335962090E+039
  2.5731006832E+007  7.5335962090E+039
  2.5749135544E+007  7.5335962090E+039
  2.5763291212E+007  7.4740061842E+039
  2.5778265661E+007  7.4740061842E+039
  2.5800037763E+007  7.4740061842E+039
  2.5817837677E+007  7.4059417380E+039
  2.5830458311E+007  7.4059417380E+039
  2.5847157572E+007  7.4059417380E+039
  2.5861798100E+007  7.3564078401E+039
  2.5882254227E+007  7.3564078401E+039
  2.5895796565E+007  7.3564078401E+039
  2.5910629305E+007  7.2881382048E+039
  2.5930874422E+007  7.2881382048E+039
  2.5947634295E+007  7.2881382048E+039
  2.5961248010E+007  7.2264926880E+039
  2.5979979099E+007  7.2264926880E+039
  2.5996666263E+007  7.2264926880E+039
  2.6000000000E+007  7.2264926880E+039
