   0.000000000E+00  -2.096069546E+51   1.219185881E+51   3.954042005E+48  -8.729296230E+50   0.000000000E+00
   2.206891319E+01  -1.734923428E+50   5.429788188E+50   7.474100610E+50   1.116896537E+51   1.989826160E+51
   1.004313685E+04  -6.477205836E+47   1.898655131E+48   1.122094763E+51   1.123345697E+51   1.996275320E+51
   2.008232082E+04  -3.242668203E+47   9.125707353E+47   1.122759669E+51   1.123347973E+51   1.996277596E+51
   3.010386775E+04  -2.164394442E+47   6.042934460E+47   1.122964957E+51   1.123352811E+51   1.996282434E+51
   4.017764266E+04  -1.621969151E+47   4.576726202E+47   1.123065768E+51   1.123361244E+51   1.996290867E+51
   5.031771834E+04  -1.295045916E+47   3.740554188E+47   1.123126897E+51   1.123371447E+51   1.996301070E+51
   6.050151183E+04  -1.076919027E+47   3.216418657E+47   1.123168690E+51   1.123382640E+51   1.996312263E+51
   7.071428601E+04  -9.212362885E+46   2.869037296E+47   1.123199700E+51   1.123394480E+51   1.996324104E+51
   8.076682379E+04  -8.064379777E+46   2.634693537E+47   1.123223787E+51   1.123406612E+51   1.996336235E+51
   9.140667708E+04  -7.122865078E+46   2.502966963E+47   1.123898017E+51   1.124077085E+51   1.997006708E+51
   1.017106989E+05  -6.400178688E+46   2.461919974E+47   1.123916815E+51   1.124099005E+51   1.997028628E+51
   1.122602000E+05  -5.797716244E+46   2.447785691E+47   1.123935070E+51   1.124121872E+51   1.997051495E+51
   1.227734119E+05  -5.300330438E+46   2.453418379E+47   1.123952617E+51   1.124144955E+51   1.997074578E+51
   1.328872295E+05  -4.896339044E+46   2.472699729E+47   1.123969041E+51   1.124167347E+51   1.997096971E+51
   1.431007849E+05  -4.546461132E+46   2.503131811E+47   1.123985240E+51   1.124190089E+51   1.997119712E+51
   1.532538220E+05  -4.244872144E+46   2.542478976E+47   1.124000992E+51   1.124212791E+51   1.997142414E+51
   1.631812166E+05  -3.986263775E+46   2.588467722E+47   1.124016072E+51   1.124235057E+51   1.997164680E+51
   1.739431464E+05  -3.738466572E+46   2.643095792E+47   1.124659879E+51   1.124886803E+51   1.997816426E+51
   1.844299866E+05  -3.525518770E+46   2.686396702E+47   1.124675098E+51   1.124908482E+51   1.997838105E+51
   1.942930614E+05  -3.346206067E+46   2.733039605E+47   1.124689035E+51   1.124928877E+51   1.997858500E+51
   2.048635578E+05  -3.173193753E+46   2.788543960E+47   1.124703616E+51   1.124950738E+51   1.997880361E+51
   2.145408400E+05  -3.029746008E+46   2.843708454E+47   1.124716677E+51   1.124970750E+51   1.997900374E+51
   2.248401797E+05  -2.890639535E+46   2.906404744E+47   1.124730313E+51   1.124992047E+51   1.997921670E+51
   2.358170537E+05  -2.755757410E+46   2.977179721E+47   1.124744581E+51   1.125014741E+51   1.997944365E+51
   2.455261837E+05  -2.646504945E+46   3.042757845E+47   1.124757000E+51   1.125034811E+51   1.997964434E+51
   2.557875507E+05  -2.540054426E+46   3.114729631E+47   1.124769944E+51   1.125056016E+51   1.997985639E+51
   2.667061224E+05  -2.435206006E+46   3.182163453E+47   1.125431811E+51   1.125725675E+51   1.998655299E+51
   2.759902132E+05  -2.353051068E+46   3.235771130E+47   1.125443176E+51   1.125743222E+51   1.998672846E+51
   2.857242409E+05  -2.272650759E+46   3.294171915E+47   1.125454911E+51   1.125761602E+51   1.998691225E+51
   2.959369225E+05  -2.193985911E+46   3.357601853E+47   1.125467045E+51   1.125780865E+51   1.998710488E+51
   3.066589934E+05  -2.117039418E+46   3.426314017E+47   1.125479607E+51   1.125801068E+51   1.998730691E+51
   3.179233874E+05  -2.041795849E+46   3.500571215E+47   1.125492628E+51   1.125822267E+51   1.998751890E+51
   3.267487374E+05  -1.986472202E+46   3.560070749E+47   1.125502716E+51   1.125838858E+51   1.998768481E+51
   3.359148162E+05  -1.932092969E+46   3.622973837E+47   1.125513095E+51   1.125856072E+51   1.998785695E+51
   3.454383567E+05  -1.878652883E+46   3.689415945E+47   1.125523782E+51   1.125873937E+51   1.998803560E+51
   3.554075838E+05  -1.825414182E+46   3.743609972E+47   1.126175285E+51   1.126531392E+51   1.999461015E+51
   3.658127967E+05  -1.773317958E+46   3.801946871E+47   1.126186690E+51   1.126549152E+51   1.999478775E+51
   3.766404657E+05  -1.722165942E+46   3.864183411E+47   1.126198403E+51   1.126567600E+51   1.999497223E+51
   3.879122701E+05  -1.671952687E+46   3.930479328E+47   1.126210442E+51   1.126586770E+51   1.999516393E+51
   3.996511958E+05  -1.622672797E+46   4.001011719E+47   1.126222826E+51   1.126606701E+51   1.999536324E+51
   4.077486326E+05  -1.590335450E+46   4.050479635E+47   1.126231285E+51   1.126620429E+51   1.999550052E+51
   4.160720572E+05  -1.558409026E+46   4.101972134E+47   1.126239912E+51   1.126634525E+51   1.999564148E+51
   4.246293475E+05  -1.526892008E+46   4.155549425E+47   1.126248715E+51   1.126649001E+51   1.999578624E+51
   4.334286929E+05  -1.495782905E+46   4.211273926E+47   1.126257699E+51   1.126663869E+51   1.999593492E+51
   4.425272013E+05  -1.464604252E+46   4.257545071E+47   1.127015996E+51   1.127427105E+51   2.000356728E+51
   4.519404817E+05  -1.433987830E+46   4.306578490E+47   1.127025442E+51   1.127441760E+51   2.000371383E+51
   4.616281447E+05  -1.403784403E+46   4.357933121E+47   1.127035066E+51   1.127456822E+51   2.000386445E+51
   4.716001204E+05  -1.373992343E+46   4.411671314E+47   1.127044877E+51   1.127472304E+51   2.000401927E+51
   4.818667220E+05  -1.344610096E+46   4.467866567E+47   1.127054880E+51   1.127488220E+51   2.000417843E+51
   4.924386659E+05  -1.315636158E+46   4.526598266E+47   1.127065083E+51   1.127504587E+51   2.000434210E+51
   5.033270954E+05  -1.287069046E+46   4.587949425E+47   1.127075495E+51   1.127521419E+51   2.000451042E+51
   5.145436077E+05  -1.258907273E+46   4.652005499E+47   1.127086122E+51   1.127538734E+51   2.000468357E+51
   5.261002812E+05  -1.230896326E+46   4.711004498E+47   1.127949207E+51   1.128407998E+51   2.001337621E+51
   5.382073004E+05  -1.209696187E+46   4.753049627E+47   1.127959089E+51   1.128422297E+51   2.001351920E+51
   5.480047634E+05  -1.187667653E+46   4.799088270E+47   1.127968145E+51   1.128436177E+51   2.001365800E+51
   5.585555595E+05  -1.164825154E+46   4.849497844E+47   1.127977801E+51   1.128451103E+51   2.001380726E+51
   5.699176129E+05  -1.141188828E+46   4.904681872E+47   1.127988096E+51   1.128467152E+51   2.001396775E+51
   5.821533017E+05  -1.116784732E+46   4.965084487E+47   1.127999068E+51   1.128484409E+51   2.001414032E+51
   5.908287448E+05  -1.100104406E+46   5.008489596E+47   1.128006781E+51   1.128496628E+51   2.001426252E+51
   5.999433822E+05  -1.083108026E+46   5.054582006E+47   1.128014826E+51   1.128509453E+51   2.001439076E+51
   6.095194480E+05  -1.065807823E+46   5.103523125E+47   1.128023219E+51   1.128522913E+51   2.001452536E+51
   6.195803023E+05  -1.048132256E+46   5.143746071E+47   1.128892798E+51   1.129396692E+51   2.002326315E+51
   6.301504872E+05  -1.030267341E+46   5.187127181E+47   1.128901905E+51   1.129410315E+51   2.002339938E+51
   6.412557878E+05  -1.012142401E+46   5.233513335E+47   1.128911378E+51   1.129424608E+51   2.002354231E+51
   6.529232942E+05  -9.937742811E+45   5.283080640E+47   1.128921234E+51   1.129439604E+51   2.002369227E+51
   6.651814682E+05  -9.751808864E+45   5.336019096E+47   1.128931486E+51   1.129455336E+51   2.002384959E+51
   6.780602121E+05  -9.563811169E+45   5.392533478E+47   1.128942150E+51   1.129471839E+51   2.002401463E+51
   6.847420543E+05  -9.469100042E+45   5.422198382E+47   1.128947642E+51   1.129480392E+51   2.002410015E+51
   6.915909426E+05  -9.373948027E+45   5.452838614E+47   1.128953242E+51   1.129489152E+51   2.002418775E+51
   6.986110530E+05  -9.278381241E+45   5.484482530E+47   1.128958955E+51   1.129498124E+51   2.002427747E+51
   7.058066662E+05  -9.181587127E+45   5.509208664E+47   1.130128500E+51   1.130670239E+51   2.003599863E+51
   7.131821697E+05  -9.085280060E+45   5.535550855E+47   1.130134437E+51   1.130678907E+51   2.003608530E+51
   7.207420608E+05  -8.988639380E+45   5.562888902E+47   1.130140483E+51   1.130687784E+51   2.003617407E+51
   7.284909492E+05  -8.891692958E+45   5.591245648E+47   1.130146641E+51   1.130696874E+51   2.003626497E+51
   7.364335598E+05  -8.794469028E+45   5.620645294E+47   1.130152912E+51   1.130706182E+51   2.003635805E+51
   7.445747357E+05  -8.696996153E+45   5.651115325E+47   1.130159298E+51   1.130715712E+51   2.003645335E+51
   7.529194409E+05  -8.599303198E+45   5.682685383E+47   1.130165802E+51   1.130725471E+51   2.003655094E+51
   7.614727638E+05  -8.501419290E+45   5.715387781E+47   1.130172426E+51   1.130735463E+51   2.003665086E+51
   7.702399198E+05  -8.403373789E+45   5.749255245E+47   1.130179172E+51   1.130745694E+51   2.003675317E+51
   7.792262547E+05  -8.305196248E+45   5.784321191E+47   1.130186042E+51   1.130756169E+51   2.003685792E+51
   7.884372479E+05  -8.206916382E+45   5.820619148E+47   1.130193039E+51   1.130766894E+51   2.003696517E+51
   7.978785160E+05  -8.107871203E+45   5.847833509E+47   1.131460017E+51   1.132036692E+51   2.004966315E+51
   7.978785160E+05  -8.156746729E+45   5.834147427E+47   1.131458176E+51   1.132033434E+51   2.004963057E+51
   8.076767820E+05  -8.055948985E+45   5.863400905E+47   1.131465530E+51   1.132043814E+51   2.004973437E+51
   8.179710852E+05  -7.952696986E+45   5.894675294E+47   1.131473190E+51   1.132054705E+51   2.004984328E+51
   8.287865376E+05  -7.847030460E+45   5.928086602E+47   1.131481170E+51   1.132066131E+51   2.004995754E+51
   8.401495222E+05  -7.738997034E+45   5.963761402E+47   1.131489479E+51   1.132078117E+51   2.005007740E+51
   8.520877579E+05  -7.628652388E+45   6.001838926E+47   1.131498132E+51   1.132090688E+51   2.005020311E+51
   8.646303668E+05  -7.516060362E+45   6.042467141E+47   1.131507142E+51   1.132103873E+51   2.005033496E+51
   9.187592451E+05  -7.092955037E+45   6.182203466E+47   1.132782420E+51   1.133393547E+51   2.006323170E+51
   9.720532430E+05  -6.696178117E+45   6.325135469E+47   1.134048967E+51   1.134674785E+51   2.007604408E+51
   1.027813645E+06  -6.326285429E+45   6.451159368E+47   1.134085269E+51   1.134724058E+51   2.007653681E+51
   1.080713302E+06  -6.033377632E+45   6.555582245E+47   1.135654737E+51   1.136304262E+51   2.009233885E+51
   1.133913903E+06  -5.744601528E+45   6.655467939E+47   1.135687012E+51   1.136346814E+51   2.009276437E+51
   1.189576585E+06  -5.470280415E+45   6.740940808E+47   1.137416506E+51   1.138085130E+51   2.011014753E+51
   1.242282306E+06  -5.233646495E+45   6.817881012E+47   1.139250479E+51   1.139927034E+51   2.012856657E+51
   1.295306334E+06  -5.015617765E+45   6.879399771E+47   1.139279467E+51   1.139962392E+51   2.012892015E+51
   1.345906437E+06  -4.823561554E+45   6.931346318E+47   1.141312273E+51   1.142000584E+51   2.014930207E+51
   1.403155809E+06  -4.623541308E+45   6.978040707E+47   1.141341557E+51   1.142034737E+51   2.014964360E+51
   1.454326211E+06  -4.458100926E+45   7.005536049E+47   1.143460218E+51   1.144156313E+51   2.017085936E+51
   1.510808760E+06  -4.288896386E+45   7.033969249E+47   1.143487220E+51   1.144186328E+51   2.017115951E+51
   1.556986413E+06  -4.159673305E+45   7.044159261E+47   1.145963901E+51   1.146664157E+51   2.019593780E+51
   1.606714695E+06  -4.029084445E+45   7.057794613E+47   1.145986270E+51   1.146688020E+51   2.019617643E+51
   1.660266616E+06  -3.897172848E+45   7.052260151E+47   1.148737765E+51   1.149439093E+51   2.022368716E+51
   1.717936178E+06  -3.764434016E+45   7.043842172E+47   1.151692370E+51   1.152392990E+51   2.025322613E+51
   1.758825498E+06  -3.675767698E+45   7.032511537E+47   1.151709088E+51   1.152408663E+51   2.025338286E+51
   1.870335826E+06  -3.453809892E+45   6.988127791E+47   1.154926587E+51   1.155621946E+51   2.028551569E+51
   1.970005536E+06  -3.276905842E+45   6.925759637E+47   1.158503379E+51   1.159192678E+51   2.032122301E+51
   2.081449020E+06  -3.120015352E+45   6.849190015E+47   1.162367264E+51   1.163049063E+51   2.035978686E+51
   2.197396064E+06  -2.952522821E+45   6.745621369E+47   1.166652510E+51   1.167324120E+51   2.040253743E+51
   2.293382560E+06  -2.826864802E+45   6.647062117E+47   1.171363928E+51   1.172025808E+51   2.044955431E+51
   2.401982469E+06  -2.696924777E+45   6.526158810E+47   1.180331088E+51   1.180981007E+51   2.053910630E+51
   2.499050801E+06  -2.590617657E+45   6.414668726E+47   1.185690055E+51   1.186328931E+51   2.059258554E+51
   2.606196076E+06  -2.482576667E+45   6.288717056E+47   1.191919134E+51   1.192545523E+51   2.065475146E+51
   2.727916310E+06  -2.382981510E+45   6.159618254E+47   1.198618854E+51   1.199232433E+51   2.072162056E+51
   2.836045085E+06  -2.290432371E+45   6.031861512E+47   1.205861338E+51   1.206462233E+51   2.079391856E+51
   2.939230893E+06  -2.208681912E+45   5.910495728E+47   1.213618055E+51   1.214206896E+51   2.087136519E+51
   3.055976163E+06  -2.122928134E+45   5.772896831E+47   1.220391234E+51   1.220966400E+51   2.093896023E+51
   3.161678216E+06  -2.059385237E+45   5.663173030E+47   1.229287159E+51   1.229851417E+51   2.102781040E+51
   3.271651810E+06  -1.989006960E+45   5.534385158E+47   1.248968656E+51   1.249520106E+51   2.122449729E+51
   3.382289573E+06  -1.922736449E+45   5.406748320E+47   1.257622410E+51   1.258161162E+51   2.131090785E+51
   3.487869673E+06  -1.863618089E+45   5.285811609E+47   1.268911864E+51   1.269438581E+51   2.142368204E+51
   3.582238850E+06  -1.813786579E+45   5.180962766E+47   1.281190258E+51   1.281706541E+51   2.154636164E+51
   3.686404765E+06  -1.761796227E+45   5.069155444E+47   1.294010568E+51   1.294515722E+51   2.167445345E+51
   3.801384444E+06  -1.707739909E+45   4.948447190E+47   1.307852669E+51   1.308345806E+51   2.181275429E+51
   3.895386783E+06  -1.665965837E+45   4.852519728E+47   1.320690805E+51   1.321174391E+51   2.194104014E+51
   3.996617022E+06  -1.623098946E+45   4.750034028E+47   1.332405159E+51   1.332878540E+51   2.205808163E+51
   4.105630916E+06  -1.579325626E+45   4.641877580E+47   1.342398810E+51   1.342861418E+51   2.215791041E+51
   4.223026957E+06  -1.534696872E+45   4.525655489E+47   1.351434292E+51   1.351885323E+51   2.224814946E+51
   4.306264009E+06  -1.504543323E+45   4.445845751E+47   1.358843771E+51   1.359286851E+51   2.232216474E+51
   4.393714937E+06  -1.474115444E+45   4.364905688E+47   1.363539266E+51   1.363974283E+51   2.236903906E+51
   4.485593068E+06  -1.443449191E+45   4.281221897E+47   1.367553093E+51   1.367979772E+51   2.240909395E+51
   4.582102465E+06  -1.412811574E+45   4.195431600E+47   1.370947745E+51   1.371365875E+51   2.244295498E+51
   4.681314453E+06  -1.382842093E+45   4.110034361E+47   1.374380181E+51   1.374789802E+51   2.247719425E+51
   4.782561199E+06  -1.353541121E+45   4.025675671E+47   1.377161594E+51   1.377562808E+51   2.250492431E+51
   4.885910912E+06  -1.324889171E+45   3.943181414E+47   1.380091296E+51   1.380484289E+51   2.253413912E+51
   4.991352201E+06  -1.308520480E+45   3.896844513E+47   1.383155090E+51   1.383543466E+51   2.256473089E+51
