   0.000000000E+00   0.171849944E+05  -0.480624731E+01  -0.537145843E+01  -0.518131768E+01  -0.487624731E+01  -0.461871212E+01  -0.435364175E+01  -0.617392325E+01  -0.513131768E+01  -0.503378250E+01  -0.501624731E+01  -0.497871212E+01
   0.220689132E+02   0.171853773E+05  -0.480629198E+01  -0.537152261E+01  -0.518136886E+01  -0.487629198E+01  -0.461875354E+01  -0.435367666E+01  -0.617398417E+01  -0.513136886E+01  -0.503383042E+01  -0.501629198E+01  -0.497875354E+01
   0.100431369E+05   0.387449215E+05  -0.138985889E+02  -0.149266418E+02  -0.145026154E+02  -0.140085889E+02  -0.136485889E+02  -0.133145624E+02  -0.157066418E+02  -0.144826154E+02  -0.142185889E+02  -0.141085889E+02  -0.139845624E+02
   0.200823208E+05   0.263632458E+05  -0.143748538E+02  -0.152404371E+02  -0.148926455E+02  -0.144737496E+02  -0.141448538E+02  -0.138359579E+02  -0.160304371E+02  -0.148626455E+02  -0.146637496E+02  -0.145848538E+02  -0.144859579E+02
   0.301038678E+05   0.210163420E+05  -0.145485291E+02  -0.152703487E+02  -0.150012570E+02  -0.146348930E+02  -0.143385291E+02  -0.140521652E+02  -0.160703487E+02  -0.149676209E+02  -0.148048930E+02  -0.147585291E+02  -0.146921652E+02
   0.401776427E+05   0.174680017E+05  -0.146419843E+02  -0.152216125E+02  -0.150218604E+02  -0.147119843E+02  -0.144520463E+02  -0.141821702E+02  -0.160216745E+02  -0.149718604E+02  -0.148719223E+02  -0.148519843E+02  -0.148120463E+02
   0.503177183E+05   0.153501665E+05  -0.146535569E+02  -0.151131842E+02  -0.149876829E+02  -0.147235569E+02  -0.144821815E+02  -0.142408062E+02  -0.159231842E+02  -0.149290582E+02  -0.148649322E+02  -0.148721815E+02  -0.148508062E+02
   0.605015118E+05   0.139732161E+05  -0.146443423E+02  -0.149953603E+02  -0.149259058E+02  -0.147043423E+02  -0.144864514E+02  -0.142506697E+02  -0.158074694E+02  -0.148559058E+02  -0.148301241E+02  -0.148543423E+02  -0.148585605E+02
   0.707142860E+05   0.129879750E+05  -0.146162903E+02  -0.148729115E+02  -0.148558997E+02  -0.146736927E+02  -0.144714856E+02  -0.142540833E+02  -0.156955091E+02  -0.147833021E+02  -0.147810950E+02  -0.148288880E+02  -0.148514856E+02
   0.807668238E+05   0.122195639E+05  -0.145845342E+02  -0.147614236E+02  -0.147879789E+02  -0.146332232E+02  -0.144558453E+02  -0.142471563E+02  -0.155914236E+02  -0.147066679E+02  -0.147319121E+02  -0.148032232E+02  -0.148358453E+02
   0.914066771E+05   0.115496559E+05  -0.145501935E+02  -0.146464585E+02  -0.147133260E+02  -0.145908200E+02  -0.144295670E+02  -0.142289405E+02  -0.154764585E+02  -0.146239525E+02  -0.146814465E+02  -0.147608200E+02  -0.148095670E+02
   0.101710699E+06   0.109526999E+05  -0.145124472E+02  -0.145250966E+02  -0.146302560E+02  -0.145454154E+02  -0.143994791E+02  -0.142135429E+02  -0.153550966E+02  -0.145402560E+02  -0.146283835E+02  -0.147224472E+02  -0.147865110E+02
   0.112260200E+06   0.103473293E+05  -0.144616829E+02  -0.143845489E+02  -0.145409069E+02  -0.144916829E+02  -0.143620709E+02  -0.141924589E+02  -0.152197429E+02  -0.144457129E+02  -0.145612949E+02  -0.146768769E+02  -0.147572649E+02
   0.122773412E+06   0.979792455E+04  -0.144206147E+02  -0.142516388E+02  -0.144626258E+02  -0.144476166E+02  -0.143366110E+02  -0.141826073E+02  -0.150916388E+02  -0.143596277E+02  -0.145016203E+02  -0.146406147E+02  -0.147396092E+02
   0.132887229E+06   0.930337784E+04  -0.143804932E+02  -0.141150941E+02  -0.143779736E+02  -0.144001332E+02  -0.143112131E+02  -0.141719329E+02  -0.149558140E+02  -0.142676137E+02  -0.144394134E+02  -0.146004932E+02  -0.147212131E+02
   0.143100785E+06   0.887958297E+04  -0.143488243E+02  -0.139822808E+02  -0.142991040E+02  -0.143617214E+02  -0.142930301E+02  -0.141672359E+02  -0.148364866E+02  -0.141820011E+02  -0.143875156E+02  -0.145688243E+02  -0.147030301E+02
   0.153253822E+06   0.851895235E+04  -0.143233526E+02  -0.138676649E+02  -0.142320317E+02  -0.143303068E+02  -0.142794443E+02  -0.141655360E+02  -0.147276649E+02  -0.141089858E+02  -0.143442151E+02  -0.145433526E+02  -0.146924902E+02
   0.163181217E+06   0.816846109E+04  -0.142843943E+02  -0.137390210E+02  -0.141512201E+02  -0.142853694E+02  -0.142524441E+02  -0.141504939E+02  -0.145990210E+02  -0.140221952E+02  -0.142873197E+02  -0.145043943E+02  -0.146714690E+02
   0.173943146E+06   0.784796303E+04  -0.142476926E+02  -0.136058062E+02  -0.140643410E+02  -0.142428758E+02  -0.142273263E+02  -0.141369600E+02  -0.144706231E+02  -0.139343410E+02  -0.142284252E+02  -0.144676926E+02  -0.146521432E+02
   0.184429987E+06   0.756872118E+04  -0.142108560E+02  -0.134821375E+02  -0.139815344E+02  -0.142009314E+02  -0.142007052E+02  -0.141205545E+02  -0.143520621E+02  -0.138515344E+02  -0.141711575E+02  -0.144308560E+02  -0.146306298E+02
   0.194293061E+06   0.732943073E+04  -0.141680263E+02  -0.133549928E+02  -0.139011225E+02  -0.141534133E+02  -0.141672522E+02  -0.141057041E+02  -0.142296058E+02  -0.137618966E+02  -0.141141874E+02  -0.143880263E+02  -0.146064781E+02
   0.204863558E+06   0.709951295E+04  -0.141237517E+02  -0.132295390E+02  -0.138207683E+02  -0.141046288E+02  -0.141319976E+02  -0.140884893E+02  -0.141086619E+02  -0.136725224E+02  -0.140563829E+02  -0.143437517E+02  -0.145802434E+02
   0.214540840E+06   0.690160410E+04  -0.140803405E+02  -0.131059048E+02  -0.137413445E+02  -0.140538970E+02  -0.141000059E+02  -0.140664495E+02  -0.139891266E+02  -0.135881227E+02  -0.139942316E+02  -0.143003405E+02  -0.145500059E+02
   0.224840180E+06   0.670885806E+04  -0.140356352E+02  -0.129801286E+02  -0.136601572E+02  -0.140010845E+02  -0.140674612E+02  -0.140420118E+02  -0.138674039E+02  -0.135028819E+02  -0.139292585E+02  -0.142556352E+02  -0.145174612E+02
   0.235817054E+06   0.652314351E+04  -0.139881815E+02  -0.128515851E+02  -0.135755165E+02  -0.139469150E+02  -0.140319810E+02  -0.140157805E+02  -0.137428516E+02  -0.134129835E+02  -0.138631155E+02  -0.142094480E+02  -0.144832475E+02
   0.245526184E+06   0.637568165E+04  -0.139449966E+02  -0.127385603E+02  -0.134990746E+02  -0.139004044E+02  -0.139987732E+02  -0.139925499E+02  -0.136331525E+02  -0.133298902E+02  -0.138066278E+02  -0.141695888E+02  -0.144533654E+02
   0.255787551E+06   0.623323884E+04  -0.139034604E+02  -0.126295613E+02  -0.134254132E+02  -0.138556557E+02  -0.139668745E+02  -0.139702887E+02  -0.135273660E+02  -0.132498038E+02  -0.137522415E+02  -0.141312651E+02  -0.144246793E+02
   0.266706122E+06   0.609223536E+04  -0.138590801E+02  -0.125158486E+02  -0.133485203E+02  -0.138069681E+02  -0.139333040E+02  -0.139464719E+02  -0.134169046E+02  -0.131674643E+02  -0.136948562E+02  -0.140890801E+02  -0.143943599E+02
   0.275990213E+06   0.598908645E+04  -0.138257157E+02  -0.124276045E+02  -0.132902106E+02  -0.137686147E+02  -0.139099177E+02  -0.139305693E+02  -0.133311550E+02  -0.131066601E+02  -0.136515137E+02  -0.140557157E+02  -0.143734682E+02
   0.285724241E+06   0.589366897E+04  -0.137942107E+02  -0.123453333E+02  -0.132356301E+02  -0.137324946E+02  -0.138876430E+02  -0.139152172E+02  -0.132511914E+02  -0.130497720E+02  -0.136107785E+02  -0.140242107E+02  -0.143535011E+02
   0.295936922E+06   0.579767325E+04  -0.137655684E+02  -0.122656171E+02  -0.131837724E+02  -0.136992092E+02  -0.138682869E+02  -0.139028257E+02  -0.131737967E+02  -0.129955928E+02  -0.135728500E+02  -0.139955684E+02  -0.143364665E+02
   0.306658993E+06   0.570628610E+04  -0.137365832E+02  -0.121865564E+02  -0.131319876E+02  -0.136661654E+02  -0.138482543E+02  -0.138899255E+02  -0.130969742E+02  -0.129411520E+02  -0.135344943E+02  -0.139670010E+02  -0.143190899E+02
   0.317923387E+06   0.561854746E+04  -0.137067301E+02  -0.121021083E+02  -0.130771117E+02  -0.136340375E+02  -0.138275003E+02  -0.138782706E+02  -0.130148009E+02  -0.128817266E+02  -0.134932672E+02  -0.139394226E+02  -0.143028855E+02
   0.326748737E+06   0.555555196E+04  -0.136880971E+02  -0.120442767E+02  -0.130405127E+02  -0.136137712E+02  -0.138154005E+02  -0.138727039E+02  -0.129586025E+02  -0.128418610E+02  -0.134664678E+02  -0.139224229E+02  -0.142940522E+02
   0.335914816E+06   0.549265194E+04  -0.136689888E+02  -0.119860291E+02  -0.130034656E+02  -0.135930321E+02  -0.138028154E+02  -0.138666420E+02  -0.129019858E+02  -0.128015523E+02  -0.134392055E+02  -0.139049454E+02  -0.142847287E+02
   0.345438357E+06   0.543339804E+04  -0.136523826E+02  -0.119325525E+02  -0.129699605E+02  -0.135748897E+02  -0.137923543E+02  -0.138623260E+02  -0.128500454E+02  -0.127649747E+02  -0.134149180E+02  -0.138898755E+02  -0.142773401E+02
   0.355407584E+06   0.536630104E+04  -0.136303681E+02  -0.118687872E+02  -0.129288102E+02  -0.135511356E+02  -0.137772983E+02  -0.138542284E+02  -0.127880198E+02  -0.127203452E+02  -0.133842055E+02  -0.138696007E+02  -0.142657634E+02
   0.365812797E+06   0.530139768E+04  -0.136108944E+02  -0.118043956E+02  -0.128891172E+02  -0.135289315E+02  -0.137638387E+02  -0.138477645E+02  -0.127253770E+02  -0.126771543E+02  -0.133550058E+02  -0.138508944E+02  -0.142558016E+02
   0.376640466E+06   0.524309113E+04  -0.135933511E+02  -0.117430859E+02  -0.128521221E+02  -0.135081463E+02  -0.137511584E+02  -0.138415680E+02  -0.126656883E+02  -0.126369173E+02  -0.133277366E+02  -0.138333511E+02  -0.142463632E+02
   0.387912270E+06   0.518296664E+04  -0.135770423E+02  -0.116816461E+02  -0.128157551E+02  -0.134884944E+02  -0.137398641E+02  -0.138369598E+02  -0.126059200E+02  -0.125972072E+02  -0.133013987E+02  -0.138170423E+02  -0.142384119E+02
   0.399651196E+06   0.512497536E+04  -0.135611470E+02  -0.116222211E+02  -0.127805133E+02  -0.134693747E+02  -0.137288055E+02  -0.138323500E+02  -0.125481072E+02  -0.125587410E+02  -0.132758301E+02  -0.138011470E+02  -0.142305777E+02
   0.407748633E+06   0.508791345E+04  -0.135512449E+02  -0.115844993E+02  -0.127582468E+02  -0.134574119E+02  -0.137219944E+02  -0.138296604E+02  -0.125114158E+02  -0.125344138E+02  -0.132597458E+02  -0.137912449E+02  -0.142258274E+02
   0.416072057E+06   0.504815755E+04  -0.135422476E+02  -0.115456603E+02  -0.127359866E+02  -0.134462041E+02  -0.137163129E+02  -0.138283999E+02  -0.124736820E+02  -0.125099431E+02  -0.132441171E+02  -0.137822476E+02  -0.142223564E+02
   0.424629348E+06   0.501171771E+04  -0.135338715E+02  -0.115099315E+02  -0.127154537E+02  -0.134358019E+02  -0.137109759E+02  -0.138271152E+02  -0.124389663E+02  -0.124873841E+02  -0.132296626E+02  -0.137738715E+02  -0.142190456E+02
   0.433428693E+06   0.500000000E+04  -0.135270648E+02  -0.114943292E+02  -0.127047378E+02  -0.134283436E+02  -0.137051465E+02  -0.138225888E+02  -0.124236897E+02  -0.124760167E+02  -0.132209013E+02  -0.137670648E+02  -0.142138677E+02
   0.442527201E+06   0.500000000E+04  -0.135140044E+02  -0.114812688E+02  -0.126916774E+02  -0.134152832E+02  -0.136920861E+02  -0.138095284E+02  -0.124106293E+02  -0.124629563E+02  -0.132078409E+02  -0.137540044E+02  -0.142008073E+02
   0.451940482E+06   0.500000000E+04  -0.135045643E+02  -0.114718287E+02  -0.126822374E+02  -0.134058432E+02  -0.136826461E+02  -0.138000884E+02  -0.124011893E+02  -0.124535162E+02  -0.131984009E+02  -0.137445643E+02  -0.141913672E+02
   0.461628145E+06   0.500000000E+04  -0.134982251E+02  -0.114654895E+02  -0.126758982E+02  -0.133995039E+02  -0.136763068E+02  -0.137937492E+02  -0.123948501E+02  -0.124471770E+02  -0.131920616E+02  -0.137382251E+02  -0.141850280E+02
   0.471600120E+06   0.500000000E+04  -0.134937165E+02  -0.114609808E+02  -0.126713895E+02  -0.133949953E+02  -0.136717982E+02  -0.137892405E+02  -0.123903414E+02  -0.124426684E+02  -0.131875530E+02  -0.137337165E+02  -0.141805193E+02
   0.481866722E+06   0.500000000E+04  -0.134901590E+02  -0.114574234E+02  -0.126678321E+02  -0.133914378E+02  -0.136682407E+02  -0.137856831E+02  -0.123867840E+02  -0.124391109E+02  -0.131839955E+02  -0.137301590E+02  -0.141769619E+02
   0.492438666E+06   0.500000000E+04  -0.134899567E+02  -0.114572211E+02  -0.126676298E+02  -0.133912356E+02  -0.136680384E+02  -0.137854808E+02  -0.123865817E+02  -0.124389086E+02  -0.131837932E+02  -0.137299567E+02  -0.141767596E+02
   0.503327095E+06   0.500000000E+04  -0.134905271E+02  -0.114577915E+02  -0.126682002E+02  -0.133918059E+02  -0.136686088E+02  -0.137860511E+02  -0.123871521E+02  -0.124394790E+02  -0.131843636E+02  -0.137305271E+02  -0.141773300E+02
   0.514543608E+06   0.500000000E+04  -0.134916008E+02  -0.114588652E+02  -0.126692739E+02  -0.133928797E+02  -0.136696826E+02  -0.137871249E+02  -0.123882258E+02  -0.124405528E+02  -0.131854374E+02  -0.137316008E+02  -0.141784037E+02
   0.526100281E+06   0.500000000E+04  -0.134816134E+02  -0.114488778E+02  -0.126592865E+02  -0.133828923E+02  -0.136596951E+02  -0.137771375E+02  -0.123782384E+02  -0.124305653E+02  -0.131754499E+02  -0.137216134E+02  -0.141684163E+02
   0.538207300E+06   0.500000000E+04  -0.134822307E+02  -0.114494950E+02  -0.126599037E+02  -0.133835095E+02  -0.136603124E+02  -0.137777547E+02  -0.123788556E+02  -0.124311826E+02  -0.131760672E+02  -0.137222307E+02  -0.141690335E+02
   0.548004763E+06   0.500000000E+04  -0.134832370E+02  -0.114505014E+02  -0.126609100E+02  -0.133845158E+02  -0.136613187E+02  -0.137787610E+02  -0.123798619E+02  -0.124321889E+02  -0.131770735E+02  -0.137232370E+02  -0.141700399E+02
   0.558555560E+06   0.500000000E+04  -0.134865335E+02  -0.114537978E+02  -0.126642065E+02  -0.133878123E+02  -0.136646152E+02  -0.137820575E+02  -0.123831584E+02  -0.124354854E+02  -0.131803700E+02  -0.137265335E+02  -0.141733363E+02
   0.569917613E+06   0.500000000E+04  -0.134912738E+02  -0.114585382E+02  -0.126689469E+02  -0.133925527E+02  -0.136693556E+02  -0.137867979E+02  -0.123878988E+02  -0.124402258E+02  -0.131851104E+02  -0.137312738E+02  -0.141780767E+02
   0.582153302E+06   0.500000000E+04  -0.134981923E+02  -0.114654567E+02  -0.126758654E+02  -0.133994712E+02  -0.136762741E+02  -0.137937164E+02  -0.123948173E+02  -0.124471442E+02  -0.131920289E+02  -0.137381923E+02  -0.141849952E+02
   0.590828745E+06   0.500000000E+04  -0.135049215E+02  -0.114721859E+02  -0.126825946E+02  -0.134062004E+02  -0.136830033E+02  -0.138004456E+02  -0.124015465E+02  -0.124538734E+02  -0.131987581E+02  -0.137449215E+02  -0.141917244E+02
   0.599943382E+06   0.500000000E+04  -0.135124431E+02  -0.114797075E+02  -0.126901162E+02  -0.134137220E+02  -0.136905249E+02  -0.138079672E+02  -0.124090681E+02  -0.124613950E+02  -0.132062797E+02  -0.137524431E+02  -0.141992460E+02
   0.609519448E+06   0.500000000E+04  -0.135208376E+02  -0.114881020E+02  -0.126985106E+02  -0.134221164E+02  -0.136989193E+02  -0.138163616E+02  -0.124174625E+02  -0.124697895E+02  -0.132146741E+02  -0.137608376E+02  -0.142076405E+02
   0.619580302E+06   0.500000000E+04  -0.135139704E+02  -0.114812348E+02  -0.126916435E+02  -0.134152493E+02  -0.136920522E+02  -0.138094945E+02  -0.124105954E+02  -0.124629223E+02  -0.132078070E+02  -0.137539704E+02  -0.142007733E+02
   0.630150487E+06   0.500000000E+04  -0.135228844E+02  -0.114901488E+02  -0.127005574E+02  -0.134241632E+02  -0.137009661E+02  -0.138184084E+02  -0.124195094E+02  -0.124718363E+02  -0.132167209E+02  -0.137628844E+02  -0.142096873E+02
   0.641255788E+06   0.500000000E+04  -0.135330000E+02  -0.115002644E+02  -0.127106730E+02  -0.134342788E+02  -0.137110817E+02  -0.138285240E+02  -0.124296249E+02  -0.124819519E+02  -0.132268365E+02  -0.137730000E+02  -0.142198029E+02
   0.652923294E+06   0.500000000E+04  -0.135450358E+02  -0.115123002E+02  -0.127227089E+02  -0.134463147E+02  -0.137231176E+02  -0.138405599E+02  -0.124416608E+02  -0.124939877E+02  -0.132388724E+02  -0.137850358E+02  -0.142318387E+02
   0.665181468E+06   0.500000000E+04  -0.135598854E+02  -0.115271498E+02  -0.127375584E+02  -0.134611642E+02  -0.137379671E+02  -0.138554094E+02  -0.124565104E+02  -0.125088373E+02  -0.132537219E+02  -0.137998854E+02  -0.142466883E+02
   0.678060212E+06   0.500000000E+04  -0.135766780E+02  -0.115439424E+02  -0.127543511E+02  -0.134779568E+02  -0.137547597E+02  -0.138722021E+02  -0.124733030E+02  -0.125256299E+02  -0.132705145E+02  -0.138166780E+02  -0.142634809E+02
   0.684742054E+06   0.500000000E+04  -0.135858907E+02  -0.115531551E+02  -0.127635638E+02  -0.134871696E+02  -0.137639725E+02  -0.138814148E+02  -0.124825157E+02  -0.125348426E+02  -0.132797273E+02  -0.138258907E+02  -0.142726936E+02
   0.691590943E+06   0.500000000E+04  -0.135957009E+02  -0.115629653E+02  -0.127733739E+02  -0.134969797E+02  -0.137737826E+02  -0.138912249E+02  -0.124923258E+02  -0.125446528E+02  -0.132895374E+02  -0.138357009E+02  -0.142825038E+02
   0.698611053E+06   0.500000000E+04  -0.136061598E+02  -0.115734242E+02  -0.127838328E+02  -0.135074386E+02  -0.137842415E+02  -0.139016838E+02  -0.125027847E+02  -0.125551117E+02  -0.132999963E+02  -0.138461598E+02  -0.142929627E+02
   0.705806666E+06   0.500000000E+04  -0.135931910E+02  -0.115604553E+02  -0.127708640E+02  -0.134944698E+02  -0.137712727E+02  -0.138887150E+02  -0.124898159E+02  -0.125421429E+02  -0.132870275E+02  -0.138331910E+02  -0.142799939E+02
   0.713182170E+06   0.500000000E+04  -0.136039786E+02  -0.115712430E+02  -0.127816516E+02  -0.135052574E+02  -0.137820603E+02  -0.138995026E+02  -0.125006036E+02  -0.125529305E+02  -0.132978151E+02  -0.138439786E+02  -0.142907815E+02
   0.720742061E+06   0.500000000E+04  -0.136153161E+02  -0.115825805E+02  -0.127929892E+02  -0.135165950E+02  -0.137933979E+02  -0.139108402E+02  -0.125119411E+02  -0.125642680E+02  -0.133091527E+02  -0.138553161E+02  -0.143021190E+02
   0.728490949E+06   0.500000000E+04  -0.136274898E+02  -0.115947542E+02  -0.128051629E+02  -0.135287687E+02  -0.138055716E+02  -0.139230139E+02  -0.125241148E+02  -0.125764417E+02  -0.133213263E+02  -0.138674898E+02  -0.143142927E+02
   0.736433560E+06   0.500000000E+04  -0.136408857E+02  -0.116081501E+02  -0.128185588E+02  -0.135421645E+02  -0.138189674E+02  -0.139364097E+02  -0.125375107E+02  -0.125898376E+02  -0.133347222E+02  -0.138808857E+02  -0.143276886E+02
   0.744574736E+06   0.500000000E+04  -0.136551351E+02  -0.116223995E+02  -0.128328082E+02  -0.135564140E+02  -0.138332169E+02  -0.139506592E+02  -0.125517601E+02  -0.126040870E+02  -0.133489717E+02  -0.138951351E+02  -0.143419380E+02
   0.752919441E+06   0.500000000E+04  -0.136702537E+02  -0.116375181E+02  -0.128479268E+02  -0.135715326E+02  -0.138483355E+02  -0.139657778E+02  -0.125668787E+02  -0.126192056E+02  -0.133640903E+02  -0.139102537E+02  -0.143570566E+02
   0.761472764E+06   0.500000000E+04  -0.136862304E+02  -0.116534948E+02  -0.128639035E+02  -0.135875093E+02  -0.138643121E+02  -0.139817545E+02  -0.125828554E+02  -0.126351823E+02  -0.133800669E+02  -0.139262304E+02  -0.143730333E+02
   0.770239920E+06   0.500000000E+04  -0.137031153E+02  -0.116703797E+02  -0.128807884E+02  -0.136043942E+02  -0.138811971E+02  -0.139986394E+02  -0.125997403E+02  -0.126520672E+02  -0.133969518E+02  -0.139431153E+02  -0.143899182E+02
   0.779226255E+06   0.500000000E+04  -0.137209322E+02  -0.116881966E+02  -0.128986053E+02  -0.136222110E+02  -0.138990139E+02  -0.140164562E+02  -0.126175572E+02  -0.126698841E+02  -0.134147687E+02  -0.139609322E+02  -0.144077351E+02
   0.788437248E+06   0.500000000E+04  -0.137396366E+02  -0.117069010E+02  -0.129173097E+02  -0.136409155E+02  -0.139177184E+02  -0.140351607E+02  -0.126362616E+02  -0.126885885E+02  -0.134334732E+02  -0.139796366E+02  -0.144264395E+02
   0.797878516E+06   0.500000000E+04  -0.137323342E+02  -0.116995986E+02  -0.129100073E+02  -0.136336130E+02  -0.139104159E+02  -0.140278582E+02  -0.126289592E+02  -0.126812861E+02  -0.134261707E+02  -0.139723342E+02  -0.144191371E+02
   0.797878516E+06   0.500000000E+04  -0.137239024E+02  -0.116911668E+02  -0.129015754E+02  -0.136251812E+02  -0.139019841E+02  -0.140194264E+02  -0.126205273E+02  -0.126728543E+02  -0.134177389E+02  -0.139639024E+02  -0.144107053E+02
   0.807676782E+06   0.500000000E+04  -0.137441005E+02  -0.117113649E+02  -0.129217736E+02  -0.136453794E+02  -0.139221822E+02  -0.140396246E+02  -0.126407255E+02  -0.126930524E+02  -0.134379370E+02  -0.139841005E+02  -0.144309034E+02
   0.817971085E+06   0.500000000E+04  -0.137648498E+02  -0.117321142E+02  -0.129425228E+02  -0.136661286E+02  -0.139429315E+02  -0.140603738E+02  -0.126614747E+02  -0.127138017E+02  -0.134586863E+02  -0.140048498E+02  -0.144516527E+02
   0.828786538E+06   0.500000000E+04  -0.137867920E+02  -0.117540564E+02  -0.129644651E+02  -0.136880709E+02  -0.139648738E+02  -0.140823161E+02  -0.126834170E+02  -0.127357439E+02  -0.134806286E+02  -0.140267920E+02  -0.144735949E+02
   0.840149522E+06   0.500000000E+04  -0.138102273E+02  -0.117774917E+02  -0.129879004E+02  -0.137115061E+02  -0.139883090E+02  -0.141057513E+02  -0.127068523E+02  -0.127591792E+02  -0.135040638E+02  -0.140502273E+02  -0.144970302E+02
   0.852087758E+06   0.500000000E+04  -0.138353161E+02  -0.118025805E+02  -0.130129892E+02  -0.137365949E+02  -0.140133978E+02  -0.141308401E+02  -0.127319411E+02  -0.127842680E+02  -0.135291526E+02  -0.140753161E+02  -0.145221190E+02
   0.864630367E+06   0.500000000E+04  -0.138619463E+02  -0.118292107E+02  -0.130396193E+02  -0.137632251E+02  -0.140400280E+02  -0.141574703E+02  -0.127585713E+02  -0.128108982E+02  -0.135557828E+02  -0.141019463E+02  -0.145487492E+02
   0.918759245E+06   0.500000000E+04  -0.139476197E+02  -0.119148841E+02  -0.131252927E+02  -0.138488985E+02  -0.141257014E+02  -0.142431437E+02  -0.128442446E+02  -0.128965716E+02  -0.136414562E+02  -0.141876197E+02  -0.146344226E+02
   0.972053243E+06   0.500000000E+04  -0.140428712E+02  -0.120101356E+02  -0.132205442E+02  -0.139441500E+02  -0.142209529E+02  -0.143383952E+02  -0.129394961E+02  -0.129918231E+02  -0.137367077E+02  -0.142828712E+02  -0.147296741E+02
   0.102781365E+07   0.500000000E+04  -0.141541401E+02  -0.121214045E+02  -0.133318132E+02  -0.140554190E+02  -0.143322219E+02  -0.144496642E+02  -0.130507651E+02  -0.131030920E+02  -0.138479767E+02  -0.143941401E+02  -0.148409430E+02
   0.108071330E+07   0.500000000E+04  -0.142314069E+02  -0.121986712E+02  -0.134090799E+02  -0.141326857E+02  -0.144094886E+02  -0.145269309E+02  -0.131280318E+02  -0.131803588E+02  -0.139252434E+02  -0.144714069E+02  -0.149182097E+02
   0.113391390E+07   0.500000000E+04  -0.143271734E+02  -0.122944378E+02  -0.135048465E+02  -0.142284523E+02  -0.145052551E+02  -0.146226975E+02  -0.132237984E+02  -0.132761253E+02  -0.140210099E+02  -0.145671734E+02  -0.150139763E+02
   0.118957659E+07   0.500000000E+04  -0.144038159E+02  -0.123710803E+02  -0.135814890E+02  -0.143050948E+02  -0.145818977E+02  -0.146993400E+02  -0.133004409E+02  -0.133527678E+02  -0.140976525E+02  -0.146438159E+02  -0.150906188E+02
   0.124228231E+07   0.500000000E+04  -0.144748355E+02  -0.124420998E+02  -0.136525085E+02  -0.143761143E+02  -0.146529172E+02  -0.147703595E+02  -0.133714604E+02  -0.134237874E+02  -0.141686720E+02  -0.147148355E+02  -0.151616384E+02
   0.129530633E+07   0.500000000E+04  -0.145551551E+02  -0.125224194E+02  -0.137328281E+02  -0.144564339E+02  -0.147332368E+02  -0.148506791E+02  -0.134517800E+02  -0.135041070E+02  -0.142489916E+02  -0.147951551E+02  -0.152419579E+02
   0.134590644E+07   0.500000000E+04  -0.146110667E+02  -0.125783311E+02  -0.137887398E+02  -0.145123456E+02  -0.147891485E+02  -0.149065908E+02  -0.135076917E+02  -0.135600186E+02  -0.143049033E+02  -0.148510667E+02  -0.152978696E+02
   0.140315581E+07   0.500000000E+04  -0.146867302E+02  -0.126539946E+02  -0.138644033E+02  -0.145880090E+02  -0.148648119E+02  -0.149822542E+02  -0.135833552E+02  -0.136356821E+02  -0.143805667E+02  -0.149267302E+02  -0.153735331E+02
   0.145432621E+07   0.500000000E+04  -0.147383289E+02  -0.127055933E+02  -0.139160019E+02  -0.146396077E+02  -0.149164106E+02  -0.150338529E+02  -0.136349538E+02  -0.136872808E+02  -0.144321654E+02  -0.149783289E+02  -0.154251318E+02
   0.151080876E+07   0.500000000E+04  -0.147989060E+02  -0.127661704E+02  -0.139765791E+02  -0.147001849E+02  -0.149769878E+02  -0.150944301E+02  -0.136955310E+02  -0.137478579E+02  -0.144927426E+02  -0.150389060E+02  -0.154857089E+02
   0.155698641E+07   0.500000000E+04  -0.148380032E+02  -0.128052675E+02  -0.140156762E+02  -0.147392820E+02  -0.150160849E+02  -0.151335272E+02  -0.137346281E+02  -0.137869551E+02  -0.145318397E+02  -0.150780032E+02  -0.155248060E+02
   0.160671470E+07   0.500000000E+04  -0.148811362E+02  -0.128484006E+02  -0.140588092E+02  -0.147824150E+02  -0.150592179E+02  -0.151766602E+02  -0.137777611E+02  -0.138300881E+02  -0.145749727E+02  -0.151211362E+02  -0.155679391E+02
   0.166026662E+07   0.500000000E+04  -0.149157639E+02  -0.128830283E+02  -0.140934369E+02  -0.148170427E+02  -0.150938456E+02  -0.152112879E+02  -0.138123888E+02  -0.138647158E+02  -0.146096004E+02  -0.151557639E+02  -0.156025668E+02
   0.171793618E+07   0.500000000E+04  -0.149446480E+02  -0.129119123E+02  -0.141223210E+02  -0.148459268E+02  -0.151227297E+02  -0.152401720E+02  -0.138412729E+02  -0.138935999E+02  -0.146384845E+02  -0.151846480E+02  -0.156314509E+02
   0.175882550E+07   0.500000000E+04  -0.149688453E+02  -0.129361097E+02  -0.141465183E+02  -0.148701241E+02  -0.151469270E+02  -0.152643693E+02  -0.138654702E+02  -0.139177972E+02  -0.146626818E+02  -0.152088453E+02  -0.156556482E+02
   0.187033583E+07   0.500000000E+04  -0.150160796E+02  -0.129833439E+02  -0.141937526E+02  -0.149173584E+02  -0.151941613E+02  -0.153116036E+02  -0.139127045E+02  -0.139650315E+02  -0.147099161E+02  -0.152560796E+02  -0.157028824E+02
   0.197000554E+07   0.500000000E+04  -0.150404642E+02  -0.130077286E+02  -0.142181373E+02  -0.149417431E+02  -0.152185459E+02  -0.153359883E+02  -0.139370892E+02  -0.139894161E+02  -0.147343007E+02  -0.152804642E+02  -0.157272671E+02
   0.208144902E+07   0.500000000E+04  -0.150561403E+02  -0.130234047E+02  -0.142338134E+02  -0.149574192E+02  -0.152342221E+02  -0.153516644E+02  -0.139527653E+02  -0.140050922E+02  -0.147499769E+02  -0.152961403E+02  -0.157429432E+02
   0.219739606E+07   0.500000000E+04  -0.150612397E+02  -0.130285041E+02  -0.142389128E+02  -0.149625185E+02  -0.152393214E+02  -0.153567638E+02  -0.139578647E+02  -0.140101916E+02  -0.147550762E+02  -0.153012397E+02  -0.157480426E+02
   0.229338256E+07   0.500000000E+04  -0.150577270E+02  -0.130249914E+02  -0.142354000E+02  -0.149590058E+02  -0.152358087E+02  -0.153532510E+02  -0.139543519E+02  -0.140066789E+02  -0.147515635E+02  -0.152977270E+02  -0.157445299E+02
   0.240198247E+07   0.500000000E+04  -0.150438982E+02  -0.130111626E+02  -0.142215712E+02  -0.149451770E+02  -0.152219799E+02  -0.153394222E+02  -0.139405232E+02  -0.139928501E+02  -0.147377347E+02  -0.152838982E+02  -0.157307011E+02
   0.249905080E+07   0.500000000E+04  -0.150337785E+02  -0.130010429E+02  -0.142114515E+02  -0.149350573E+02  -0.152118602E+02  -0.153293025E+02  -0.139304034E+02  -0.139827304E+02  -0.147276150E+02  -0.152737785E+02  -0.157205814E+02
   0.260619608E+07   0.500000000E+04  -0.150175151E+02  -0.129847795E+02  -0.141951882E+02  -0.149187940E+02  -0.151955969E+02  -0.153130392E+02  -0.139141401E+02  -0.139664670E+02  -0.147113517E+02  -0.152575151E+02  -0.157043180E+02
   0.272791631E+07   0.500000000E+04  -0.149998374E+02  -0.129671018E+02  -0.141775105E+02  -0.149011163E+02  -0.151779192E+02  -0.152953615E+02  -0.138964624E+02  -0.139487893E+02  -0.146936739E+02  -0.152398374E+02  -0.156866403E+02
   0.283604508E+07   0.500000000E+04  -0.149813334E+02  -0.129485978E+02  -0.141590064E+02  -0.148826122E+02  -0.151594151E+02  -0.152768574E+02  -0.138779583E+02  -0.139302853E+02  -0.146751699E+02  -0.152213334E+02  -0.156681363E+02
   0.293923089E+07   0.500000000E+04  -0.149652564E+02  -0.129325208E+02  -0.141429295E+02  -0.148665353E+02  -0.151433382E+02  -0.152607805E+02  -0.138618814E+02  -0.139142083E+02  -0.146590929E+02  -0.152052564E+02  -0.156520593E+02
   0.305597616E+07   0.500000000E+04  -0.149402184E+02  -0.129074828E+02  -0.141178915E+02  -0.148414973E+02  -0.151183002E+02  -0.152357425E+02  -0.138368434E+02  -0.138891703E+02  -0.146340550E+02  -0.151802184E+02  -0.156270213E+02
   0.316167822E+07   0.500000000E+04  -0.149161375E+02  -0.128834019E+02  -0.140938106E+02  -0.148174164E+02  -0.150942193E+02  -0.152116616E+02  -0.138127625E+02  -0.138650894E+02  -0.146099741E+02  -0.151561375E+02  -0.156029404E+02
   0.327165181E+07   0.500000000E+04  -0.148932142E+02  -0.128604786E+02  -0.140708873E+02  -0.147944931E+02  -0.150712960E+02  -0.151887383E+02  -0.137898392E+02  -0.138421661E+02  -0.145870508E+02  -0.151332142E+02  -0.155800171E+02
   0.338228957E+07   0.500000000E+04  -0.148626732E+02  -0.128299375E+02  -0.140403462E+02  -0.147639520E+02  -0.150407549E+02  -0.151581972E+02  -0.137592981E+02  -0.138116251E+02  -0.145565097E+02  -0.151026732E+02  -0.155494760E+02
   0.348786967E+07   0.500000000E+04  -0.148308145E+02  -0.127980789E+02  -0.140084876E+02  -0.147320934E+02  -0.150088963E+02  -0.151263386E+02  -0.137274395E+02  -0.137797664E+02  -0.145246511E+02  -0.150708145E+02  -0.155176174E+02
   0.358223885E+07   0.500000000E+04  -0.148034016E+02  -0.127706660E+02  -0.139810746E+02  -0.147046804E+02  -0.149814833E+02  -0.150989256E+02  -0.137000265E+02  -0.137523535E+02  -0.144972381E+02  -0.150434016E+02  -0.154902045E+02
   0.368640476E+07   0.500000000E+04  -0.147724876E+02  -0.127397520E+02  -0.139501607E+02  -0.146737665E+02  -0.149505694E+02  -0.150680117E+02  -0.136691126E+02  -0.137214395E+02  -0.144663242E+02  -0.150124876E+02  -0.154592905E+02
   0.380138444E+07   0.500000000E+04  -0.147325287E+02  -0.126997930E+02  -0.139102017E+02  -0.146338075E+02  -0.149106104E+02  -0.150280527E+02  -0.136291536E+02  -0.136814806E+02  -0.144263652E+02  -0.149725287E+02  -0.154193315E+02
   0.389538678E+07   0.500000000E+04  -0.146944595E+02  -0.126617239E+02  -0.138721326E+02  -0.145957384E+02  -0.148725413E+02  -0.149899836E+02  -0.135910845E+02  -0.136434114E+02  -0.143882961E+02  -0.149344595E+02  -0.153812624E+02
   0.399661702E+07   0.500000000E+04  -0.146530561E+02  -0.126203205E+02  -0.138307292E+02  -0.145543350E+02  -0.148311379E+02  -0.149485802E+02  -0.135496811E+02  -0.136020080E+02  -0.143468927E+02  -0.148930561E+02  -0.153398590E+02
   0.410563092E+07   0.500000000E+04  -0.146022249E+02  -0.125694893E+02  -0.137798980E+02  -0.145035038E+02  -0.147803067E+02  -0.148977490E+02  -0.134988499E+02  -0.135511768E+02  -0.142960615E+02  -0.148422249E+02  -0.152890278E+02
   0.422302696E+07   0.500000000E+04  -0.145387435E+02  -0.125060078E+02  -0.137164165E+02  -0.144400223E+02  -0.147168252E+02  -0.148342675E+02  -0.134353684E+02  -0.134876954E+02  -0.142325800E+02  -0.147787435E+02  -0.152255463E+02
   0.430626401E+07   0.500000000E+04  -0.144937437E+02  -0.124610080E+02  -0.136714167E+02  -0.143950225E+02  -0.146718254E+02  -0.147892677E+02  -0.133903686E+02  -0.134426956E+02  -0.141875802E+02  -0.147337437E+02  -0.151805466E+02
   0.439371494E+07   0.500000000E+04  -0.144422338E+02  -0.124094982E+02  -0.136199069E+02  -0.143435127E+02  -0.146203156E+02  -0.147377579E+02  -0.133388588E+02  -0.133911857E+02  -0.141360704E+02  -0.146822338E+02  -0.151290367E+02
   0.448559307E+07   0.500000000E+04  -0.143822385E+02  -0.123495029E+02  -0.135599116E+02  -0.142835174E+02  -0.145603203E+02  -0.146777626E+02  -0.132788635E+02  -0.133311904E+02  -0.140760751E+02  -0.146222385E+02  -0.150690414E+02
   0.458210247E+07   0.500000000E+04  -0.143108994E+02  -0.122781638E+02  -0.134885724E+02  -0.142121782E+02  -0.144889811E+02  -0.146064234E+02  -0.132075243E+02  -0.132598513E+02  -0.140047359E+02  -0.145508994E+02  -0.149977023E+02
   0.468131445E+07   0.500000000E+04  -0.142283283E+02  -0.121955927E+02  -0.134060014E+02  -0.141296071E+02  -0.144064100E+02  -0.145238523E+02  -0.131249533E+02  -0.131772802E+02  -0.139221648E+02  -0.144683283E+02  -0.149151312E+02
   0.478256120E+07   0.500000000E+04  -0.141405413E+02  -0.121078057E+02  -0.133182144E+02  -0.140418201E+02  -0.143186230E+02  -0.144360653E+02  -0.130371663E+02  -0.130894932E+02  -0.138343778E+02  -0.143805413E+02  -0.148273442E+02
   0.488591091E+07   0.500000000E+04  -0.140220707E+02  -0.119893351E+02  -0.131997438E+02  -0.139233496E+02  -0.142001525E+02  -0.143175948E+02  -0.129186957E+02  -0.129710226E+02  -0.137159073E+02  -0.142620707E+02  -0.147088736E+02
   0.499135220E+07   0.500000000E+04  -0.139448079E+02  -0.119120723E+02  -0.131224810E+02  -0.138460868E+02  -0.141228897E+02  -0.142403320E+02  -0.128414329E+02  -0.128937598E+02  -0.136386445E+02  -0.141848079E+02  -0.146316108E+02
