  0.0000000000E+000  0.0000000000E+000
  2.2315986643E+001  9.8525756240E+033
  1.0070582219E+004  9.8524984511E+033
  2.0158640553E+004  9.8522010226E+033
  3.0224897613E+004  9.8516817164E+033
  4.0349559507E+004  9.8511632516E+033
  5.0548679758E+004  9.8502979319E+033
  6.0798181649E+004  9.8488225464E+033
  7.1082147886E+004  9.8464262611E+033
  8.1209065971E+004  9.8431487569E+033
  9.1940590234E+004  9.8388016360E+033
  1.0232904644E+005  9.8339451127E+033
  1.1296887182E+005  9.8284299060E+033
  1.2357585594E+005  9.8229083860E+033
  1.3377726590E+005  9.8175219986E+033
  1.4407727330E+005  9.8121418540E+033
  1.5431836719E+005  9.8066608098E+033
  1.6433411599E+005  9.8009697771E+033
  1.7521093450E+005  9.7941532520E+033
  1.8579816817E+005  9.7868419941E+033
  1.9575824806E+005  9.7792383767E+033
  2.0643542790E+005  9.7702036163E+033
  2.1621276993E+005  9.7612151150E+033
  2.2662102496E+005  9.7508632878E+033
  2.3771662801E+005  9.7388575350E+033
  2.4753296507E+005  9.7273144814E+033
  2.5790978429E+005  9.7145300350E+033
  2.6898646275E+005  9.7000021420E+033
  2.7838044969E+005  9.6872579394E+033
  2.8823137273E+005  9.6729427917E+033
  2.9856843747E+005  9.6583318312E+033
  3.0942291167E+005  9.6418632118E+033
  3.2082830808E+005  9.6240390604E+033
  3.2976543051E+005  9.6100611646E+033
  3.3904875899E+005  9.5949954808E+033
  3.4869533211E+005  9.5786960551E+033
  3.5883033515E+005  9.5607249818E+033
  3.6937403566E+005  9.5426728661E+033
  3.8034727796E+005  9.5219117558E+033
  3.9177216878E+005  9.5012290393E+033
  4.0367214623E+005  9.4781438319E+033
  4.1188161120E+005  9.4615403281E+033
  4.2032096473E+005  9.4460989129E+033
  4.2899823902E+005  9.4285051406E+033
  4.3792178347E+005  9.4087473333E+033
  4.4720014977E+005  9.3909611545E+033
  4.5674940356E+005  9.3674601383E+033
  4.6657795811E+005  9.3482757674E+033
  4.7669593291E+005  9.3263820749E+033
  4.8711383999E+005  9.2997907492E+033
  4.9784260606E+005  9.2790123717E+033
  5.0889359791E+005  9.2548900196E+033
  5.2027864980E+005  9.2253882198E+033
  5.3206745340E+005  9.2020318448E+033
  5.4139281977E+005  9.1770904282E+033
  5.5143521939E+005  9.1532381917E+033
  5.6224978539E+005  9.1301477773E+033
  5.7389589013E+005  9.1017649768E+033
  5.8643747114E+005  9.0704788256E+033
  5.9532980028E+005  9.0531074655E+033
  6.0467230358E+005  9.0331212071E+033
  6.1448777112E+005  9.0100881910E+033
  6.2480014669E+005  8.9860866368E+033
  6.3563458628E+005  8.9621797305E+033
  6.4701751937E+005  8.9346421926E+033
  6.5897671345E+005  8.9060124726E+033
  6.7154134174E+005  8.8821973348E+033
  6.8474205432E+005  8.8547829602E+033
  6.9159094255E+005  8.8395347362E+033
  6.9861105299E+005  8.8231156376E+033
  7.0580666618E+005  8.8055393787E+033
  7.1318216971E+005  8.7947094925E+033
  7.2074206082E+005  8.7777501594E+033
  7.2849094921E+005  8.7597169669E+033
  7.3643355981E+005  8.7401517750E+033
  7.4457473568E+005  8.7250572383E+033
  7.5291944094E+005  8.7105225242E+033
  7.6147276383E+005  8.6950556889E+033
  7.7023991980E+005  8.6785749705E+033
  7.7922625466E+005  8.6609818749E+033
  7.8843724790E+005  8.6421730486E+033
  7.9787851597E+005  8.6217910904E+033
  8.0271716585E+005  8.6164806536E+033
  8.1276038852E+005  8.5974523921E+033
  8.2331204933E+005  8.5767688600E+033
  8.3439788798E+005  8.5541114251E+033
  8.4604494720E+005  8.5322581173E+033
  8.5828163880E+005  8.5138490715E+033
  8.7113781291E+005  8.4937215714E+033
  9.2302841173E+005  8.4046873860E+033
  9.7765475959E+005  8.3156195799E+033
  1.0348091718E+006  8.2218984179E+033
  1.0849749871E+006  8.1482729449E+033
  1.1395056028E+006  8.0658736520E+033
  1.1965598524E+006  7.9767686470E+033
  1.2505832156E+006  7.8943646565E+033
  1.3049328443E+006  7.8176218395E+033
  1.3567979499E+006  7.7409717177E+033
  1.4154785562E+006  7.6569174238E+033
  1.4679282183E+006  7.5848663121E+033
  1.5258228315E+006  7.5041176239E+033
  1.5731549262E+006  7.4432790603E+033
  1.6241264153E+006  7.3743431617E+033
  1.6790171340E+006  7.3068911808E+033
  1.7381284344E+006  7.2333831648E+033
  1.7800399875E+006  7.1826830018E+033
  1.8943380736E+006  7.0480140055E+033
  1.9964995264E+006  6.9327026511E+033
  2.0968114738E+006  6.8213073200E+033
  2.2156571936E+006  6.6946867958E+033
  2.3140433516E+006  6.5951933449E+033
  2.4253582587E+006  6.4888592649E+033
  2.5248532985E+006  6.3933711668E+033
  2.6346772061E+006  6.2885507974E+033
  2.7448438665E+006  6.1885765944E+033
  2.8556758609E+006  6.0865313127E+033
  2.9614413137E+006  5.9863825164E+033
  3.0811052156E+006  5.8746374829E+033
  3.1762492146E+006  5.7812486334E+033
  3.2889721489E+006  5.6663727572E+033
  3.4023758553E+006  5.5530368490E+033
  3.5105954576E+006  5.4400402347E+033
  3.6073238646E+006  5.3377494414E+033
  3.7140939271E+006  5.2256421393E+033
  3.8319480984E+006  5.1007297857E+033
  3.9283004963E+006  4.9957997473E+033
  4.0320614903E+006  4.8860565159E+033
  4.1438007320E+006  4.7674757846E+033
  4.2641316737E+006  4.6385241012E+033
  4.3494496523E+006  4.5455084333E+033
  4.4390868535E+006  4.4476555827E+033
  4.5332619380E+006  4.3460741594E+033
  4.6314425813E+006  4.2371878012E+033
  4.7316668098E+006  4.1229539587E+033
  4.8339596739E+006  4.0030108169E+033
  4.9383499596E+006  3.8763615849E+033
  5.0000000000E+006  3.7979124610E+033
  5.0000000000E+006  3.7979124610E+033
