  0.0000000000E+000  0.0000000000E+000
  2.2315986643E+001  1.3488964265E+042
  1.0070582219E+004  1.3488964265E+042
  2.0158640553E+004  1.3488964265E+042
  3.0224897613E+004  1.3488964265E+042
  4.0349559507E+004  1.3488964265E+042
  5.0548679758E+004  1.3488964265E+042
  6.0798181649E+004  1.3488964265E+042
  7.1082147886E+004  1.3488964265E+042
  8.1209065971E+004  1.3488964265E+042
  9.1940590234E+004  2.1662460254E+042
  1.0232904644E+005  2.1662460254E+042
  1.1296887182E+005  2.1662460254E+042
  1.2357585594E+005  2.1662460254E+042
  1.3377726590E+005  2.1662460254E+042
  1.4407727330E+005  2.1662460254E+042
  1.5431836719E+005  2.1662460254E+042
  1.6433411599E+005  2.1662460254E+042
  1.7521093450E+005  1.9819421928E+042
  1.8579816817E+005  1.9819421928E+042
  1.9575824806E+005  1.9819421928E+042
  2.0643542790E+005  1.9819421928E+042
  2.1621276993E+005  1.9819421928E+042
  2.2662102496E+005  1.9819421928E+042
  2.3771662801E+005  1.9819421928E+042
  2.4753296507E+005  1.9819421928E+042
  2.5790978429E+005  1.9819421928E+042
  2.6898646275E+005  1.8077357774E+042
  2.7838044969E+005  1.8077357774E+042
  2.8823137273E+005  1.8077357774E+042
  2.9856843747E+005  1.8077357774E+042
  3.0942291167E+005  1.8077357774E+042
  3.2082830808E+005  1.8077357774E+042
  3.2976543051E+005  1.8077357774E+042
  3.3904875899E+005  1.8077357774E+042
  3.4869533211E+005  1.8077358418E+042
  3.5883033515E+005  1.6447883707E+042
  3.6937403566E+005  1.6447883707E+042
  3.8034727796E+005  1.6447883707E+042
  3.9177216878E+005  1.6447883707E+042
  4.0367214623E+005  1.6447883707E+042
  4.1188161120E+005  1.6447883707E+042
  4.2032096473E+005  1.6447883707E+042
  4.2899823902E+005  1.6447883707E+042
  4.3792178347E+005  1.6447884299E+042
  4.4720014977E+005  1.5167275996E+042
  4.5674940356E+005  1.5167275996E+042
  4.6657795811E+005  1.5167275996E+042
  4.7669593291E+005  1.5167275996E+042
  4.8711383999E+005  1.5167275996E+042
  4.9784260606E+005  1.5167275996E+042
  5.0889359791E+005  1.5167275996E+042
  5.2027864980E+005  1.5167275996E+042
  5.3206745340E+005  1.3893556980E+042
  5.4139281977E+005  1.3893556980E+042
  5.5143521939E+005  1.3893556980E+042
  5.6224978539E+005  1.3893556980E+042
  5.7389589013E+005  1.3893556980E+042
  5.8643747114E+005  1.3893556980E+042
  5.9532980028E+005  1.3893556980E+042
  6.0467230358E+005  1.3893556980E+042
  6.1448777112E+005  1.3893557553E+042
  6.2480014669E+005  1.2782876649E+042
  6.3563458628E+005  1.2782876649E+042
  6.4701751937E+005  1.2782876649E+042
  6.5897671345E+005  1.2782876649E+042
  6.7154134174E+005  1.2782876649E+042
  6.8474205432E+005  1.2782876649E+042
  6.9159094255E+005  1.2782876649E+042
  6.9861105299E+005  1.2782876649E+042
  7.0580666618E+005  1.2782877314E+042
  7.1318216971E+005  1.1794731677E+042
  7.2074206082E+005  1.1794731677E+042
  7.2849094921E+005  1.1794731677E+042
  7.3643355981E+005  1.1794731677E+042
  7.4457473568E+005  1.1794731677E+042
  7.5291944094E+005  1.1794731677E+042
  7.6147276383E+005  1.1794731677E+042
  7.7023991980E+005  1.1794731677E+042
  7.7922625466E+005  1.1794731677E+042
  7.8843724790E+005  1.1794731677E+042
  7.9787851597E+005  1.1794732397E+042
  8.0271716585E+005  1.0799757475E+042
  8.1276038852E+005  1.0799757475E+042
  8.2331204933E+005  1.0799757475E+042
  8.3439788798E+005  1.0799757475E+042
  8.4604494720E+005  1.0799757475E+042
  8.5828163880E+005  1.0799757475E+042
  8.7113781291E+005  1.0799757475E+042
  9.2302841173E+005  1.0013308614E+042
  9.7765475959E+005  9.3529589420E+041
  1.0348091718E+006  9.3529589420E+041
  1.0849749871E+006  8.6968965509E+041
  1.1395056028E+006  8.6968965509E+041
  1.1965598524E+006  8.1272759298E+041
  1.2505832156E+006  7.6587688809E+041
  1.3049328443E+006  7.6587688809E+041
  1.3567979499E+006  7.1480590386E+041
  1.4154785562E+006  7.1480590386E+041
  1.4679282183E+006  6.6951678858E+041
  1.5258228315E+006  6.6951693438E+041
  1.5731549262E+006  6.3595049720E+041
  1.6241264153E+006  6.3595065978E+041
  1.6790171340E+006  5.9421969110E+041
  1.7381284344E+006  5.6773672969E+041
  1.7800399875E+006  5.6773672969E+041
  1.8943380736E+006  5.3858125848E+041
  1.9964995264E+006  5.1221490513E+041
  2.0968114738E+006  4.8848514832E+041
  2.2156571936E+006  4.7241984999E+041
  2.3140433516E+006  4.5175893040E+041
  2.4253582587E+006  4.2250219269E+041
  2.5248532985E+006  4.0875732355E+041
  2.6346772061E+006  3.9277713878E+041
  2.7448438665E+006  3.8514861415E+041
  2.8556758609E+006  3.7499024398E+041
  2.9614413137E+006  3.6625947952E+041
  3.0811052156E+006  3.5665639169E+041
  3.1762492146E+006  3.4747351548E+041
  3.2889721489E+006  3.3266277999E+041
  3.4023758553E+006  3.2566802520E+041
  3.5105954576E+006  3.1752670149E+041
  3.6073238646E+006  3.1498490969E+041
  3.7140939271E+006  3.0796069154E+041
  3.8319480984E+006  3.0324123336E+041
  3.9283004963E+006  2.9870151140E+041
  4.0320614903E+006  2.9236549935E+041
  4.1438007320E+006  2.8900147569E+041
  4.2641316737E+006  2.8051250567E+041
  4.3494496523E+006  2.7884245781E+041
  4.4390868535E+006  2.7429205263E+041
  4.5332619380E+006  2.6929820205E+041
  4.6314425813E+006  2.6435441116E+041
  4.7316668098E+006  2.6039329623E+041
  4.8339596739E+006  2.5617669371E+041
  4.9383499596E+006  2.5376069942E+041
  5.0000000000E+006  2.5130552190E+041
  5.0000000000E+006  2.5130552190E+041
