  0.0000000000E+000  0.0000000000E+000
  2.2315986643E+001 -4.1206498229E+003
  1.0070582219E+004  4.8916007459E+009
  2.0158640553E+004  3.8645101819E+009
  3.0224897613E+004  3.2952556750E+009
  4.0349559507E+004  2.9971177498E+009
  5.0548679758E+004  2.7094361236E+009
  6.0798181649E+004  2.4487131307E+009
  7.1082147886E+004  2.2253828950E+009
  8.1209065971E+004  2.0479830362E+009
  9.1940590234E+004  1.8905581673E+009
  1.0232904644E+005  1.7715505911E+009
  1.1296887182E+005  1.6799683429E+009
  1.2357585594E+005  1.6151582087E+009
  1.3377726590E+005  1.5650211423E+009
  1.4407727330E+005  1.5237494613E+009
  1.5431836719E+005  1.4882404913E+009
  1.6433411599E+005  1.4562923773E+009
  1.7521093450E+005  1.4234041638E+009
  1.8579816817E+005  1.3922995925E+009
  1.9575824806E+005  1.3636366639E+009
  2.0643542790E+005  1.3335660679E+009
  2.1621276993E+005  1.3076401429E+009
  2.2662102496E+005  1.2812951791E+009
  2.3771662801E+005  1.2539211250E+009
  2.4753296507E+005  1.2299919608E+009
  2.5790978429E+005  1.2062479331E+009
  2.6898646275E+005  1.1820126277E+009
  2.7838044969E+005  1.1624063024E+009
  2.8823137273E+005  1.1413704339E+009
  2.9856843747E+005  1.1224908636E+009
  3.0942291167E+005  1.1025179652E+009
  3.2082830808E+005  1.0829277942E+009
  3.2976543051E+005  1.0691899922E+009
  3.3904875899E+005  1.0553274909E+009
  3.4869533211E+005  1.0413704118E+009
  3.5883033515E+005  1.0277685961E+009
  3.6937403566E+005  1.0151587048E+009
  3.8034727796E+005  1.0012921298E+009
  3.9177216878E+005  9.8884351760E+008
  4.0367214623E+005  9.7581295447E+008
  4.1188161120E+005  9.6684198532E+008
  4.2032096473E+005  9.5940056028E+008
  4.2899823902E+005  9.5092183631E+008
  4.3792178347E+005  9.4158911623E+008
  4.4720014977E+005  9.3463025757E+008
  4.5674940356E+005  9.2449545252E+008
  4.6657795811E+005  9.1733722131E+008
  4.7669593291E+005  9.0916801596E+008
  4.8711383999E+005  8.9926517793E+008
  4.9784260606E+005  8.9252166972E+008
  5.0889359791E+005  8.8469283955E+008
  5.2027864980E+005  8.7511805285E+008
  5.3206745340E+005  8.6875282302E+008
  5.4139281977E+005  8.6133568024E+008
  5.5143521939E+005  8.5456470464E+008
  5.6224978539E+005  8.4835285731E+008
  5.7389589013E+005  8.4071718991E+008
  5.8643747114E+005  8.3243204952E+008
  5.9532980028E+005  8.2812219656E+008
  6.0467230358E+005  8.2316356083E+008
  6.1448777112E+005  8.1744899378E+008
  6.2480014669E+005  8.1179629081E+008
  6.3563458628E+005  8.0616707493E+008
  6.4701751937E+005  7.9968295180E+008
  6.5897671345E+005  7.9304707023E+008
  6.7154134174E+005  7.8784202344E+008
  6.8474205432E+005  7.8185029929E+008
  6.9159094255E+005  7.7851761658E+008
  6.9861105299E+005  7.7492901868E+008
  7.0580666618E+005  7.7109845466E+008
  7.1318216971E+005  7.6926395746E+008
  7.2074206082E+005  7.6573680110E+008
  7.2849094921E+005  7.6198630328E+008
  7.3643355981E+005  7.5791717619E+008
  7.4457473568E+005  7.5494785065E+008
  7.5291944094E+005  7.5214937483E+008
  7.6147276383E+005  7.4917142639E+008
  7.7023991980E+005  7.4599826285E+008
  7.7922625466E+005  7.4261092015E+008
  7.8843724790E+005  7.3898949859E+008
  7.9787851597E+005  7.3506518071E+008
  8.0271716585E+005  7.3442162379E+008
  8.1276038852E+005  7.3092542581E+008
  8.2331204933E+005  7.2712509254E+008
  8.3439788798E+005  7.2296207734E+008
  8.4604494720E+005  7.1902606410E+008
  8.5828163880E+005  7.1586070249E+008
  8.7113781291E+005  7.1239985643E+008
  9.2302841173E+005  6.9740149930E+008
  9.7765475959E+005  6.8292406985E+008
  1.0348091718E+006  6.6804465496E+008
  1.0849749871E+006  6.5690938674E+008
  1.1395056028E+006  6.4452687387E+008
  1.1965598524E+006  6.3144303003E+008
  1.2505832156E+006  6.1949177573E+008
  1.3049328443E+006  6.0849710992E+008
  1.3567979499E+006  5.9756090584E+008
  1.4154785562E+006  5.8560591868E+008
  1.4679282183E+006  5.7538152894E+008
  1.5258228315E+006  5.6391986105E+008
  1.5731549262E+006  5.5526436331E+008
  1.6241264153E+006  5.4545212783E+008
  1.6790171340E+006  5.3578349162E+008
  1.7381284344E+006  5.2518891559E+008
  1.7800399875E+006  5.1783906948E+008
  1.8943380736E+006  4.9799958028E+008
  1.9964995264E+006  4.8052078603E+008
  2.0968114738E+006  4.6325836103E+008
  2.2156571936E+006  4.4331783280E+008
  2.3140433516E+006  4.2785215009E+008
  2.4253582587E+006  4.1246145492E+008
  2.5248532985E+006  3.9978164253E+008
  2.6346772061E+006  3.8725476764E+008
  2.7448438665E+006  3.7783661916E+008
  2.8556758609E+006  3.6925011640E+008
  2.9614413137E+006  3.6224985943E+008
  3.0811052156E+006  3.5572714145E+008
  3.1762492146E+006  3.5073103503E+008
  3.2889721489E+006  3.4518632872E+008
  3.4023758553E+006  3.3995993612E+008
  3.5105954576E+006  3.3487783884E+008
  3.6073238646E+006  3.3033488029E+008
  3.7140939271E+006  3.2534751795E+008
  3.8319480984E+006  3.1974891231E+008
  3.9283004963E+006  3.1499495097E+008
  4.0320614903E+006  3.0991353226E+008
  4.1438007320E+006  3.0431093743E+008
  4.2641316737E+006  2.9806912616E+008
  4.3494496523E+006  2.9347385770E+008
  4.4390868535E+006  2.8855402515E+008
  4.5332619380E+006  2.8336250537E+008
  4.6314425813E+006  2.7781462798E+008
  4.7316668098E+006  2.7214689397E+008
  4.8339596739E+006  2.6657320731E+008
  4.9383499596E+006  2.6133278782E+008
  5.0000000000E+006  2.5842961049E+008
  5.0000000000E+006  2.5842961049E+008
