  0.0000000000E+000  0.0000000000E+000
  2.2290250118E+001  5.0102604815E+038
  1.7065509666E+004  1.1700026537E+042
  3.4179735382E+004  8.1451225880E+041
  5.1327883612E+004  7.2000166528E+041
  6.8697126194E+004  5.6012503600E+041
  8.5909253705E+004  4.0359605921E+041
  1.0332215443E+005  3.1890834485E+041
  1.2048291710E+005  3.3489701648E+041
  1.3761792800E+005  2.7878153180E+041
  1.5529076962E+005  2.2553319880E+041
  1.7270702210E+005  1.9396078452E+041
  1.9157212455E+005  1.6839329655E+041
  2.1027833627E+005  1.4837381629E+041
  2.2810564985E+005  1.3261490054E+041
  2.4614495279E+005  1.1973177935E+041
  2.6407673698E+005  1.0979393138E+041
  2.8153466762E+005  1.0196150741E+041
  3.0059334917E+005  9.5533687213E+040
  3.1872961640E+005  9.0921742609E+040
  3.3547136513E+005  8.7352082211E+040
  3.5342314435E+005  8.4655002616E+040
  3.7269569632E+005  8.2336895012E+040
  3.8985249037E+005  8.1278240688E+040
  4.0808878104E+005  7.9621179144E+040
  4.2748323928E+005  7.9224241946E+040
  4.4388955015E+005  7.9004802458E+040
  4.6114200435E+005  7.8420200316E+040
  4.7929491696E+005  7.8631714166E+040
  4.9840568007E+005  7.9203177964E+040
  5.1340440436E+005  7.9325901517E+040
  5.2900523314E+005  8.0186412115E+040
  5.4523771261E+005  8.1280642384E+040
  5.6213290385E+005  8.2621528986E+040
  5.7972396306E+005  8.3376367829E+040
  5.9804623514E+005  8.5025438521E+040
  6.1713614475E+005  8.6307589554E+040
  6.3703254090E+005  8.7697239815E+040
  6.5777687600E+005  9.0040929840E+040
  6.7209853792E+005  9.2068159929E+040
  6.8682941694E+005  9.2732577710E+040
  7.0198373358E+005  9.5016587995E+040
  7.1757563706E+005  9.6747745037E+040
  7.3361977338E+005  9.8790460102E+040
  7.5013191020E+005  1.0088301325E+041
  7.6712802323E+005  1.0415082948E+041
  7.8462450889E+005  1.0685115755E+041
  8.0263862973E+005  1.0989582182E+041
  8.2118880363E+005  1.1318339192E+041
  8.4029330986E+005  1.1792430550E+041
  8.5997122644E+005  1.2112206015E+041
  8.8024275285E+005  1.2552215053E+041
  9.0112805824E+005  1.3151753708E+041
  9.2264820319E+005  1.3592162719E+041
  9.4482542613E+005  1.4280009048E+041
  9.6768136254E+005  1.4813321331E+041
  9.7937098266E+005  1.5128554933E+041
  9.9123876320E+005  1.5579964175E+041
  1.0032873991E+006  1.5914089901E+041
  1.0155196566E+006  1.6257203969E+041
  1.0279381559E+006  1.6517447086E+041
  1.0405461282E+006  1.6863535693E+041
  1.0533465003E+006  1.7218062208E+041
  1.0663423852E+006  1.7710332094E+041
  1.0795369929E+006  1.7995418861E+041
  1.0929338673E+006  1.8354200637E+041
  1.1065362264E+006  1.8717816780E+041
  1.1203473184E+006  1.9087843236E+041
  1.1343704383E+006  1.9523686417E+041
  1.1486092903E+006  1.9889732190E+041
  1.1630672776E+006  2.0260927721E+041
  1.1777478390E+006  2.0636812825E+041
  1.1926544722E+006  2.1087330746E+041
  1.2077911784E+006  2.1458753928E+041
  1.2231615489E+006  2.1834256866E+041
  1.2387692396E+006  2.2214564960E+041
  1.2546179646E+006  2.2506374545E+041
  1.2707119492E+006  2.3054929303E+041
  1.2870550245E+006  2.3432302061E+041
  1.3036510734E+006  2.3738675394E+041
  1.3205044292E+006  2.4113819211E+041
  1.3376191045E+006  2.4686528444E+041
  1.3549991767E+006  2.4992070692E+041
  1.3726492200E+006  2.5368590868E+041
  1.3905734367E+006  2.5748637543E+041
  1.4087761079E+006  2.6051247639E+041
  1.4272620337E+006  2.6635396975E+041
  1.4460356235E+006  2.7013630051E+041
  1.4651013735E+006  2.7308682378E+041
  1.4844643296E+006  2.7678191655E+041
  1.5041291322E+006  2.8286106586E+041
  1.5241004901E+006  2.8563046788E+041
  1.5443837280E+006  2.8921511290E+041
  1.5649836974E+006  2.9280342368E+041
  1.5859053576E+006  2.9802613952E+041
  1.6071543026E+006  3.0143583937E+041
  1.6287356323E+006  3.0482588777E+041
  1.6506545299E+006  3.0719284938E+041
  1.6729168622E+006  3.1036139178E+041
  1.6955279771E+006  3.1566726976E+041
  1.7184937210E+006  3.1862113989E+041
  1.7418196039E+006  3.2078749743E+041
  1.7655116510E+006  3.2348338867E+041
  1.7895335224E+006  3.2860422921E+041
  1.8138818550E+006  3.3099798786E+041
  1.8385610864E+006  3.3247862853E+041
  1.8635757186E+006  3.3451971207E+041
  1.8889303143E+006  3.3941071528E+041
  1.9146294890E+006  3.4109810841E+041
  1.9406779305E+006  3.4177178009E+041
  1.9670803927E+006  3.4309319158E+041
  1.9938416966E+006  3.4352190043E+041
  2.0209667145E+006  3.4871628797E+041
  2.0484603984E+006  3.4872174654E+041
  2.0763277679E+006  3.4934768943E+041
  2.1045739046E+006  3.4900908508E+041
  2.1332039677E+006  3.5409951113E+041
  2.1622231893E+006  3.5337846143E+041
  2.1916368507E+006  3.5335802380E+041
  2.2214503250E+006  3.5234218853E+041
  2.2516690584E+006  3.5197515794E+041
  2.2822985641E+006  3.5062326467E+041
  2.3133444377E+006  3.5551881507E+041
  2.3448123439E+006  3.5374731223E+041
  2.3767080315E+006  3.5281947400E+041
  2.4090373195E+006  3.5085195572E+041
  2.4418061154E+006  3.4980764196E+041
  2.4750204005E+006  3.4760205281E+041
  2.5086862429E+006  3.5270152524E+041
  2.5428097843E+006  3.5019013116E+041
  2.5773972563E+006  3.4875313531E+041
  2.6124549682E+006  3.4625802131E+041
  2.6479893220E+006  3.4472494344E+041
  2.6840067996E+006  3.4185253820E+041
  2.7205139777E+006  3.4770794121E+041
  2.7575175141E+006  3.4474259032E+041
  2.7950241636E+006  3.4242687142E+041
  2.8330407711E+006  3.4010654533E+041
  2.8715742728E+006  3.3753241632E+041
  2.9106316976E+006  3.3501290887E+041
  2.9502201695E+006  3.3225629820E+041
  2.9903469073E+006  3.3809392007E+041
  3.0310192273E+006  3.3507359603E+041
  3.0722445456E+006  3.3233567683E+041
  3.1140303787E+006  3.2952651540E+041
  3.1563843441E+006  3.2650331564E+041
  3.1993141620E+006  3.2321525213E+041
  3.2428276568E+006  3.3038754748E+041
  3.2869327574E+006  3.2702926653E+041
  3.3316375000E+006  3.2368318112E+041
  3.3769500302E+006  3.2041727595E+041
  3.4228786027E+006  3.1688369220E+041
  3.4694315858E+006  3.1346610392E+041
  3.5166174603E+006  3.2121834070E+041
  3.5644448203E+006  3.1774822442E+041
  3.6129223773E+006  3.1391160189E+041
  3.6620589631E+006  3.1004116165E+041
  3.7118635305E+006  3.0607988017E+041
  3.7623451513E+006  3.1572662226E+041
  3.8135130172E+006  3.1143637073E+041
  3.8653764434E+006  3.0705971487E+041
  3.9179448739E+006  3.0245739888E+041
  3.9712278865E+006  2.9782522561E+041
  4.0252351937E+006  2.9245278771E+041
  4.0799766411E+006  3.0400275155E+041
  4.1354622028E+006  2.9908215840E+041
  4.1917019863E+006  2.9388655322E+041
  4.2487062402E+006  2.8840913359E+041
  4.3064853517E+006  2.8227606128E+041
  4.3650498468E+006  2.9474300359E+041
  4.4244103981E+006  2.8879783905E+041
  4.4845778304E+006  2.8273353365E+041
  4.5455631189E+006  2.7627312093E+041
  4.6073773859E+006  2.8700242679E+041
  4.6700319012E+006  2.8025657681E+041
  4.7335380853E+006  2.7351097520E+041
  4.7979075223E+006  2.6633730164E+041
  4.8631519611E+006  2.7550519399E+041
  4.9292833055E+006  2.6822693545E+041
  4.9963136165E+006  2.6021460905E+041
  5.0000000000E+006  2.5880891663E+041
  5.0000000000E+006  2.5880891663E+041
