  0.0000000000E+000  0.0000000000E+000
  2.2290249952E+001  5.0081008988E+038
  1.0040224870E+004  6.9423839379E+041
  2.0089794278E+004  1.1269604375E+042
  3.0162272535E+004  8.9671545683E+041
  4.0298338074E+004  7.1341928362E+041
  5.0456475923E+004  7.1266971050E+041
  6.0630406375E+004  6.4721507835E+041
  7.0860607000E+004  5.3589656867E+041
  8.0950994689E+004  4.3927613434E+041
  9.1135188277E+004  3.7065509708E+041
  1.0177700924E+005  3.2261420882E+041
  1.1191478460E+005  3.1236394448E+041
  1.2291100436E+005  3.4093841147E+041
  1.3396624401E+005  2.9410440333E+041
  1.4473291845E+005  2.4999338607E+041
  1.5483112248E+005  2.2663622150E+041
  1.6490361088E+005  2.0613261603E+041
  1.7593215530E+005  1.8870748843E+041
  1.8677151732E+005  1.7393508062E+041
  1.9721002271E+005  1.6169350010E+041
  2.0701679753E+005  1.5116432543E+041
  2.1750744535E+005  1.4122961033E+041
  2.2708810109E+005  1.3304739123E+041
  2.3725472896E+005  1.2548643558E+041
  2.4805163520E+005  1.1838661201E+041
  2.5756547259E+005  1.1270352642E+041
  2.6758177298E+005  1.0763202820E+041
  2.7813446904E+005  1.0324678035E+041
  2.8926052245E+005  9.9120500282E+040
  2.9860106363E+005  9.6183231883E+040
  3.0835632059E+005  9.3178568056E+040
  3.1855027838E+005  9.0671206482E+040
  3.2920841937E+005  8.8445404804E+040
  3.4035773204E+005  8.6478514802E+040
  3.5202705514E+005  8.4791042102E+040
  3.6113877723E+005  8.3394876395E+040
  3.7057439029E+005  8.2460169789E+040
  3.8034855819E+005  8.1689850218E+040
  3.9047656391E+005  8.1061735652E+040
  4.0097447855E+005  8.0573343606E+040
  4.1185919288E+005  7.9404062155E+040
  4.2314887464E+005  7.9087928767E+040
  4.3486238959E+005  7.8927161880E+040
  4.4701934826E+005  7.8933552930E+040
  4.5538049434E+005  7.9171995118E+040
  4.6395427018E+005  7.8531058996E+040
  4.7274755465E+005  7.8840250850E+040
  4.8176729389E+005  7.8764521696E+040
  4.9102061494E+005  7.9259444889E+040
  5.0051491739E+005  7.9335593664E+040
  5.1025787665E+005  8.0027200281E+040
  5.2025744569E+005  8.0196424236E+040
  5.3052213548E+005  8.0453577663E+040
  5.4106059155E+005  8.1331565122E+040
  5.5188074012E+005  8.1751751952E+040
  5.6298975217E+005  8.2841388719E+040
  5.7439697442E+005  8.2804036540E+040
  5.8611245721E+005  8.3983880291E+040
  5.9814630215E+005  8.4662983966E+040
  6.1050885226E+005  8.6098019739E+040
  6.2321082504E+005  8.7674289838E+040
  6.3626351565E+005  8.7954940271E+040
  6.4967897335E+005  8.9676195642E+040
  6.5652642940E+005  9.0255807640E+040
  6.6346905630E+005  9.0873104029E+040
  6.7050840056E+005  9.1518154846E+040
  6.7764603465E+005  9.2967447562E+040
  6.8488355742E+005  9.2973516471E+040
  6.9222271652E+005  9.3697435886E+040
  6.9966519533E+005  9.5223827630E+040
  7.0721269154E+005  9.6051721777E+040
  7.1486692703E+005  9.6926433844E+040
  7.2262965159E+005  9.7847915673E+040
  7.3050264543E+005  9.9671900886E+040
  7.3848772090E+005  9.9962947508E+040
  7.4658693536E+005  1.0101777464E+041
  7.5480214302E+005  1.0213643222E+041
  7.6313525746E+005  1.0421572082E+041
  7.7158823115E+005  1.0549927976E+041
  7.8016305411E+005  1.0685534376E+041
  7.8886175324E+005  1.0758995478E+041
  7.9768659627E+005  1.0905111712E+041
  8.0663970277E+005  1.1154058000E+041
  8.1572321525E+005  1.1319850175E+041
  8.2493930636E+005  1.1495944619E+041
  8.3429018033E+005  1.1682771610E+041
  8.4377807298E+005  1.1901513405E+041
  8.5340549029E+005  1.2098666343E+041
  8.6317475586E+005  1.2306160514E+041
  8.7308821606E+005  1.2525029403E+041
  8.8314826253E+005  1.2755024758E+041
  9.3573505852E+005  1.4101745868E+041
  9.9236930402E+005  1.5694294482E+041
  1.0408123688E+006  1.7089249954E+041
  1.0922350650E+006  1.8570489273E+041
  1.1468343927E+006  2.0100481846E+041
  1.2048183460E+006  2.1654367221E+041
  1.2506596991E+006  2.2668683172E+041
  1.2986276418E+006  2.3884154392E+041
  1.3488251311E+006  2.5111331035E+041
  1.4013596991E+006  2.6147483034E+041
  1.4563376467E+006  2.7377720645E+041
  1.5138701329E+006  2.8613701780E+041
  1.5740802323E+006  2.9567294789E+041
  1.6157711196E+006  3.0400292649E+041
  1.6587492894E+006  3.0970262678E+041
  1.7030553673E+006  3.1779824714E+041
  1.7487315813E+006  3.2248525119E+041
  1.7958217245E+006  3.2994890679E+041
  1.8944262241E+006  3.4040989270E+041
  1.9992472242E+006  3.4423262200E+041
  2.1102785207E+006  3.4920065682E+041
  2.2274707147E+006  3.5211127337E+041
  2.3196131964E+006  3.5401712927E+041
  2.4155648123E+006  3.5006428151E+041
  2.5154832530E+006  3.5060124421E+041
  2.6195327234E+006  3.4445912472E+041
  2.7278842241E+006  3.4539371388E+041
  2.8407157450E+006  3.3713186674E+041
  2.9582126161E+006  3.2959620361E+041
  3.0805677214E+006  3.2978448263E+041
  3.1649356515E+006  3.2326891636E+041
  3.2516133759E+006  3.2769365937E+041
  3.3406640890E+006  3.2167712258E+041
  3.4321526669E+006  3.1470675203E+041
  3.5261457263E+006  3.1861791518E+041
  3.6227117654E+006  3.1165154599E+041
  3.7219212048E+006  3.0364669885E+041
  3.8238463206E+006  3.0889944548E+041
  3.9285613386E+006  2.9986045423E+041
  4.0361425163E+006  2.8935025102E+041
  4.1466682593E+006  2.9649590696E+041
  4.2602191805E+006  2.8505368033E+041
  4.3768781243E+006  2.9166384618E+041
  4.4967302504E+006  2.7947721362E+041
  4.6198629916E+006  2.8420290727E+041
  4.7463659705E+006  2.6963909829E+041
  4.8763314753E+006  2.7283646069E+041
  5.0000000000E+006  2.5770893989E+041
  5.0000000000E+006  2.5770893989E+041
