   0.000000000E+00   0.171849944E+05  -0.480624731E+01  -0.537145843E+01  -0.518131768E+01  -0.487624731E+01  -0.461871212E+01  -0.435364175E+01  -0.617392325E+01  -0.513131768E+01  -0.503378250E+01  -0.501624731E+01  -0.497871212E+01
   0.220699886E+02   0.171853773E+05  -0.480629198E+01  -0.537152261E+01  -0.518136886E+01  -0.487629198E+01  -0.461875354E+01  -0.435367667E+01  -0.617398417E+01  -0.513136886E+01  -0.503383042E+01  -0.501629198E+01  -0.497875354E+01
   0.100447812E+05   0.387364412E+05  -0.138984937E+02  -0.149264843E+02  -0.145024890E+02  -0.140084937E+02  -0.136484937E+02  -0.133144984E+02  -0.157064843E+02  -0.144824890E+02  -0.142184937E+02  -0.141084937E+02  -0.139844984E+02
   0.200885245E+05   0.263585314E+05  -0.143746497E+02  -0.152401277E+02  -0.148923887E+02  -0.144735192E+02  -0.141446497E+02  -0.138357802E+02  -0.160301277E+02  -0.148623887E+02  -0.146635192E+02  -0.145846497E+02  -0.144857802E+02
   0.301148589E+05   0.210091294E+05  -0.145484763E+02  -0.152700476E+02  -0.150011048E+02  -0.146347906E+02  -0.143384763E+02  -0.140521621E+02  -0.160700476E+02  -0.149674191E+02  -0.148047906E+02  -0.147584763E+02  -0.146921621E+02
   0.401940733E+05   0.174620472E+05  -0.146417707E+02  -0.152210956E+02  -0.150215457E+02  -0.147117707E+02  -0.144518833E+02  -0.141821083E+02  -0.160212081E+02  -0.149715457E+02  -0.148716582E+02  -0.148517707E+02  -0.148118833E+02
   0.503403297E+05   0.153450516E+05  -0.146532854E+02  -0.151125868E+02  -0.149872717E+02  -0.147232854E+02  -0.144819566E+02  -0.142406279E+02  -0.159225868E+02  -0.149286005E+02  -0.148646142E+02  -0.148719566E+02  -0.148506279E+02
   0.602794346E+05   0.140113188E+05  -0.146457203E+02  -0.150003279E+02  -0.149288792E+02  -0.147057203E+02  -0.144874306E+02  -0.142508511E+02  -0.158120382E+02  -0.148588792E+02  -0.148322998E+02  -0.148557203E+02  -0.148591408E+02
   0.704760737E+05   0.130214527E+05  -0.146179959E+02  -0.148779990E+02  -0.148591084E+02  -0.146757740E+02  -0.144724397E+02  -0.142546615E+02  -0.157002209E+02  -0.147868865E+02  -0.147835521E+02  -0.148302178E+02  -0.148524397E+02
   0.805331511E+05   0.122325537E+05  -0.145832228E+02  -0.147616755E+02  -0.147874491E+02  -0.146320680E+02  -0.144543775E+02  -0.142455322E+02  -0.155916755E+02  -0.147062944E+02  -0.147309133E+02  -0.148020680E+02  -0.148343775E+02
   0.908136845E+05   0.115821280E+05  -0.145466465E+02  -0.146468196E+02  -0.147117330E+02  -0.145876638E+02  -0.144256292E+02  -0.142246119E+02  -0.154768196E+02  -0.146227504E+02  -0.146786811E+02  -0.147576638E+02  -0.148056292E+02
   0.100789502E+06   0.109827772E+05  -0.145044278E+02  -0.145213468E+02  -0.146245654E+02  -0.145377841E+02  -0.143910715E+02  -0.142043590E+02  -0.153513468E+02  -0.145345654E+02  -0.146211403E+02  -0.147144278E+02  -0.147777153E+02
   0.110920080E+06   0.104145604E+05  -0.144601162E+02  -0.143932152E+02  -0.145430613E+02  -0.144901162E+02  -0.143586437E+02  -0.141871711E+02  -0.152274789E+02  -0.144487976E+02  -0.145615888E+02  -0.146743799E+02  -0.147529074E+02
   0.121059952E+06   0.987087135E+04  -0.144179359E+02  -0.142630298E+02  -0.144664408E+02  -0.144460200E+02  -0.143317676E+02  -0.141755993E+02  -0.151030298E+02  -0.143645249E+02  -0.145021883E+02  -0.146379359E+02  -0.147336835E+02
   0.131358012E+06   0.938863108E+04  -0.143863158E+02  -0.141383960E+02  -0.143918912E+02  -0.144072450E+02  -0.143144573E+02  -0.141725988E+02  -0.149783960E+02  -0.142828205E+02  -0.144491035E+02  -0.146063158E+02  -0.147235280E+02
   0.141590692E+06   0.899704374E+04  -0.143660909E+02  -0.140275811E+02  -0.143294530E+02  -0.143808569E+02  -0.143065589E+02  -0.141770269E+02  -0.148780490E+02  -0.142142190E+02  -0.144103889E+02  -0.145860909E+02  -0.147165589E+02
   0.151752062E+06   0.858537558E+04  -0.143263833E+02  -0.138876923E+02  -0.142429942E+02  -0.143344706E+02  -0.142802088E+02  -0.141640343E+02  -0.147476923E+02  -0.141210815E+02  -0.143506451E+02  -0.145463833E+02  -0.146921215E+02
   0.161863901E+06   0.825712021E+04  -0.142982828E+02  -0.137755960E+02  -0.141756956E+02  -0.143007703E+02  -0.142633077E+02  -0.141583326E+02  -0.146355960E+02  -0.140481832E+02  -0.143057454E+02  -0.145182828E+02  -0.146808201E+02
   0.171971942E+06   0.793490594E+04  -0.142585594E+02  -0.136437085E+02  -0.140895207E+02  -0.142553329E+02  -0.142350125E+02  -0.141414655E+02  -0.145069350E+02  -0.139595207E+02  -0.142456533E+02  -0.144785594E+02  -0.146582390E+02
   0.181893374E+06   0.767748142E+04  -0.142302285E+02  -0.135353297E+02  -0.140188115E+02  -0.142222933E+02  -0.142160990E+02  -0.141319694E+02  -0.144032650E+02  -0.138888115E+02  -0.141984876E+02  -0.144502285E+02  -0.146440342E+02
   0.191923826E+06   0.742353082E+04  -0.141872364E+02  -0.134074278E+02  -0.139350992E+02  -0.141744693E+02  -0.141827707E+02  -0.141138393E+02  -0.142801949E+02  -0.137995649E+02  -0.141389350E+02  -0.144072364E+02  -0.146183050E+02
   0.202060895E+06   0.718600211E+04  -0.141418060E+02  -0.132781308E+02  -0.138523948E+02  -0.141243796E+02  -0.141466588E+02  -0.140963644E+02  -0.141555572E+02  -0.137075420E+02  -0.140795268E+02  -0.143618060E+02  -0.145915116E+02
   0.212389714E+06   0.696740391E+04  -0.140957374E+02  -0.131489777E+02  -0.137691956E+02  -0.140720614E+02  -0.141112514E+02  -0.140749273E+02  -0.140308157E+02  -0.136173576E+02  -0.140165475E+02  -0.143157374E+02  -0.145612514E+02
   0.212389714E+06   0.697098405E+04  -0.140965708E+02  -0.131513170E+02  -0.137707066E+02  -0.140730454E+02  -0.141118589E+02  -0.140753843E+02  -0.140330797E+02  -0.136189439E+02  -0.140177574E+02  -0.143165708E+02  -0.145618589E+02
   0.222422192E+06   0.677877995E+04  -0.140521524E+02  -0.130260556E+02  -0.136899088E+02  -0.140205427E+02  -0.140795669E+02  -0.140511765E+02  -0.139118604E+02  -0.135341040E+02  -0.139531282E+02  -0.142721524E+02  -0.145295669E+02
   0.232630623E+06   0.660145570E+04  -0.140089859E+02  -0.129083048E+02  -0.136131794E+02  -0.139699178E+02  -0.140475881E+02  -0.140266562E+02  -0.137978389E+02  -0.134536454E+02  -0.138913157E+02  -0.142289859E+02  -0.144975881E+02
   0.242571077E+06   0.644561573E+04  -0.139658608E+02  -0.127925462E+02  -0.135357110E+02  -0.139228458E+02  -0.140149057E+02  -0.140039507E+02  -0.136855612E+02  -0.133696810E+02  -0.138338009E+02  -0.141888758E+02  -0.144679207E+02
   0.252777374E+06   0.629884170E+04  -0.139241284E+02  -0.126812997E+02  -0.134608767E+02  -0.138778032E+02  -0.139831039E+02  -0.139820795E+02  -0.135776249E+02  -0.132882263E+02  -0.137788277E+02  -0.141504536E+02  -0.144394291E+02
   0.262686723E+06   0.617570702E+04  -0.138900468E+02  -0.125888999E+02  -0.133990245E+02  -0.138409445E+02  -0.139573535E+02  -0.139646602E+02  -0.134880021E+02  -0.132208200E+02  -0.137336379E+02  -0.141191490E+02  -0.144164557E+02
   0.273005767E+06   0.605252340E+04  -0.138497278E+02  -0.124853678E+02  -0.133295641E+02  -0.137956950E+02  -0.139277932E+02  -0.139438423E+02  -0.133873841E+02  -0.131475478E+02  -0.136816623E+02  -0.140797278E+02  -0.143898096E+02
   0.283029863E+06   0.594433166E+04  -0.138142791E+02  -0.123923564E+02  -0.132679506E+02  -0.137550134E+02  -0.139028105E+02  -0.139267091E+02  -0.132969893E+02  -0.130833178E+02  -0.136357477E+02  -0.140442791E+02  -0.143674434E+02
   0.293404411E+06   0.584258261E+04  -0.137811816E+02  -0.123051240E+02  -0.132102463E+02  -0.137169946E+02  -0.138795557E+02  -0.139108363E+02  -0.132122175E+02  -0.130231528E+02  -0.135928075E+02  -0.140111816E+02  -0.143466493E+02
   0.293404411E+06   0.584463648E+04  -0.137817900E+02  -0.123068252E+02  -0.132113515E+02  -0.137177023E+02  -0.138799655E+02  -0.139110970E+02  -0.132138690E+02  -0.130243076E+02  -0.135936146E+02  -0.140117900E+02  -0.143470093E+02
   0.303224506E+06   0.575811731E+04  -0.137533976E+02  -0.122324007E+02  -0.131620354E+02  -0.136851251E+02  -0.138599424E+02  -0.138973511E+02  -0.131415369E+02  -0.129728991E+02  -0.135568527E+02  -0.139833976E+02  -0.143290787E+02
   0.313344011E+06   0.567456409E+04  -0.137276965E+02  -0.121579308E+02  -0.131140539E+02  -0.136564563E+02  -0.138426574E+02  -0.138876184E+02  -0.130691711E+02  -0.129215734E+02  -0.135214953E+02  -0.139589367E+02  -0.143151379E+02
   0.323434957E+06   0.560221816E+04  -0.137024236E+02  -0.120876410E+02  -0.130681482E+02  -0.136293077E+02  -0.138248874E+02  -0.138773511E+02  -0.130007570E+02  -0.128719164E+02  -0.134868439E+02  -0.139355395E+02  -0.143011192E+02
   0.333482820E+06   0.552888614E+04  -0.136814038E+02  -0.120209908E+02  -0.130262145E+02  -0.136063866E+02  -0.138114727E+02  -0.138715415E+02  -0.129360080E+02  -0.128261801E+02  -0.134563178E+02  -0.139164211E+02  -0.142915071E+02
   0.343440695E+06   0.546805853E+04  -0.136628432E+02  -0.119645804E+02  -0.129903060E+02  -0.135862489E+02  -0.137992203E+02  -0.138655974E+02  -0.128811747E+02  -0.127871175E+02  -0.134298717E+02  -0.138994374E+02  -0.142824088E+02
   0.353480098E+06   0.539989603E+04  -0.136438372E+02  -0.119031607E+02  -0.129518605E+02  -0.135654757E+02  -0.137872833E+02  -0.138607294E+02  -0.128215222E+02  -0.127451374E+02  -0.134020296E+02  -0.138821988E+02  -0.142740064E+02
   0.363629914E+06   0.533868921E+04  -0.136250405E+02  -0.118462782E+02  -0.129156078E+02  -0.135450920E+02  -0.137748342E+02  -0.138546279E+02  -0.127662267E+02  -0.127057109E+02  -0.133752983E+02  -0.138649889E+02  -0.142647310E+02
   0.374039597E+06   0.527863537E+04  -0.136076011E+02  -0.117840163E+02  -0.128782301E+02  -0.135243726E+02  -0.137624439E+02  -0.138489009E+02  -0.127056306E+02  -0.126650016E+02  -0.133479156E+02  -0.138476011E+02  -0.142556724E+02
   0.384050541E+06   0.522730923E+04  -0.135907680E+02  -0.117286565E+02  -0.128442740E+02  -0.135046857E+02  -0.137498915E+02  -0.138420562E+02  -0.126516977E+02  -0.126281917E+02  -0.133225210E+02  -0.138307680E+02  -0.142459739E+02
   0.394375306E+06   0.517022813E+04  -0.135756572E+02  -0.116706991E+02  -0.128101203E+02  -0.134864010E+02  -0.137395414E+02  -0.138380537E+02  -0.125953272E+02  -0.125908641E+02  -0.132978887E+02  -0.138156572E+02  -0.142387976E+02
   0.404292747E+06   0.512280779E+04  -0.135622386E+02  -0.116216856E+02  -0.127808817E+02  -0.134703458E+02  -0.137300778E+02  -0.138338634E+02  -0.125476321E+02  -0.125589889E+02  -0.132765602E+02  -0.138022386E+02  -0.142319706E+02
   0.414440309E+06   0.507552912E+04  -0.135499354E+02  -0.115738939E+02  -0.127528058E+02  -0.134554138E+02  -0.137217178E+02  -0.138307610E+02  -0.125011546E+02  -0.125282842E+02  -0.132563706E+02  -0.137899354E+02  -0.142262394E+02
   0.424500655E+06   0.503031773E+04  -0.135396329E+02  -0.115296546E+02  -0.127274203E+02  -0.134425975E+02  -0.137151861E+02  -0.138292569E+02  -0.124581723E+02  -0.125003849E+02  -0.132385266E+02  -0.137796329E+02  -0.142222215E+02
   0.434515061E+06   0.500000000E+04  -0.135292809E+02  -0.114965453E+02  -0.127069539E+02  -0.134305597E+02  -0.137073626E+02  -0.138248049E+02  -0.124259058E+02  -0.124782328E+02  -0.132231174E+02  -0.137692809E+02  -0.142160838E+02
   0.444550457E+06   0.500000000E+04  -0.135166171E+02  -0.114838815E+02  -0.126942902E+02  -0.134178960E+02  -0.136946989E+02  -0.138121412E+02  -0.124132421E+02  -0.124655690E+02  -0.132104536E+02  -0.137566171E+02  -0.142034200E+02
   0.454755861E+06   0.500000000E+04  -0.135070374E+02  -0.114743018E+02  -0.126847104E+02  -0.134083162E+02  -0.136851191E+02  -0.138025614E+02  -0.124036623E+02  -0.124559893E+02  -0.132008739E+02  -0.137470374E+02  -0.141938403E+02
   0.465038630E+06   0.500000000E+04  -0.135010059E+02  -0.114682703E+02  -0.126786790E+02  -0.134022848E+02  -0.136790877E+02  -0.137965300E+02  -0.123976309E+02  -0.124499578E+02  -0.131948425E+02  -0.137410059E+02  -0.141878088E+02
   0.474898026E+06   0.500000000E+04  -0.134967523E+02  -0.114640167E+02  -0.126744254E+02  -0.133980312E+02  -0.136748340E+02  -0.137922764E+02  -0.123933773E+02  -0.124457042E+02  -0.131905888E+02  -0.137367523E+02  -0.141835552E+02
   0.485160145E+06   0.500000000E+04  -0.134929320E+02  -0.114601964E+02  -0.126706051E+02  -0.133942108E+02  -0.136710137E+02  -0.137884560E+02  -0.123895570E+02  -0.124418839E+02  -0.131867685E+02  -0.137329320E+02  -0.141797349E+02
   0.485160145E+06   0.500000000E+04  -0.134930095E+02  -0.114602739E+02  -0.126706826E+02  -0.133942884E+02  -0.136710913E+02  -0.137885336E+02  -0.123896345E+02  -0.124419614E+02  -0.131868461E+02  -0.137330095E+02  -0.141798124E+02
   0.495500586E+06   0.500000000E+04  -0.134919950E+02  -0.114592594E+02  -0.126696681E+02  -0.133932739E+02  -0.136700768E+02  -0.137875191E+02  -0.123886200E+02  -0.124409469E+02  -0.131858315E+02  -0.137319950E+02  -0.141787979E+02
   0.495500586E+06   0.500000000E+04  -0.134919994E+02  -0.114592638E+02  -0.126696725E+02  -0.133932783E+02  -0.136700812E+02  -0.137875235E+02  -0.123886244E+02  -0.124409513E+02  -0.131858360E+02  -0.137319994E+02  -0.141788023E+02
   0.506109715E+06   0.500000000E+04  -0.134921042E+02  -0.114593686E+02  -0.126697773E+02  -0.133933831E+02  -0.136701860E+02  -0.137876283E+02  -0.123887292E+02  -0.124410561E+02  -0.131859408E+02  -0.137321042E+02  -0.141789071E+02
   0.516724982E+06   0.500000000E+04  -0.134926966E+02  -0.114599610E+02  -0.126703697E+02  -0.133939755E+02  -0.136707783E+02  -0.137882207E+02  -0.123893216E+02  -0.124416485E+02  -0.131865331E+02  -0.137326966E+02  -0.141794995E+02
   0.526971791E+06   0.500000000E+04  -0.134826948E+02  -0.114499591E+02  -0.126603678E+02  -0.133839736E+02  -0.136607765E+02  -0.137782188E+02  -0.123793197E+02  -0.124316467E+02  -0.131765313E+02  -0.137226948E+02  -0.141694977E+02
   0.537078883E+06   0.500000000E+04  -0.134811193E+02  -0.114483837E+02  -0.126587924E+02  -0.133823982E+02  -0.136592011E+02  -0.137766434E+02  -0.123777443E+02  -0.124300712E+02  -0.131749559E+02  -0.137211193E+02  -0.141679222E+02
   0.547433465E+06   0.500000000E+04  -0.134816134E+02  -0.114488778E+02  -0.126592865E+02  -0.133828922E+02  -0.136596951E+02  -0.137771374E+02  -0.123782384E+02  -0.124305653E+02  -0.131754499E+02  -0.137216134E+02  -0.141684163E+02
   0.558047327E+06   0.500000000E+04  -0.134851525E+02  -0.114524169E+02  -0.126628256E+02  -0.133864314E+02  -0.136632343E+02  -0.137806766E+02  -0.123817775E+02  -0.124341044E+02  -0.131789891E+02  -0.137251525E+02  -0.141719554E+02
   0.568147004E+06   0.500000000E+04  -0.134891834E+02  -0.114564478E+02  -0.126668564E+02  -0.133904622E+02  -0.136672651E+02  -0.137847074E+02  -0.123858083E+02  -0.124381353E+02  -0.131830199E+02  -0.137291834E+02  -0.141759863E+02
   0.578575371E+06   0.500000000E+04  -0.134940689E+02  -0.114613333E+02  -0.126717420E+02  -0.133953477E+02  -0.136721506E+02  -0.137895929E+02  -0.123906939E+02  -0.124430208E+02  -0.131879054E+02  -0.137340689E+02  -0.141808718E+02
   0.588838324E+06   0.500000000E+04  -0.135008514E+02  -0.114681158E+02  -0.126785245E+02  -0.134021302E+02  -0.136789331E+02  -0.137963755E+02  -0.123974764E+02  -0.124498033E+02  -0.131946879E+02  -0.137408514E+02  -0.141876543E+02
   0.599270473E+06   0.500000000E+04  -0.135089401E+02  -0.114762045E+02  -0.126866131E+02  -0.134102189E+02  -0.136870218E+02  -0.138044641E+02  -0.124055650E+02  -0.124578920E+02  -0.132027766E+02  -0.137489401E+02  -0.141957430E+02
   0.609297204E+06   0.500000000E+04  -0.135041647E+02  -0.114714291E+02  -0.126818378E+02  -0.134054435E+02  -0.136822464E+02  -0.137996887E+02  -0.124007897E+02  -0.124531166E+02  -0.131980012E+02  -0.137441647E+02  -0.141909676E+02
   0.619474876E+06   0.500000000E+04  -0.135099009E+02  -0.114771653E+02  -0.126875740E+02  -0.134111797E+02  -0.136879826E+02  -0.138054249E+02  -0.124065259E+02  -0.124588528E+02  -0.132037374E+02  -0.137499009E+02  -0.141967038E+02
   0.629479174E+06   0.500000000E+04  -0.135175790E+02  -0.114848433E+02  -0.126952520E+02  -0.134188578E+02  -0.136956607E+02  -0.138131030E+02  -0.124142039E+02  -0.124665309E+02  -0.132114155E+02  -0.137575790E+02  -0.142043818E+02
   0.640015564E+06   0.500000000E+04  -0.135267623E+02  -0.114940267E+02  -0.127044354E+02  -0.134280412E+02  -0.137048441E+02  -0.138222864E+02  -0.124233873E+02  -0.124757143E+02  -0.132205989E+02  -0.137667623E+02  -0.142135652E+02
   0.650220945E+06   0.500000000E+04  -0.135362418E+02  -0.115035062E+02  -0.127139149E+02  -0.134375207E+02  -0.137143236E+02  -0.138317659E+02  -0.124328668E+02  -0.124851937E+02  -0.132300783E+02  -0.137762418E+02  -0.142230447E+02
   0.660329850E+06   0.500000000E+04  -0.135470684E+02  -0.115143328E+02  -0.127247415E+02  -0.134483473E+02  -0.137251502E+02  -0.138425925E+02  -0.124436934E+02  -0.124960203E+02  -0.132409050E+02  -0.137870684E+02  -0.142338713E+02
   0.670469160E+06   0.500000000E+04  -0.135596658E+02  -0.115269302E+02  -0.127373388E+02  -0.134609446E+02  -0.137377475E+02  -0.138551898E+02  -0.124562907E+02  -0.125086177E+02  -0.132535023E+02  -0.137996658E+02  -0.142464687E+02
   0.680810909E+06   0.500000000E+04  -0.135728712E+02  -0.115401356E+02  -0.127505442E+02  -0.134741500E+02  -0.137509529E+02  -0.138683952E+02  -0.124694961E+02  -0.125218231E+02  -0.132667077E+02  -0.138128712E+02  -0.142596741E+02
   0.691255617E+06   0.500000000E+04  -0.135870653E+02  -0.115543296E+02  -0.127647383E+02  -0.134883441E+02  -0.137651470E+02  -0.138825893E+02  -0.124836902E+02  -0.125360172E+02  -0.132809018E+02  -0.138270653E+02  -0.142738682E+02
   0.701669267E+06   0.500000000E+04  -0.135825890E+02  -0.115498533E+02  -0.127602620E+02  -0.134838678E+02  -0.137606707E+02  -0.138781130E+02  -0.124792139E+02  -0.125315409E+02  -0.132764255E+02  -0.138225890E+02  -0.142693918E+02
   0.711827384E+06   0.500000000E+04  -0.135969808E+02  -0.115642452E+02  -0.127746539E+02  -0.134982597E+02  -0.137750626E+02  -0.138925049E+02  -0.124936058E+02  -0.125459327E+02  -0.132908174E+02  -0.138369808E+02  -0.142837837E+02
   0.722345869E+06   0.500000000E+04  -0.136121697E+02  -0.115794341E+02  -0.127898428E+02  -0.135134486E+02  -0.137902514E+02  -0.139076938E+02  -0.125087947E+02  -0.125611216E+02  -0.133060062E+02  -0.138521697E+02  -0.142989726E+02
   0.732685193E+06   0.500000000E+04  -0.136279351E+02  -0.115951994E+02  -0.128056081E+02  -0.135292139E+02  -0.138060168E+02  -0.139234591E+02  -0.125245600E+02  -0.125768870E+02  -0.133217716E+02  -0.138679351E+02  -0.143147380E+02
   0.743315160E+06   0.500000000E+04  -0.136455551E+02  -0.116128195E+02  -0.128232282E+02  -0.135468340E+02  -0.138236368E+02  -0.139410792E+02  -0.125421801E+02  -0.125945070E+02  -0.133393916E+02  -0.138855551E+02  -0.143323580E+02
   0.753816477E+06   0.500000000E+04  -0.136636991E+02  -0.116309635E+02  -0.128413722E+02  -0.135649780E+02  -0.138417809E+02  -0.139592232E+02  -0.125603241E+02  -0.126126510E+02  -0.133575357E+02  -0.139036991E+02  -0.143505020E+02
   0.764259075E+06   0.500000000E+04  -0.136824326E+02  -0.116496970E+02  -0.128601057E+02  -0.135837114E+02  -0.138605143E+02  -0.139779566E+02  -0.125790576E+02  -0.126313845E+02  -0.133762691E+02  -0.139224326E+02  -0.143692355E+02
   0.775116636E+06   0.500000000E+04  -0.137034115E+02  -0.116706759E+02  -0.128810845E+02  -0.136046903E+02  -0.138814932E+02  -0.139989355E+02  -0.126000364E+02  -0.126523634E+02  -0.133972480E+02  -0.139434115E+02  -0.143902144E+02
   0.775116636E+06   0.500000000E+04  -0.137027441E+02  -0.116700085E+02  -0.128804171E+02  -0.136040229E+02  -0.138808258E+02  -0.139982681E+02  -0.125993690E+02  -0.126516960E+02  -0.133965806E+02  -0.139427441E+02  -0.143895470E+02
   0.784918491E+06   0.500000000E+04  -0.136992267E+02  -0.116664911E+02  -0.128768998E+02  -0.136005056E+02  -0.138773085E+02  -0.139947508E+02  -0.125958517E+02  -0.126481786E+02  -0.133930633E+02  -0.139392267E+02  -0.143860296E+02
   0.795008821E+06   0.500000000E+04  -0.137193091E+02  -0.116865735E+02  -0.128969821E+02  -0.136205879E+02  -0.138973908E+02  -0.140148331E+02  -0.126159340E+02  -0.126682610E+02  -0.134131456E+02  -0.139593091E+02  -0.144061120E+02
   0.795008821E+06   0.500000000E+04  -0.137189571E+02  -0.116862215E+02  -0.128966301E+02  -0.136202359E+02  -0.138970388E+02  -0.140144811E+02  -0.126155820E+02  -0.126679090E+02  -0.134127936E+02  -0.139589571E+02  -0.144057600E+02
   0.805414453E+06   0.500000000E+04  -0.137393782E+02  -0.117066426E+02  -0.129170513E+02  -0.136406571E+02  -0.139174600E+02  -0.140349023E+02  -0.126360032E+02  -0.126883301E+02  -0.134332148E+02  -0.139793782E+02  -0.144261811E+02
   0.815416257E+06   0.500000000E+04  -0.137591872E+02  -0.117264515E+02  -0.129368602E+02  -0.136604660E+02  -0.139372689E+02  -0.140547112E+02  -0.126558121E+02  -0.127081391E+02  -0.134530237E+02  -0.139991872E+02  -0.144459900E+02
   0.825749507E+06   0.500000000E+04  -0.137803661E+02  -0.117476305E+02  -0.129580391E+02  -0.136816449E+02  -0.139584478E+02  -0.140758901E+02  -0.126769910E+02  -0.127293180E+02  -0.134742026E+02  -0.140203661E+02  -0.144671690E+02
   0.836109877E+06   0.500000000E+04  -0.138019270E+02  -0.117691914E+02  -0.129796000E+02  -0.137032058E+02  -0.139800087E+02  -0.140974510E+02  -0.126985519E+02  -0.127508789E+02  -0.134957635E+02  -0.140419270E+02  -0.144887299E+02
   0.846323223E+06   0.500000000E+04  -0.138225782E+02  -0.117898426E+02  -0.130002512E+02  -0.137238570E+02  -0.140006599E+02  -0.141181022E+02  -0.127192032E+02  -0.127715301E+02  -0.135164147E+02  -0.140625782E+02  -0.145093811E+02
   0.856246824E+06   0.500000000E+04  -0.138429827E+02  -0.118102471E+02  -0.130206558E+02  -0.137442615E+02  -0.140210644E+02  -0.141385067E+02  -0.127396077E+02  -0.127919346E+02  -0.135368192E+02  -0.140829827E+02  -0.145297856E+02
   0.866196014E+06   0.500000000E+04  -0.138416110E+02  -0.118088754E+02  -0.130192841E+02  -0.137428899E+02  -0.140196928E+02  -0.141371351E+02  -0.127382360E+02  -0.127905629E+02  -0.135354475E+02  -0.140816110E+02  -0.145284139E+02
   0.916325741E+06   0.500000000E+04  -0.139472941E+02  -0.119145585E+02  -0.131249671E+02  -0.138485729E+02  -0.141253758E+02  -0.142428181E+02  -0.128439190E+02  -0.128962460E+02  -0.136411306E+02  -0.141872941E+02  -0.146340970E+02
   0.966659438E+06   0.500000000E+04  -0.140319183E+02  -0.119991827E+02  -0.132095913E+02  -0.139331971E+02  -0.142100000E+02  -0.143274423E+02  -0.129285432E+02  -0.129808702E+02  -0.137257548E+02  -0.142719183E+02  -0.147187212E+02
   0.101663942E+07   0.500000000E+04  -0.141302112E+02  -0.120974756E+02  -0.133078843E+02  -0.140314900E+02  -0.143082929E+02  -0.144257352E+02  -0.130268362E+02  -0.130791631E+02  -0.138240477E+02  -0.143702112E+02  -0.148170141E+02
   0.106683267E+07   0.500000000E+04  -0.142058857E+02  -0.121731500E+02  -0.133835587E+02  -0.141071645E+02  -0.143839674E+02  -0.145014097E+02  -0.131025106E+02  -0.131548376E+02  -0.138997222E+02  -0.144458857E+02  -0.148926886E+02
   0.111719749E+07   0.500000000E+04  -0.142968230E+02  -0.122640874E+02  -0.134744961E+02  -0.141981019E+02  -0.144749048E+02  -0.145923471E+02  -0.131934480E+02  -0.132457749E+02  -0.139906596E+02  -0.145368230E+02  -0.149836259E+02
   0.116709991E+07   0.500000000E+04  -0.143641278E+02  -0.123313922E+02  -0.135418009E+02  -0.142654067E+02  -0.145422096E+02  -0.146596519E+02  -0.132607528E+02  -0.133130797E+02  -0.140579644E+02  -0.146041278E+02  -0.150509307E+02
   0.121727781E+07   0.500000000E+04  -0.144285934E+02  -0.123958577E+02  -0.136062664E+02  -0.143298722E+02  -0.146066751E+02  -0.147241174E+02  -0.133252183E+02  -0.133775453E+02  -0.141224299E+02  -0.146685934E+02  -0.151153962E+02
   0.126781158E+07   0.500000000E+04  -0.145072350E+02  -0.124744994E+02  -0.136849081E+02  -0.144085138E+02  -0.146853167E+02  -0.148027590E+02  -0.134038600E+02  -0.134561869E+02  -0.142010715E+02  -0.147472350E+02  -0.151940379E+02
   0.131788734E+07   0.500000000E+04  -0.145649447E+02  -0.125322091E+02  -0.137426178E+02  -0.144662236E+02  -0.147430265E+02  -0.148604688E+02  -0.134615697E+02  -0.135138966E+02  -0.142587813E+02  -0.148049447E+02  -0.152517476E+02
   0.136784542E+07   0.500000000E+04  -0.146335779E+02  -0.126008423E+02  -0.138112509E+02  -0.145348567E+02  -0.148116596E+02  -0.149291019E+02  -0.135302028E+02  -0.135825298E+02  -0.143274144E+02  -0.148735779E+02  -0.153203808E+02
   0.141875492E+07   0.500000000E+04  -0.146882284E+02  -0.126554928E+02  -0.138659015E+02  -0.145895073E+02  -0.148663102E+02  -0.149837525E+02  -0.135848534E+02  -0.136371804E+02  -0.143820650E+02  -0.149282284E+02  -0.153750313E+02
   0.146942221E+07   0.500000000E+04  -0.147465904E+02  -0.127138547E+02  -0.139242634E+02  -0.146478692E+02  -0.149246721E+02  -0.150421144E+02  -0.136432153E+02  -0.136955423E+02  -0.144404269E+02  -0.149865904E+02  -0.154333933E+02
   0.151954414E+07   0.500000000E+04  -0.147895737E+02  -0.127568381E+02  -0.139672468E+02  -0.146908526E+02  -0.149676555E+02  -0.150850978E+02  -0.136861987E+02  -0.137385256E+02  -0.144834102E+02  -0.150295737E+02  -0.154763766E+02
   0.156975388E+07   0.500000000E+04  -0.148305932E+02  -0.127978575E+02  -0.140082662E+02  -0.147318720E+02  -0.150086749E+02  -0.151261172E+02  -0.137272181E+02  -0.137795451E+02  -0.145244297E+02  -0.150705932E+02  -0.155173961E+02
   0.161977014E+07   0.500000000E+04  -0.148746606E+02  -0.128419250E+02  -0.140523337E+02  -0.147759395E+02  -0.150527424E+02  -0.151701847E+02  -0.137712856E+02  -0.138236126E+02  -0.145684972E+02  -0.151146606E+02  -0.155614635E+02
   0.167027462E+07   0.500000000E+04  -0.149069958E+02  -0.128742602E+02  -0.140846688E+02  -0.148082746E+02  -0.150850775E+02  -0.152025198E+02  -0.138036207E+02  -0.138559477E+02  -0.146008323E+02  -0.151469958E+02  -0.155937987E+02
   0.172068115E+07   0.500000000E+04  -0.149405781E+02  -0.129078424E+02  -0.141182511E+02  -0.148418569E+02  -0.151186598E+02  -0.152361021E+02  -0.138372030E+02  -0.138895300E+02  -0.146344146E+02  -0.151805781E+02  -0.156273809E+02
   0.177065027E+07   0.500000000E+04  -0.149665508E+02  -0.129338152E+02  -0.141442239E+02  -0.148678296E+02  -0.151446325E+02  -0.152620748E+02  -0.138631758E+02  -0.139155027E+02  -0.146603873E+02  -0.152065508E+02  -0.156533537E+02
   0.187179341E+07   0.500000000E+04  -0.150101689E+02  -0.129774333E+02  -0.141878420E+02  -0.149114478E+02  -0.151882507E+02  -0.153056930E+02  -0.139067939E+02  -0.139591208E+02  -0.147040055E+02  -0.152501689E+02  -0.156969718E+02
   0.197198982E+07   0.500000000E+04  -0.150360306E+02  -0.130032949E+02  -0.142137036E+02  -0.149373094E+02  -0.152141123E+02  -0.153315546E+02  -0.139326555E+02  -0.139849825E+02  -0.147298671E+02  -0.152760306E+02  -0.157228334E+02
   0.207253281E+07   0.500000000E+04  -0.150543650E+02  -0.130216294E+02  -0.142320381E+02  -0.149556439E+02  -0.152324468E+02  -0.153498891E+02  -0.139509900E+02  -0.140033169E+02  -0.147482016E+02  -0.152943650E+02  -0.157411679E+02
   0.217236135E+07   0.500000000E+04  -0.150603221E+02  -0.130275865E+02  -0.142379951E+02  -0.149616009E+02  -0.152384038E+02  -0.153558461E+02  -0.139569470E+02  -0.140092740E+02  -0.147541586E+02  -0.153003221E+02  -0.157471250E+02
   0.227264159E+07   0.500000000E+04  -0.150573493E+02  -0.130246137E+02  -0.142350224E+02  -0.149586282E+02  -0.152354311E+02  -0.153528734E+02  -0.139539743E+02  -0.140063012E+02  -0.147511859E+02  -0.152973493E+02  -0.157441522E+02
   0.237289034E+07   0.500000000E+04  -0.150490078E+02  -0.130162722E+02  -0.142266809E+02  -0.149502866E+02  -0.152270895E+02  -0.153445318E+02  -0.139456328E+02  -0.139979597E+02  -0.147428443E+02  -0.152890078E+02  -0.157358107E+02
   0.247294935E+07   0.500000000E+04  -0.150394683E+02  -0.130067327E+02  -0.142171414E+02  -0.149407472E+02  -0.152175501E+02  -0.153349924E+02  -0.139360933E+02  -0.139884202E+02  -0.147333049E+02  -0.152794683E+02  -0.157262712E+02
   0.257316030E+07   0.500000000E+04  -0.150258746E+02  -0.129931390E+02  -0.142035476E+02  -0.149271534E+02  -0.152039563E+02  -0.153213986E+02  -0.139224995E+02  -0.139748265E+02  -0.147197111E+02  -0.152658746E+02  -0.157126775E+02
   0.267353859E+07   0.500000000E+04  -0.150093849E+02  -0.129766493E+02  -0.141870580E+02  -0.149106637E+02  -0.151874666E+02  -0.153049089E+02  -0.139060099E+02  -0.139583368E+02  -0.147032214E+02  -0.152493849E+02  -0.156961878E+02
   0.277393990E+07   0.500000000E+04  -0.149962551E+02  -0.129635195E+02  -0.141739282E+02  -0.148975340E+02  -0.151743369E+02  -0.152917792E+02  -0.138928801E+02  -0.139452070E+02  -0.146900917E+02  -0.152362551E+02  -0.156830580E+02
   0.287370955E+07   0.500000000E+04  -0.149759118E+02  -0.129431762E+02  -0.141535849E+02  -0.148771907E+02  -0.151539936E+02  -0.152714359E+02  -0.138725368E+02  -0.139248637E+02  -0.146697484E+02  -0.152159118E+02  -0.156627147E+02
   0.297453843E+07   0.500000000E+04  -0.149549127E+02  -0.129221771E+02  -0.141325858E+02  -0.148561916E+02  -0.151329944E+02  -0.152504368E+02  -0.138515377E+02  -0.139038646E+02  -0.146487492E+02  -0.151949127E+02  -0.156417156E+02
   0.307494842E+07   0.500000000E+04  -0.149342589E+02  -0.129015233E+02  -0.141119320E+02  -0.148355378E+02  -0.151123407E+02  -0.152297830E+02  -0.138308839E+02  -0.138832109E+02  -0.146280955E+02  -0.151742589E+02  -0.156210618E+02
   0.317493530E+07   0.500000000E+04  -0.149135700E+02  -0.128808344E+02  -0.140912430E+02  -0.148148488E+02  -0.150916517E+02  -0.152090940E+02  -0.138101949E+02  -0.138625219E+02  -0.146074065E+02  -0.151535700E+02  -0.156003729E+02
   0.327541612E+07   0.500000000E+04  -0.148908250E+02  -0.128580894E+02  -0.140684981E+02  -0.147921039E+02  -0.150689068E+02  -0.151863491E+02  -0.137874500E+02  -0.138397769E+02  -0.145846616E+02  -0.151308250E+02  -0.155776279E+02
   0.337604506E+07   0.500000000E+04  -0.148628204E+02  -0.128300848E+02  -0.140404935E+02  -0.147640993E+02  -0.150409022E+02  -0.151583445E+02  -0.137594454E+02  -0.138117723E+02  -0.145566570E+02  -0.151028204E+02  -0.155496233E+02
   0.347530188E+07   0.500000000E+04  -0.148353598E+02  -0.128026242E+02  -0.140130329E+02  -0.147366387E+02  -0.150134416E+02  -0.151308839E+02  -0.137319848E+02  -0.137843117E+02  -0.145291964E+02  -0.150753598E+02  -0.155221627E+02
   0.357611621E+07   0.500000000E+04  -0.148132517E+02  -0.127805161E+02  -0.139909247E+02  -0.147145305E+02  -0.149913334E+02  -0.151087757E+02  -0.137098766E+02  -0.137622036E+02  -0.145070882E+02  -0.150532517E+02  -0.155000546E+02
   0.367677981E+07   0.500000000E+04  -0.147816337E+02  -0.127488981E+02  -0.139593067E+02  -0.146829125E+02  -0.149597154E+02  -0.150771577E+02  -0.136782586E+02  -0.137305856E+02  -0.144754702E+02  -0.150216337E+02  -0.154684366E+02
   0.377736864E+07   0.500000000E+04  -0.147462876E+02  -0.127135519E+02  -0.139239606E+02  -0.146475664E+02  -0.149243693E+02  -0.150418116E+02  -0.136429125E+02  -0.136952395E+02  -0.144401241E+02  -0.149862876E+02  -0.154330905E+02
   0.387771093E+07   0.500000000E+04  -0.147090746E+02  -0.126763390E+02  -0.138867477E+02  -0.146103535E+02  -0.148871564E+02  -0.150045987E+02  -0.136056996E+02  -0.136580265E+02  -0.144029112E+02  -0.149490746E+02  -0.153958775E+02
   0.397858963E+07   0.500000000E+04  -0.146703261E+02  -0.126375905E+02  -0.138479991E+02  -0.145716049E+02  -0.148484078E+02  -0.149658501E+02  -0.135669511E+02  -0.136192780E+02  -0.143641626E+02  -0.149103261E+02  -0.153571290E+02
   0.407904093E+07   0.500000000E+04  -0.146259792E+02  -0.125932436E+02  -0.138036523E+02  -0.145272580E+02  -0.148040609E+02  -0.149215032E+02  -0.135226042E+02  -0.135749311E+02  -0.143198157E+02  -0.148659792E+02  -0.153127821E+02
   0.417897729E+07   0.500000000E+04  -0.145826131E+02  -0.125498775E+02  -0.137602861E+02  -0.144838919E+02  -0.147606948E+02  -0.148781371E+02  -0.134792380E+02  -0.135315650E+02  -0.142764496E+02  -0.148226131E+02  -0.152694160E+02
   0.427907189E+07   0.500000000E+04  -0.145279730E+02  -0.124952374E+02  -0.137056460E+02  -0.144292518E+02  -0.147060547E+02  -0.148234970E+02  -0.134245979E+02  -0.134769249E+02  -0.142218095E+02  -0.147679730E+02  -0.152147759E+02
   0.438138943E+07   0.500000000E+04  -0.144716753E+02  -0.124389397E+02  -0.136493483E+02  -0.143729541E+02  -0.146497570E+02  -0.147671993E+02  -0.133683002E+02  -0.134206272E+02  -0.141655118E+02  -0.147116753E+02  -0.151584782E+02
   0.448229808E+07   0.500000000E+04  -0.144092805E+02  -0.123765449E+02  -0.135869535E+02  -0.143105593E+02  -0.145873622E+02  -0.147048045E+02  -0.133059054E+02  -0.133582324E+02  -0.141031170E+02  -0.146492805E+02  -0.150960834E+02
   0.458330533E+07   0.500000000E+04  -0.143405821E+02  -0.123078465E+02  -0.135182552E+02  -0.142418610E+02  -0.145186639E+02  -0.146361062E+02  -0.132372071E+02  -0.132895340E+02  -0.140344187E+02  -0.145805821E+02  -0.150273850E+02
   0.468516155E+07   0.500000000E+04  -0.142618480E+02  -0.122291124E+02  -0.134395211E+02  -0.141631268E+02  -0.144399297E+02  -0.145573720E+02  -0.131584730E+02  -0.132107999E+02  -0.139556845E+02  -0.145018480E+02  -0.149486509E+02
   0.478646326E+07   0.500000000E+04  -0.141787066E+02  -0.121459710E+02  -0.133563796E+02  -0.140799854E+02  -0.143567883E+02  -0.144742306E+02  -0.130753315E+02  -0.131276585E+02  -0.138725431E+02  -0.144187066E+02  -0.148655095E+02
   0.488625950E+07   0.500000000E+04  -0.140821691E+02  -0.120494335E+02  -0.132598422E+02  -0.139834480E+02  -0.142602509E+02  -0.143776932E+02  -0.129787941E+02  -0.130311210E+02  -0.137760057E+02  -0.143221691E+02  -0.147689720E+02
   0.498655814E+07   0.500000000E+04  -0.139680834E+02  -0.119353478E+02  -0.131457565E+02  -0.138693623E+02  -0.141461652E+02  -0.142636075E+02  -0.128647084E+02  -0.129170353E+02  -0.136619200E+02  -0.142080834E+02  -0.146548863E+02
