   0.000000000E+00  -2.096069546E+51   1.219185881E+51   3.954042005E+48  -8.729296230E+50   0.000000000E+00
   2.218042777E+01  -1.722470701E+50   5.460414895E+50   7.548277828E+50   1.128622202E+51   2.001551825E+51
   1.004590882E+04  -6.431631767E+47   1.992334089E+48   1.134519328E+51   1.135868499E+51   2.008798122E+51
   2.010651684E+04  -3.216854826E+47   9.686163255E+47   1.135240240E+51   1.135887171E+51   2.008816794E+51
   3.022009754E+04  -2.141408737E+47   6.439750041E+47   1.135467828E+51   1.135897662E+51   2.008827285E+51
   4.022758084E+04  -1.608905025E+47   4.905358624E+47   1.135578931E+51   1.135908576E+51   2.008838199E+51
   5.052692256E+04  -1.280869877E+47   4.002254086E+47   1.135648108E+51   1.135920246E+51   2.008849869E+51
   6.069449382E+04  -1.066153724E+47   3.430814318E+47   1.135694410E+51   1.135930876E+51   2.008860499E+51
   7.087839710E+04  -9.128185023E+46   3.049673410E+47   1.135728562E+51   1.135942248E+51   2.008871871E+51
   8.088596437E+04  -7.997465686E+46   2.790533128E+47   1.135754894E+51   1.135953972E+51   2.008883595E+51
   9.145832348E+04  -7.070230136E+46   2.638601954E+47   1.136438585E+51   1.136631743E+51   2.009561366E+51
   1.016788892E+05  -6.358475120E+46   2.582201707E+47   1.136458611E+51   1.136653247E+51   2.009582870E+51
   1.121363646E+05  -5.764462544E+46   2.555529489E+47   1.136477780E+51   1.136675689E+51   2.009605312E+51
   1.225569355E+05  -5.273558903E+46   2.550962712E+47   1.136496000E+51   1.136698361E+51   2.009627984E+51
   1.333492873E+05  -4.846395858E+46   2.563253980E+47   1.136514200E+51   1.136722062E+51   2.009651685E+51
   1.433901574E+05  -4.506720580E+46   2.586868504E+47   1.136530647E+51   1.136744267E+51   2.009673890E+51
   1.533254840E+05  -4.214394927E+46   2.619746824E+47   1.136546516E+51   1.136766346E+51   2.009695969E+51
   1.641184741E+05  -3.936922315E+46   2.664575452E+47   1.136563337E+51   1.136790425E+51   2.009720048E+51
   1.746680521E+05  -3.698032683E+46   2.711315053E+47   1.137213347E+51   1.137447498E+51   2.010377122E+51
   1.849064214E+05  -3.492946523E+46   2.748635279E+47   1.137228516E+51   1.137468450E+51   2.010398073E+51
   1.945082008E+05  -3.320210125E+46   2.789652423E+47   1.137242360E+51   1.137488123E+51   2.010417746E+51
   2.047749595E+05  -3.153412225E+46   2.839123705E+47   1.137256800E+51   1.137509178E+51   2.010438801E+51
   2.157777814E+05  -2.992258810E+46   2.897738115E+47   1.137271907E+51   1.137531758E+51   2.010461381E+51
   2.258556477E+05  -2.858418458E+46   2.955849675E+47   1.137285449E+51   1.137552449E+51   2.010482072E+51
   2.365906328E+05  -2.728385059E+46   3.021808887E+47   1.137299600E+51   1.137574497E+51   2.010504120E+51
   2.460838211E+05  -2.622842241E+46   3.083205507E+47   1.137311906E+51   1.137593998E+51   2.010523621E+51
   2.561171696E+05  -2.519797162E+46   3.150851488E+47   1.137324722E+51   1.137614609E+51   2.010544232E+51
   2.668269680E+05  -2.417790318E+46   3.210502368E+47   1.137991440E+51   1.138288312E+51   2.011217935E+51
   2.759095753E+05  -2.337952099E+46   3.260715615E+47   1.138002666E+51   1.138305359E+51   2.011234982E+51
   2.854335102E+05  -2.259695167E+46   3.315619071E+47   1.138014254E+51   1.138323219E+51   2.011252842E+51
   2.954270068E+05  -2.183009122E+46   3.375444505E+47   1.138026231E+51   1.138341945E+51   2.011271568E+51
   3.059201356E+05  -2.107886258E+46   3.440438990E+47   1.138038624E+51   1.138361589E+51   2.011291212E+51
   3.169449988E+05  -2.034320749E+46   3.510861971E+47   1.138051465E+51   1.138382208E+51   2.011311831E+51
   3.285359403E+05  -1.962307996E+46   3.586989930E+47   1.138064786E+51   1.138403862E+51   2.011333485E+51
   3.376226793E+05  -1.909315083E+46   3.648006928E+47   1.138075112E+51   1.138420819E+51   2.011350443E+51
   3.470650034E+05  -1.856820083E+46   3.708002343E+47   1.138722553E+51   1.139074785E+51   2.012004408E+51
   3.569832734E+05  -1.805052401E+46   3.763687440E+47   1.138733596E+51   1.139091915E+51   2.012021538E+51
   3.673005908E+05  -1.754171995E+46   3.823131864E+47   1.138744937E+51   1.139109708E+51   2.012039331E+51
   3.780374006E+05  -1.704174861E+46   3.886465901E+47   1.138756592E+51   1.139128197E+51   2.012057820E+51
   3.892154745E+05  -1.655056893E+46   3.953853289E+47   1.138768581E+51   1.139147416E+51   2.012077039E+51
   4.008579212E+05  -1.606814086E+46   4.025473237E+47   1.138780923E+51   1.139167402E+51   2.012097025E+51
   4.129892424E+05  -1.559442648E+46   4.101518115E+47   1.138793638E+51   1.139188195E+51   2.012117818E+51
   4.213611457E+05  -1.528344024E+46   4.154772847E+47   1.138802333E+51   1.139202527E+51   2.012132150E+51
   4.299699041E+05  -1.497630112E+46   4.210146011E+47   1.138811209E+51   1.139217248E+51   2.012146871E+51
   4.388699172E+05  -1.466839624E+46   4.253652381E+47   1.139540445E+51   1.139951142E+51   2.012880765E+51
   4.480738483E+05  -1.436595214E+46   4.299861917E+47   1.139549765E+51   1.139965385E+51   2.012895009E+51
   4.575459765E+05  -1.406742245E+46   4.348336311E+47   1.139559256E+51   1.139980022E+51   2.012909645E+51
   4.672956786E+05  -1.377288284E+46   4.399179030E+47   1.139568921E+51   1.139995066E+51   2.012924689E+51
   4.773221148E+05  -1.348277856E+46   4.452314243E+47   1.139578757E+51   1.140010505E+51   2.012940128E+51
   4.876237756E+05  -1.319714903E+46   4.507733335E+47   1.139588761E+51   1.140026338E+51   2.012955961E+51
   4.982097453E+05  -1.291595459E+46   4.565588080E+47   1.139598942E+51   1.140042585E+51   2.012972208E+51
   5.090894414E+05  -1.263915588E+46   4.625946700E+47   1.139609306E+51   1.140059262E+51   2.012988885E+51
   5.202726307E+05  -1.236671377E+46   4.688847775E+47   1.139619860E+51   1.140076378E+51   2.013006001E+51
   5.318324575E+05  -1.209382627E+46   4.740089706E+47   1.140529468E+51   1.140991384E+51   2.013921007E+51
   5.438465748E+05  -1.182590828E+46   4.794756794E+47   1.140540563E+51   1.141008213E+51   2.013937836E+51
   5.562049476E+05  -1.156240341E+46   4.852183147E+47   1.140551838E+51   1.141025494E+51   2.013955117E+51
   5.689192359E+05  -1.130327061E+46   4.912426374E+47   1.140563302E+51   1.141043241E+51   2.013972864E+51
   5.820015536E+05  -1.104846870E+46   4.975588066E+47   1.140574964E+51   1.141061474E+51   2.013991097E+51
   5.886846359E+05  -1.092267899E+46   5.008263228E+47   1.140580872E+51   1.141070775E+51   2.014000398E+51
   5.954644798E+05  -1.079795658E+46   5.041692436E+47   1.140586833E+51   1.141080204E+51   2.014009827E+51
   6.023427327E+05  -1.067429635E+46   5.075908815E+47   1.140592848E+51   1.141089765E+51   2.014019388E+51
   6.093210732E+05  -1.055169319E+46   5.110898257E+47   1.140598919E+51   1.141099457E+51   2.014029080E+51
   6.164012116E+05  -1.042806056E+46   5.138457338E+47   1.141499087E+51   1.142002505E+51   2.014932128E+51
   6.236583535E+05  -1.030628775E+46   5.167296226E+47   1.141505329E+51   1.142011753E+51   2.014941376E+51
   6.310273449E+05  -1.018558447E+46   5.196937428E+47   1.141511622E+51   1.142021131E+51   2.014950754E+51
   6.385054712E+05  -1.006594488E+46   5.227388804E+47   1.141517966E+51   1.142030639E+51   2.014960262E+51
   6.460946490E+05  -9.947363259E+45   5.258659921E+47   1.141524360E+51   1.142040279E+51   2.014969902E+51
   6.537968259E+05  -9.829833988E+45   5.290779498E+47   1.141530808E+51   1.142050056E+51   2.014979679E+51
   6.616139830E+05  -9.713351494E+45   5.323714168E+47   1.141537309E+51   1.142059967E+51   2.014989590E+51
   6.695481364E+05  -9.597910267E+45   5.357492881E+47   1.141543866E+51   1.142070017E+51   2.014999640E+51
   6.776013385E+05  -9.483504847E+45   5.392127209E+47   1.141550479E+51   1.142080208E+51   2.015009831E+51
   6.857756783E+05  -9.370129823E+45   5.427629138E+47   1.141557150E+51   1.142090542E+51   2.015020165E+51
   6.940732823E+05  -9.257779830E+45   5.464011138E+47   1.141563880E+51   1.142101023E+51   2.015030646E+51
   7.024963152E+05  -9.146449549E+45   5.501285458E+47   1.141570670E+51   1.142111652E+51   2.015041275E+51
   7.110469802E+05  -9.034251459E+45   5.529007215E+47   1.142773579E+51   1.143317446E+51   2.016247069E+51
   7.198114118E+05  -8.923322797E+45   5.558578826E+47   1.142780572E+51   1.143327507E+51   2.016257130E+51
   7.287594543E+05  -8.813435129E+45   5.589076656E+47   1.142787636E+51   1.143337731E+51   2.016267354E+51
   7.378455669E+05  -8.704583157E+45   5.620506678E+47   1.142794755E+51   1.143348101E+51   2.016277724E+51
   7.470721728E+05  -8.596761485E+45   5.652871574E+47   1.142801928E+51   1.143358618E+51   2.016288241E+51
   7.564417483E+05  -8.489964645E+45   5.686178266E+47   1.142809158E+51   1.143369286E+51   2.016298909E+51
   7.659568220E+05  -8.384187118E+45   5.720438146E+47   1.142816447E+51   1.143380106E+51   2.016309729E+51
   7.756199747E+05  -8.279423338E+45   5.755663856E+47   1.142823794E+51   1.143391081E+51   2.016320704E+51
   7.854338402E+05  -8.175667698E+45   5.791867726E+47   1.142831203E+51   1.143402214E+51   2.016331837E+51
   7.954011064E+05  -8.072914553E+45   5.829061923E+47   1.142838674E+51   1.143413508E+51   2.016343131E+51
   8.055245164E+05  -7.969667631E+45   5.858531017E+47   1.144077580E+51   1.144655464E+51   2.017585087E+51
   8.159010116E+05  -7.867992353E+45   5.889518301E+47   1.144085242E+51   1.144666326E+51   2.017595949E+51
   8.264439358E+05  -7.767323316E+45   5.921520848E+47   1.144092960E+51   1.144677345E+51   2.017606968E+51
   8.371543905E+05  -7.667654723E+45   5.954551598E+47   1.144100735E+51   1.144688522E+51   2.017618145E+51
   8.480353983E+05  -7.568980660E+45   5.988606016E+47   1.144108569E+51   1.144699860E+51   2.017629484E+51
   8.590900524E+05  -7.471295131E+45   6.023686660E+47   1.144116465E+51   1.144711362E+51   2.017640985E+51
   8.703215161E+05  -7.374592099E+45   6.059803399E+47   1.144124424E+51   1.144723030E+51   2.017652653E+51
   9.173147518E+05  -6.994177247E+45   6.188334274E+47   1.145454751E+51   1.146066591E+51   2.018996214E+51
   9.677322848E+05  -6.628735939E+45   6.326034035E+47   1.145488609E+51   1.146114584E+51   2.019044207E+51
   1.021922940E+06  -6.274978139E+45   6.446120099E+47   1.147007281E+51   1.147645618E+51   2.020575241E+51
   1.079948800E+06  -5.935920133E+45   6.573082439E+47   1.148639005E+51   1.149290377E+51   2.022220000E+51
   1.126402129E+06  -5.690464214E+45   6.656314679E+47   1.148667048E+51   1.149326989E+51   2.022256612E+51
   1.175230356E+06  -5.452428234E+45   6.738673822E+47   1.150479007E+51   1.151147422E+51   2.024077045E+51
   1.227024931E+06  -5.221587563E+45   6.811763770E+47   1.150508375E+51   1.151184330E+51   2.024113953E+51
   1.281631686E+06  -4.997862773E+45   6.874117512E+47   1.152278115E+51   1.152960529E+51   2.025890152E+51
   1.339305438E+06  -4.782114847E+45   6.936006207E+47   1.152308613E+51   1.152997431E+51   2.025927054E+51
   1.400186142E+06  -4.573166385E+45   6.978526688E+47   1.154449733E+51   1.155143012E+51   2.028072635E+51
   1.442604198E+06  -4.438377860E+45   7.011398115E+47   1.154470665E+51   1.155167366E+51   2.028096989E+51
   1.486626372E+06  -4.306057145E+45   7.026107085E+47   1.156840821E+51   1.157539125E+51   2.030468748E+51
   1.532317860E+06  -4.177359773E+45   7.044174869E+47   1.156862177E+51   1.157562418E+51   2.030492041E+51
   1.579694697E+06  -4.051422837E+45   7.048214377E+47   1.159424893E+51   1.160125663E+51   2.033055286E+51
   1.628823142E+06  -3.928949908E+45   7.054901545E+47   1.159446557E+51   1.160148118E+51   2.033077741E+51
   1.679795696E+06  -3.809048952E+45   7.047467405E+47   1.162295202E+51   1.162996139E+51   2.035925762E+51
   1.732686144E+06  -3.692523708E+45   7.042296342E+47   1.162317123E+51   1.163017660E+51   2.035947283E+51
   1.844338566E+06  -3.468297144E+45   6.999870455E+47   1.165423851E+51   1.166120370E+51   2.039049993E+51
   1.933170471E+06  -3.308811089E+45   6.943919894E+47   1.168857291E+51   1.169548374E+51   2.042477997E+51
   2.055491033E+06  -3.114464160E+45   6.849528567E+47   1.176525802E+51   1.177207640E+51   2.050137263E+51
   2.148718698E+06  -2.980435336E+45   6.766528160E+47   1.180941592E+51   1.181615264E+51   2.054544887E+51
   2.243393459E+06  -2.855592697E+45   6.672815263E+47   1.185339223E+51   1.186003649E+51   2.058933272E+51
   2.339622531E+06  -2.739044645E+45   6.569317940E+47   1.190532812E+51   1.191187005E+51   2.064116628E+51
   2.437225973E+06  -2.630155612E+45   6.458595007E+47   1.196119548E+51   1.196762777E+51   2.069692400E+51
   2.536412917E+06  -2.528033658E+45   6.344010139E+47   1.202269737E+51   1.202901610E+51   2.075831233E+51
   2.637125837E+06  -2.432126466E+45   6.226253402E+47   1.208779152E+51   1.209399345E+51   2.082328968E+51
   2.739456440E+06  -2.341852725E+45   6.104663207E+47   1.215933986E+51   1.216542110E+51   2.089471733E+51
   2.843417884E+06  -2.256699535E+45   5.981483863E+47   1.223093428E+51   1.223689320E+51   2.096618943E+51
   2.949232899E+06  -2.176253068E+45   5.858188451E+47   1.231173961E+51   1.231757603E+51   2.104687226E+51
   3.057033224E+06  -2.099986204E+45   5.733614724E+47   1.240035141E+51   1.240606403E+51   2.113536026E+51
   3.166819033E+06  -2.027601501E+45   5.610173365E+47   1.249349383E+51   1.249908372E+51   2.122837995E+51
   3.278787699E+06  -1.958801583E+45   5.486452628E+47   1.259325657E+51   1.259872344E+51   2.132801967E+51
   3.393142406E+06  -1.893181356E+45   5.360480914E+47   1.270214433E+51   1.270748588E+51   2.143678211E+51
   3.509939030E+06  -1.830536083E+45   5.234573511E+47   1.281617915E+51   1.282139542E+51   2.155069165E+51
   3.629425933E+06  -1.770596959E+45   5.108843032E+47   1.294011521E+51   1.294520635E+51   2.167450258E+51
   3.710465130E+06  -1.731905641E+45   5.024734119E+47   1.294023124E+51   1.294523865E+51   2.167453488E+51
   3.792935669E+06  -1.694537039E+45   4.941179830E+47   1.307356618E+51   1.307849041E+51   2.180778664E+51
   3.876855174E+06  -1.658122917E+45   4.856899333E+47   1.321234795E+51   1.321718827E+51   2.194648450E+51
   3.961959902E+06  -1.622487088E+45   4.772379212E+47   1.321245700E+51   1.321721316E+51   2.194650939E+51
   4.048663879E+06  -1.587895382E+45   4.688889001E+47   1.335948477E+51   1.336415778E+51   2.209345401E+51
   4.136854165E+06  -1.554112903E+45   4.605029066E+47   1.346921490E+51   1.347380439E+51   2.220310062E+51
   4.226725330E+06  -1.521044142E+45   4.519607654E+47   1.356617046E+51   1.357067486E+51   2.229997109E+51
   4.318398079E+06  -1.488717147E+45   4.431932012E+47   1.364670903E+51   1.365112608E+51   2.238042231E+51
   4.411931236E+06  -1.457130840E+45   4.346211803E+47   1.371929919E+51   1.372363083E+51   2.245292706E+51
   4.507367189E+06  -1.426247197E+45   4.262178482E+47   1.377905282E+51   1.378330074E+51   2.251259697E+51
   4.604760654E+06  -1.396049734E+45   4.177265370E+47   1.383445672E+51   1.383862003E+51   2.256791626E+51
   4.704154239E+06  -1.366520874E+45   4.094108238E+47   1.387965067E+51   1.388373111E+51   2.261302734E+51
   4.805623457E+06  -1.337636739E+45   4.010981896E+47   1.391635476E+51   1.392035237E+51   2.264964860E+51
   4.909197320E+06  -1.309389749E+45   3.931507909E+47   1.395298725E+51   1.395690567E+51   2.268620190E+51
