  0.0000000000E+000  0.0000000000E+000
  2.2317082715E+001  1.0660365107E+038
  1.0072235162E+004  3.5024276865E+042
  2.0164886417E+004  1.9873641196E+042
  3.0235949035E+004  1.3361721917E+042
  4.0366089558E+004  9.4841286346E+041
  5.0571439251E+004  7.2916789578E+041
  6.0827827724E+004  5.9384534886E+041
  7.1119304621E+004  5.0175815524E+041
  8.1254172864E+004  4.3553909651E+041
  9.1994657808E+004  3.7984880419E+041
  1.0239311001E+005  3.3432175208E+041
  1.1304918954E+005  2.9273783660E+041
  1.2368454430E+005  2.6046435381E+041
  1.3388367008E+005  2.3296117129E+041
  1.4415904331E+005  2.1274441811E+041
  1.5435961937E+005  1.9735101972E+041
  1.6431933949E+005  1.8121113914E+041
  1.7511623480E+005  1.6777339403E+041
  1.8560417328E+005  1.5635038697E+041
  1.9545442307E+005  1.4649120296E+041
  2.0599924952E+005  1.3718477441E+041
  2.1564536018E+005  1.2936176089E+041
  2.2590685203E+005  1.2189315020E+041
  2.3684165164E+005  1.1494607722E+041
  2.4651472532E+005  1.0942955685E+041
  2.5674139028E+005  1.0445023481E+041
  2.6765776477E+005  9.9657844598E+040
  2.7691538381E+005  9.6348104569E+040
  2.8662720218E+005  9.3430281808E+040
  2.9682279991E+005  9.0748693237E+040
  3.0753363060E+005  8.8170149384E+040
  3.1879321430E+005  8.5981627998E+040
  3.2761946442E+005  8.4585565796E+040
  3.3679049162E+005  8.3236154502E+040
  3.4632316724E+005  8.2052814130E+040
  3.5471654508E+005  8.0963660791E+040
  3.6619560292E+005  7.9715645585E+040
  3.7714991043E+005  7.8665940285E+040
  3.8694104525E+005  7.7739831425E+040
  3.9774862607E+005  7.6836374142E+040
  4.0967817309E+005  7.5909564334E+040
  4.1943124716E+005  7.5311365553E+040
  4.2993424118E+005  7.4733474436E+040
  4.3931298626E+005  7.4181258556E+040
  4.5196151293E+005  7.3117906917E+040
  4.6149709922E+005  7.2625961423E+040
  4.7202260228E+005  7.2280711292E+040
  4.8364078824E+005  7.1975982997E+040
  4.9313930716E+005  7.1870177198E+040
  5.0336817313E+005  7.1852584427E+040
  5.1438354300E+005  7.1864658414E+040
  5.2624589155E+005  7.2002298859E+040
  5.3263311752E+005  7.1316600986E+040
  5.4376428636E+005  7.1194520705E+040
  5.5430413539E+005  7.1326689204E+040
  5.6490763815E+005  7.1562705051E+040
  5.7502641546E+005  7.1848615908E+040
  5.8647488321E+005  7.2287901712E+040
  5.9670770633E+005  7.2812396395E+040
  6.0800282840E+005  7.3441750807E+040
  6.1566000237E+005  7.3172058034E+040
  6.2598675381E+005  7.3485559286E+040
  6.3584143112E+005  7.4022419135E+040
  6.4699109397E+005  7.4701690353E+040
  6.5695684050E+005  7.5389744874E+040
  6.6795715998E+005  7.6299336160E+040
  6.8009945443E+005  7.7388144951E+040
  6.9002646144E+005  7.8348296367E+040
  7.0071676223E+005  7.9456648319E+040
  7.1222904693E+005  7.9293156677E+040
  7.2261362981E+005  8.0417015990E+040
  7.3430721546E+005  8.1759724109E+040
  7.4475912887E+005  8.3050122403E+040
  7.5629608562E+005  8.4605780246E+040
  7.6572819511E+005  8.5947090350E+040
  7.7588554539E+005  8.7462669350E+040
  7.8682390068E+005  8.9176428933E+040
  7.9669077420E+005  8.8935638316E+040
  8.0780139194E+005  9.0756825315E+040
  8.1773223932E+005  9.2393305784E+040
  8.2869403667E+005  9.4243377017E+040
  8.4079380989E+005  9.6353270973E+040
  8.5068605342E+005  9.8137056334E+040
  8.6133891774E+005  1.0012787422E+041
  8.7281088745E+005  1.0233658971E+041
  9.2199807893E+005  1.0998653220E+041
  9.7293045402E+005  1.1904386227E+041
  1.0257117246E+006  1.3095748052E+041
  1.0773301600E+006  1.4069722423E+041
  1.1318224555E+006  1.5381172591E+041
  1.1801554258E+006  1.6333810146E+041
  1.2332448422E+006  1.7658533555E+041
  1.2845832146E+006  1.8735430657E+041
  1.3342843893E+006  1.9702689952E+041
  1.3884906950E+006  2.1049501119E+041
  1.4411480798E+006  2.2125519164E+041
  1.4941489400E+006  2.3360898234E+041
  1.5501562954E+006  2.4381563559E+041
  1.5979365825E+006  2.5218032822E+041
  1.6495563066E+006  2.6223746023E+041
  1.7022109307E+006  2.6965924263E+041
  1.7551272335E+006  2.7751789406E+041
  1.8598006638E+006  2.8909734364E+041
  1.9635007853E+006  2.9735722570E+041
  2.0736534092E+006  3.0336018134E+041
  2.1738843815E+006  3.0541586985E+041
  2.2870398863E+006  3.0444939699E+041
  2.3883916119E+006  3.0214410734E+041
  2.4906552950E+006  2.9914725807E+041
  2.5925435174E+006  2.9557580149E+041
  2.7001705626E+006  2.9006742876E+041
  2.8023521798E+006  2.8580575478E+041
  2.9119462695E+006  2.7937355415E+041
  3.0119208456E+006  2.7461591403E+041
  3.1209600658E+006  2.6955495905E+041
  3.2239384774E+006  2.6345396239E+041
  3.3233008073E+006  2.5844153219E+041
  3.4292693261E+006  2.5218839901E+041
  3.5410487134E+006  2.4504171870E+041
  3.6392240133E+006  2.3818669269E+041
  3.7454307901E+006  2.3123582124E+041
  3.8537668575E+006  2.2425422079E+041
  3.9545485334E+006  2.1609475314E+041
  4.0687211779E+006  2.0617312607E+041
  4.1851828169E+006  1.9617257884E+041
  4.3014322393E+006  1.8569474957E+041
  4.3922524446E+006  1.7679193394E+041
  4.5085099857E+006  1.6536551068E+041
  4.6245556821E+006  1.5377134321E+041
  4.7201397460E+006  1.4334549267E+041
  4.8306014244E+006  1.3069439090E+041
  4.9408618192E+006  1.1771223727E+041
  5.0000000000E+006  1.1771223727E+041
