   0.000000000E+00   0.171849944E+05  -0.480624731E+01  -0.537145843E+01  -0.518131768E+01  -0.487624731E+01  -0.461871212E+01  -0.435364175E+01  -0.617392325E+01  -0.513131768E+01  -0.503378250E+01  -0.501624731E+01  -0.497871212E+01
   0.220699886E+02   0.171853773E+05  -0.480629198E+01  -0.537152261E+01  -0.518136886E+01  -0.487629198E+01  -0.461875354E+01  -0.435367667E+01  -0.617398417E+01  -0.513136886E+01  -0.503383042E+01  -0.501629198E+01  -0.497875354E+01
   0.100447812E+05   0.387364412E+05  -0.138984937E+02  -0.149264843E+02  -0.145024890E+02  -0.140084937E+02  -0.136484937E+02  -0.133144984E+02  -0.157064843E+02  -0.144824890E+02  -0.142184937E+02  -0.141084937E+02  -0.139844984E+02
   0.200885245E+05   0.263585314E+05  -0.143746497E+02  -0.152401277E+02  -0.148923887E+02  -0.144735192E+02  -0.141446497E+02  -0.138357802E+02  -0.160301277E+02  -0.148623887E+02  -0.146635192E+02  -0.145846497E+02  -0.144857802E+02
   0.301148589E+05   0.210091294E+05  -0.145484763E+02  -0.152700476E+02  -0.150011048E+02  -0.146347906E+02  -0.143384763E+02  -0.140521621E+02  -0.160700476E+02  -0.149674191E+02  -0.148047906E+02  -0.147584763E+02  -0.146921621E+02
   0.401940733E+05   0.174620472E+05  -0.146417707E+02  -0.152210956E+02  -0.150215457E+02  -0.147117707E+02  -0.144518833E+02  -0.141821083E+02  -0.160212081E+02  -0.149715457E+02  -0.148716582E+02  -0.148517707E+02  -0.148118833E+02
   0.503403297E+05   0.153450516E+05  -0.146532854E+02  -0.151125868E+02  -0.149872717E+02  -0.147232854E+02  -0.144819566E+02  -0.142406279E+02  -0.159225868E+02  -0.149286005E+02  -0.148646142E+02  -0.148719566E+02  -0.148506279E+02
   0.605309500E+05   0.139693005E+05  -0.146439118E+02  -0.149945608E+02  -0.149253114E+02  -0.147039118E+02  -0.144860619E+02  -0.142503621E+02  -0.158067109E+02  -0.148553114E+02  -0.148296116E+02  -0.148539118E+02  -0.148582120E+02
   0.707511641E+05   0.129840021E+05  -0.146157044E+02  -0.148719241E+02  -0.148551354E+02  -0.146730621E+02  -0.144709889E+02  -0.142536311E+02  -0.156945664E+02  -0.147824931E+02  -0.147804199E+02  -0.148283466E+02  -0.148509889E+02
   0.808115726E+05   0.122158837E+05  -0.145840196E+02  -0.147604661E+02  -0.147872428E+02  -0.146326643E+02  -0.144553750E+02  -0.142467303E+02  -0.155904661E+02  -0.147058875E+02  -0.147313089E+02  -0.148026643E+02  -0.148353750E+02
   0.914602886E+05   0.115419089E+05  -0.145490380E+02  -0.146443707E+02  -0.147117043E+02  -0.145895713E+02  -0.144285048E+02  -0.142279715E+02  -0.154743707E+02  -0.146222376E+02  -0.146801045E+02  -0.147595713E+02  -0.148085048E+02
   0.101774063E+06   0.109434847E+05  -0.145108488E+02  -0.145221900E+02  -0.146279440E+02  -0.145436980E+02  -0.143979995E+02  -0.142123011E+02  -0.153521900E+02  -0.145379440E+02  -0.146265472E+02  -0.147208488E+02  -0.147851503E+02
   0.112339122E+06   0.103432001E+05  -0.144614365E+02  -0.143836739E+02  -0.145404319E+02  -0.144914365E+02  -0.143619388E+02  -0.141924411E+02  -0.152189251E+02  -0.144451808E+02  -0.145609342E+02  -0.146766876E+02  -0.147571899E+02
   0.122879400E+06   0.979393916E+04  -0.144204776E+02  -0.142507330E+02  -0.144621340E+02  -0.144474204E+02  -0.143365922E+02  -0.141827068E+02  -0.150907330E+02  -0.143590767E+02  -0.145013058E+02  -0.146404776E+02  -0.147396495E+02
   0.132995055E+06   0.929880786E+04  -0.143800122E+02  -0.141135224E+02  -0.143769836E+02  -0.143995795E+02  -0.143108775E+02  -0.141717428E+02  -0.149543877E+02  -0.142665510E+02  -0.144387142E+02  -0.146000122E+02  -0.147208775E+02
   0.143185562E+06   0.887682788E+04  -0.143485896E+02  -0.139813886E+02  -0.142985624E+02  -0.143614428E+02  -0.142928830E+02  -0.141671765E+02  -0.148356820E+02  -0.141814157E+02  -0.143871494E+02  -0.145685896E+02  -0.147028830E+02
   0.153300065E+06   0.851764638E+04  -0.143231884E+02  -0.138671665E+02  -0.142317115E+02  -0.143301203E+02  -0.142793246E+02  -0.141654609E+02  -0.147271665E+02  -0.141086434E+02  -0.143439840E+02  -0.145431884E+02  -0.146923928E+02
   0.163173731E+06   0.816839995E+04  -0.142841724E+02  -0.137387834E+02  -0.141509909E+02  -0.142851465E+02  -0.142522243E+02  -0.141502761E+02  -0.145987834E+02  -0.140219650E+02  -0.142870946E+02  -0.145041724E+02  -0.146712502E+02
   0.173859049E+06   0.784965441E+04  -0.142475718E+02  -0.136062114E+02  -0.140644986E+02  -0.142427859E+02  -0.142271436E+02  -0.141367154E+02  -0.144709973E+02  -0.139344986E+02  -0.142284282E+02  -0.144675718E+02  -0.146519295E+02
   0.184249887E+06   0.757351320E+04  -0.142114199E+02  -0.134841915E+02  -0.139828872E+02  -0.142015829E+02  -0.142010938E+02  -0.141207678E+02  -0.143540285E+02  -0.138528872E+02  -0.141720721E+02  -0.144314199E+02  -0.146309308E+02
   0.194006295E+06   0.733586400E+04  -0.141689263E+02  -0.133581643E+02  -0.139030321E+02  -0.141544396E+02  -0.141678999E+02  -0.141058470E+02  -0.142326511E+02  -0.137640585E+02  -0.141154660E+02  -0.143889263E+02  -0.146068735E+02
   0.204447671E+06   0.710711084E+04  -0.141245850E+02  -0.132330548E+02  -0.138227938E+02  -0.141056111E+02  -0.141325327E+02  -0.140884283E+02  -0.141120287E+02  -0.136748460E+02  -0.140576633E+02  -0.143445850E+02  -0.145804805E+02
   0.213996412E+06   0.691099154E+04  -0.140821134E+02  -0.131116262E+02  -0.137448941E+02  -0.140560647E+02  -0.141011865E+02  -0.140672352E+02  -0.139946505E+02  -0.135918698E+02  -0.139969916E+02  -0.143021134E+02  -0.145511865E+02
   0.224151490E+06   0.671971213E+04  -0.140376604E+02  -0.129867191E+02  -0.136642368E+02  -0.140035662E+02  -0.140688016E+02  -0.140428957E+02  -0.138737662E+02  -0.135071897E+02  -0.139324251E+02  -0.142576604E+02  -0.145188016E+02
   0.234969772E+06   0.653650803E+04  -0.139916074E+02  -0.128613406E+02  -0.135819566E+02  -0.139506424E+02  -0.140345027E+02  -0.140173980E+02  -0.137523057E+02  -0.134200264E+02  -0.138677471E+02  -0.142125725E+02  -0.144854678E+02
   0.244537197E+06   0.638941105E+04  -0.139481611E+02  -0.127482272E+02  -0.135053354E+02  -0.139038785E+02  -0.140010088E+02  -0.139938565E+02  -0.136425098E+02  -0.133367703E+02  -0.138110308E+02  -0.141724437E+02  -0.144552914E+02
   0.254649663E+06   0.624695386E+04  -0.139072366E+02  -0.126398331E+02  -0.134322825E+02  -0.138597412E+02  -0.139697228E+02  -0.139722090E+02  -0.135373285E+02  -0.132572917E+02  -0.137572549E+02  -0.141347320E+02  -0.144272182E+02
   0.265411026E+06   0.610735586E+04  -0.138644458E+02  -0.125292591E+02  -0.133575428E+02  -0.138130652E+02  -0.139372071E+02  -0.139492780E+02  -0.134299494E+02  -0.131768525E+02  -0.137016846E+02  -0.140944458E+02  -0.143978974E+02
   0.274559515E+06   0.600420964E+04  -0.138302695E+02  -0.124402045E+02  -0.132984218E+02  -0.137739000E+02  -0.139130086E+02  -0.139325629E+02  -0.133433893E+02  -0.131152370E+02  -0.136575304E+02  -0.140602695E+02  -0.143761934E+02
   0.284155079E+06   0.590955558E+04  -0.137991698E+02  -0.123587447E+02  -0.132444311E+02  -0.137382221E+02  -0.138910653E+02  -0.139174869E+02  -0.132642186E+02  -0.130589573E+02  -0.136172743E+02  -0.140291698E+02  -0.143565392E+02
   0.294226860E+06   0.581239953E+04  -0.137699012E+02  -0.122777849E+02  -0.131916665E+02  -0.137042543E+02  -0.138711951E+02  -0.139046655E+02  -0.131856084E+02  -0.130038431E+02  -0.135786073E+02  -0.139999012E+02  -0.143390186E+02
   0.304805824E+06   0.572128345E+04  -0.137407518E+02  -0.122000570E+02  -0.131404334E+02  -0.136707228E+02  -0.138508676E+02  -0.138909834E+02  -0.131100860E+02  -0.129503755E+02  -0.135406070E+02  -0.139707807E+02  -0.143209255E+02
   0.315924956E+06   0.563206993E+04  -0.137111490E+02  -0.121149415E+02  -0.130853872E+02  -0.136388070E+02  -0.138305169E+02  -0.138798848E+02  -0.130272835E+02  -0.128907033E+02  -0.134994391E+02  -0.139434910E+02  -0.143052008E+02
   0.324639880E+06   0.557048959E+04  -0.136917789E+02  -0.120572533E+02  -0.130484547E+02  -0.136178403E+02  -0.138175331E+02  -0.138732874E+02  -0.129711919E+02  -0.128505776E+02  -0.134720861E+02  -0.139257174E+02  -0.142954103E+02
   0.333694151E+06   0.550605781E+04  -0.136726477E+02  -0.119980298E+02  -0.130109479E+02  -0.135970387E+02  -0.138050841E+02  -0.138675204E+02  -0.129136389E+02  -0.128097297E+02  -0.134446023E+02  -0.139082568E+02  -0.142863022E+02
   0.343104347E+06   0.544859774E+04  -0.136556117E+02  -0.119452395E+02  -0.129775244E+02  -0.135785128E+02  -0.137940070E+02  -0.138624024E+02  -0.128623383E+02  -0.127733267E+02  -0.134201175E+02  -0.138927105E+02  -0.142782047E+02
   0.352963329E+06   0.539150049E+04  -0.136396229E+02  -0.118937223E+02  -0.129452518E+02  -0.135610438E+02  -0.137839397E+02  -0.138582565E+02  -0.128123015E+02  -0.127380934E+02  -0.133967270E+02  -0.138782021E+02  -0.142710981E+02
   0.364162410E+06   0.532513365E+04  -0.136206926E+02  -0.118320106E+02  -0.129068339E+02  -0.135400495E+02  -0.137716573E+02  -0.138529435E+02  -0.127523322E+02  -0.126961908E+02  -0.133687633E+02  -0.138606926E+02  -0.142623004E+02
   0.374849539E+06   0.526358941E+04  -0.136028786E+02  -0.117679999E+02  -0.128684880E+02  -0.135188135E+02  -0.137589762E+02  -0.138471064E+02  -0.126900324E+02  -0.126544230E+02  -0.133406833E+02  -0.138428786E+02  -0.142530413E+02
   0.384401866E+06   0.521262601E+04  -0.135871870E+02  -0.117140539E+02  -0.128357945E+02  -0.135002883E+02  -0.137475352E+02  -0.138413327E+02  -0.126375033E+02  -0.126188958E+02  -0.133164908E+02  -0.138271870E+02  -0.142444339E+02
   0.394945847E+06   0.515475267E+04  -0.135712773E+02  -0.116547030E+02  -0.128005776E+02  -0.134811607E+02  -0.137364523E+02  -0.138366855E+02  -0.125797613E+02  -0.125804610E+02  -0.132909275E+02  -0.138112773E+02  -0.142365689E+02
   0.406584430E+06   0.510018277E+04  -0.135550672E+02  -0.115975314E+02  -0.127661624E+02  -0.134619164E+02  -0.137247935E+02  -0.138310951E+02  -0.125241068E+02  -0.125430116E+02  -0.132656148E+02  -0.137950672E+02  -0.142279443E+02
   0.416099624E+06   0.505264586E+04  -0.135438342E+02  -0.115506159E+02  -0.127390705E+02  -0.134480402E+02  -0.137175251E+02  -0.138291130E+02  -0.124785128E+02  -0.125132765E+02  -0.132464523E+02  -0.137838342E+02  -0.142233190E+02
   0.426346447E+06   0.500788382E+04  -0.135329819E+02  -0.115061641E+02  -0.127132851E+02  -0.134346991E+02  -0.137104061E+02  -0.138269717E+02  -0.124353055E+02  -0.124850023E+02  -0.132281335E+02  -0.137729819E+02  -0.142186889E+02
   0.437381156E+06   0.500000000E+04  -0.135223740E+02  -0.114896384E+02  -0.127000471E+02  -0.134236529E+02  -0.137004557E+02  -0.138178981E+02  -0.124189990E+02  -0.124713259E+02  -0.132162105E+02  -0.137623740E+02  -0.142091769E+02
   0.437381156E+06   0.500000000E+04  -0.135244911E+02  -0.114917555E+02  -0.127021642E+02  -0.134257700E+02  -0.137025729E+02  -0.138200152E+02  -0.124211161E+02  -0.124734430E+02  -0.132183277E+02  -0.137644911E+02  -0.142112940E+02
   0.449721182E+06   0.500000000E+04  -0.135088150E+02  -0.114760794E+02  -0.126864881E+02  -0.134100939E+02  -0.136868968E+02  -0.138043391E+02  -0.124054400E+02  -0.124577669E+02  -0.132026516E+02  -0.137488150E+02  -0.141956179E+02
   0.459024193E+06   0.500000000E+04  -0.135014854E+02  -0.114687498E+02  -0.126791584E+02  -0.134027642E+02  -0.136795671E+02  -0.137970094E+02  -0.123981103E+02  -0.124504373E+02  -0.131953219E+02  -0.137414854E+02  -0.141882883E+02
   0.469292976E+06   0.500000000E+04  -0.134963117E+02  -0.114635761E+02  -0.126739847E+02  -0.133975905E+02  -0.136743934E+02  -0.137918357E+02  -0.123929367E+02  -0.124452636E+02  -0.131901482E+02  -0.137363117E+02  -0.141831146E+02
   0.480627792E+06   0.500000000E+04  -0.134917247E+02  -0.114589890E+02  -0.126693977E+02  -0.133930035E+02  -0.136698064E+02  -0.137872487E+02  -0.123883496E+02  -0.124406766E+02  -0.131855612E+02  -0.137317247E+02  -0.141785275E+02
   0.489894639E+06   0.500000000E+04  -0.134901274E+02  -0.114573918E+02  -0.126678005E+02  -0.133914063E+02  -0.136682092E+02  -0.137856515E+02  -0.123867524E+02  -0.124390793E+02  -0.131839640E+02  -0.137301274E+02  -0.141769303E+02
   0.499874021E+06   0.500000000E+04  -0.134898616E+02  -0.114571260E+02  -0.126675347E+02  -0.133911405E+02  -0.136679434E+02  -0.137853857E+02  -0.123864866E+02  -0.124388135E+02  -0.131836982E+02  -0.137298616E+02  -0.141766645E+02
   0.510620723E+06   0.500000000E+04  -0.134900441E+02  -0.114573084E+02  -0.126677171E+02  -0.133913229E+02  -0.136681258E+02  -0.137855681E+02  -0.123866690E+02  -0.124389960E+02  -0.131838806E+02  -0.137300441E+02  -0.141768469E+02
   0.522193746E+06   0.500000000E+04  -0.134921216E+02  -0.114593859E+02  -0.126697946E+02  -0.133934004E+02  -0.136702033E+02  -0.137876456E+02  -0.123887465E+02  -0.124410735E+02  -0.131859581E+02  -0.137321216E+02  -0.141789244E+02
   0.530451259E+06   0.500000000E+04  -0.134817322E+02  -0.114489966E+02  -0.126594053E+02  -0.133830111E+02  -0.136598140E+02  -0.137772563E+02  -0.123783572E+02  -0.124306841E+02  -0.131755688E+02  -0.137217322E+02  -0.141685351E+02
   0.542401865E+06   0.500000000E+04  -0.134798721E+02  -0.114471365E+02  -0.126575451E+02  -0.133811509E+02  -0.136579538E+02  -0.137753961E+02  -0.123764970E+02  -0.124288240E+02  -0.131737086E+02  -0.137198721E+02  -0.141666750E+02
   0.552684645E+06   0.500000000E+04  -0.134818858E+02  -0.114491502E+02  -0.126595589E+02  -0.133831647E+02  -0.136599675E+02  -0.137774099E+02  -0.123785108E+02  -0.124308377E+02  -0.131757223E+02  -0.137218858E+02  -0.141686887E+02
   0.563029525E+06   0.500000000E+04  -0.134854725E+02  -0.114527369E+02  -0.126631456E+02  -0.133867514E+02  -0.136635542E+02  -0.137809966E+02  -0.123820975E+02  -0.124344244E+02  -0.131793090E+02  -0.137254725E+02  -0.141722754E+02
   0.572901503E+06   0.500000000E+04  -0.134898017E+02  -0.114570660E+02  -0.126674747E+02  -0.133910805E+02  -0.136678834E+02  -0.137853257E+02  -0.123864266E+02  -0.124387536E+02  -0.131836382E+02  -0.137298017E+02  -0.141766046E+02
   0.584070740E+06   0.500000000E+04  -0.134964197E+02  -0.114636841E+02  -0.126740928E+02  -0.133976985E+02  -0.136745014E+02  -0.137919437E+02  -0.123930447E+02  -0.124453716E+02  -0.131902562E+02  -0.137364197E+02  -0.141832226E+02
   0.594053982E+06   0.500000000E+04  -0.135042690E+02  -0.114715333E+02  -0.126819420E+02  -0.134055478E+02  -0.136823507E+02  -0.137997930E+02  -0.124008939E+02  -0.124532209E+02  -0.131981055E+02  -0.137442690E+02  -0.141910718E+02
   0.605073613E+06   0.500000000E+04  -0.135136132E+02  -0.114808776E+02  -0.126912863E+02  -0.134148920E+02  -0.136916949E+02  -0.138091372E+02  -0.124102382E+02  -0.124625651E+02  -0.132074497E+02  -0.137536132E+02  -0.142004161E+02
   0.614082780E+06   0.500000000E+04  -0.135107179E+02  -0.114779823E+02  -0.126883910E+02  -0.134119968E+02  -0.136887997E+02  -0.138062420E+02  -0.124073429E+02  -0.124596698E+02  -0.132045544E+02  -0.137507179E+02  -0.141975208E+02
   0.614082780E+06   0.500000000E+04  -0.135096188E+02  -0.114768832E+02  -0.126872919E+02  -0.134108977E+02  -0.136877006E+02  -0.138051429E+02  -0.124062438E+02  -0.124585707E+02  -0.132034553E+02  -0.137496188E+02  -0.141964217E+02
   0.624157660E+06   0.500000000E+04  -0.135142607E+02  -0.114815250E+02  -0.126919337E+02  -0.134155395E+02  -0.136923424E+02  -0.138097847E+02  -0.124108856E+02  -0.124632126E+02  -0.132080972E+02  -0.137542607E+02  -0.142010635E+02
   0.633771979E+06   0.500000000E+04  -0.135221638E+02  -0.114894282E+02  -0.126998369E+02  -0.134234427E+02  -0.137002456E+02  -0.138176879E+02  -0.124187888E+02  -0.124711157E+02  -0.132160004E+02  -0.137621638E+02  -0.142089667E+02
   0.644649699E+06   0.500000000E+04  -0.135320817E+02  -0.114993461E+02  -0.127097548E+02  -0.134333606E+02  -0.137101635E+02  -0.138276058E+02  -0.124287067E+02  -0.124810336E+02  -0.132259182E+02  -0.137720817E+02  -0.142188846E+02
   0.654372378E+06   0.500000000E+04  -0.135420363E+02  -0.115093007E+02  -0.127197094E+02  -0.134433152E+02  -0.137201181E+02  -0.138375604E+02  -0.124386613E+02  -0.124909882E+02  -0.132358729E+02  -0.137820363E+02  -0.142288392E+02
   0.665104397E+06   0.500000000E+04  -0.135550575E+02  -0.115223219E+02  -0.127327306E+02  -0.134563364E+02  -0.137331393E+02  -0.138505816E+02  -0.124516825E+02  -0.125040094E+02  -0.132488941E+02  -0.137950575E+02  -0.142418604E+02
   0.676950538E+06   0.500000000E+04  -0.135704417E+02  -0.115377061E+02  -0.127481148E+02  -0.134717206E+02  -0.137485235E+02  -0.138659658E+02  -0.124670667E+02  -0.125193936E+02  -0.132642783E+02  -0.138104417E+02  -0.142572446E+02
   0.686635423E+06   0.500000000E+04  -0.135838295E+02  -0.115510939E+02  -0.127615026E+02  -0.134851084E+02  -0.137619113E+02  -0.138793536E+02  -0.124804545E+02  -0.125327814E+02  -0.132776661E+02  -0.138238295E+02  -0.142706324E+02
   0.697064985E+06   0.500000000E+04  -0.135990812E+02  -0.115663456E+02  -0.127767543E+02  -0.135003601E+02  -0.137771630E+02  -0.138946053E+02  -0.124957062E+02  -0.125480332E+02  -0.132929178E+02  -0.138390812E+02  -0.142858841E+02
   0.708296482E+06   0.500000000E+04  -0.135968449E+02  -0.115641093E+02  -0.127745180E+02  -0.134981238E+02  -0.137749266E+02  -0.138923690E+02  -0.124934699E+02  -0.125457968E+02  -0.132906814E+02  -0.138368449E+02  -0.142836478E+02
   0.720443222E+06   0.500000000E+04  -0.136121255E+02  -0.115793899E+02  -0.127897986E+02  -0.135134044E+02  -0.137902073E+02  -0.139076496E+02  -0.125087505E+02  -0.125610774E+02  -0.133059621E+02  -0.138521255E+02  -0.142989284E+02
   0.731851598E+06   0.500000000E+04  -0.136301042E+02  -0.115973686E+02  -0.128077772E+02  -0.135313830E+02  -0.138081859E+02  -0.139256282E+02  -0.125267292E+02  -0.125790561E+02  -0.133239407E+02  -0.138701042E+02  -0.143169071E+02
   0.742048587E+06   0.500000000E+04  -0.136471063E+02  -0.116143707E+02  -0.128247794E+02  -0.135483852E+02  -0.138251881E+02  -0.139426304E+02  -0.125437313E+02  -0.125960582E+02  -0.133409429E+02  -0.138871063E+02  -0.143339092E+02
   0.753304155E+06   0.500000000E+04  -0.136672557E+02  -0.116345201E+02  -0.128449288E+02  -0.135685346E+02  -0.138453375E+02  -0.139627798E+02  -0.125638807E+02  -0.126162076E+02  -0.133610923E+02  -0.139072557E+02  -0.143540586E+02
   0.762506213E+06   0.500000000E+04  -0.136843336E+02  -0.116515980E+02  -0.128620067E+02  -0.135856124E+02  -0.138624153E+02  -0.139798576E+02  -0.125809586E+02  -0.126332855E+02  -0.133781701E+02  -0.139243336E+02  -0.143711365E+02
   0.772415823E+06   0.500000000E+04  -0.137033125E+02  -0.116705769E+02  -0.128809855E+02  -0.136045913E+02  -0.138813942E+02  -0.139988365E+02  -0.125999374E+02  -0.126522644E+02  -0.133971490E+02  -0.139433125E+02  -0.143901154E+02
   0.783087389E+06   0.500000000E+04  -0.137243808E+02  -0.116916452E+02  -0.129020539E+02  -0.136256597E+02  -0.139024626E+02  -0.140199049E+02  -0.126210058E+02  -0.126733327E+02  -0.134182174E+02  -0.139643808E+02  -0.144111837E+02
   0.794628569E+06   0.500000000E+04  -0.137214452E+02  -0.116887096E+02  -0.128991183E+02  -0.136227241E+02  -0.138995269E+02  -0.140169693E+02  -0.126180702E+02  -0.126703971E+02  -0.134152817E+02  -0.139614452E+02  -0.144082481E+02
   0.805468196E+06   0.500000000E+04  -0.137434539E+02  -0.117107183E+02  -0.129211269E+02  -0.136447327E+02  -0.139215356E+02  -0.140389779E+02  -0.126400788E+02  -0.126924058E+02  -0.134372904E+02  -0.139834539E+02  -0.144302568E+02
   0.815156828E+06   0.500000000E+04  -0.137628569E+02  -0.117301213E+02  -0.129405300E+02  -0.136641358E+02  -0.139409386E+02  -0.140583810E+02  -0.126594819E+02  -0.127118088E+02  -0.134566934E+02  -0.140028569E+02  -0.144496598E+02
   0.825851264E+06   0.500000000E+04  -0.137843827E+02  -0.117516471E+02  -0.129620558E+02  -0.136856616E+02  -0.139624645E+02  -0.140799068E+02  -0.126810077E+02  -0.127333346E+02  -0.134782193E+02  -0.140243827E+02  -0.144711856E+02
   0.837655921E+06   0.500000000E+04  -0.138084218E+02  -0.117756862E+02  -0.129860949E+02  -0.137097006E+02  -0.139865035E+02  -0.141039458E+02  -0.127050468E+02  -0.127573737E+02  -0.135022583E+02  -0.140484218E+02  -0.144952247E+02
   0.847306890E+06   0.500000000E+04  -0.138283382E+02  -0.117956026E+02  -0.130060113E+02  -0.137296171E+02  -0.140064199E+02  -0.141238623E+02  -0.127249632E+02  -0.127772901E+02  -0.135221747E+02  -0.140683382E+02  -0.145151411E+02
   0.857699929E+06   0.500000000E+04  -0.138501431E+02  -0.118174075E+02  -0.130278162E+02  -0.137514220E+02  -0.140282249E+02  -0.141456672E+02  -0.127467681E+02  -0.127990950E+02  -0.135439797E+02  -0.140901431E+02  -0.145369460E+02
   0.868892094E+06   0.500000000E+04  -0.138738330E+02  -0.118410974E+02  -0.130515061E+02  -0.137751118E+02  -0.140519147E+02  -0.141693570E+02  -0.127704580E+02  -0.128227849E+02  -0.135676695E+02  -0.141138330E+02  -0.145606359E+02
   0.919993217E+06   0.500000000E+04  -0.139521044E+02  -0.119193688E+02  -0.131297775E+02  -0.138533833E+02  -0.141301862E+02  -0.142476285E+02  -0.128487294E+02  -0.129010563E+02  -0.136459409E+02  -0.141921044E+02  -0.146389073E+02
   0.971246789E+06   0.500000000E+04  -0.140380232E+02  -0.120052876E+02  -0.132156962E+02  -0.139393020E+02  -0.142161049E+02  -0.143335472E+02  -0.129346481E+02  -0.129869751E+02  -0.137318597E+02  -0.142780232E+02  -0.147248261E+02
   0.102274071E+07   0.500000000E+04  -0.141415814E+02  -0.121088458E+02  -0.133192545E+02  -0.140428603E+02  -0.143196632E+02  -0.144371055E+02  -0.130382064E+02  -0.130905333E+02  -0.138354180E+02  -0.143815814E+02  -0.148283843E+02
   0.107495535E+07   0.500000000E+04  -0.142194695E+02  -0.121867339E+02  -0.133971425E+02  -0.141207483E+02  -0.143975512E+02  -0.145149935E+02  -0.131160944E+02  -0.131684214E+02  -0.139133060E+02  -0.144594695E+02  -0.149062724E+02
   0.112811857E+07   0.500000000E+04  -0.143162293E+02  -0.122834936E+02  -0.134939023E+02  -0.142175081E+02  -0.144943110E+02  -0.146117533E+02  -0.132128542E+02  -0.132651812E+02  -0.140100658E+02  -0.145562293E+02  -0.150030321E+02
   0.117726703E+07   0.500000000E+04  -0.143814744E+02  -0.123487388E+02  -0.135591475E+02  -0.142827532E+02  -0.145595561E+02  -0.146769984E+02  -0.132780994E+02  -0.133304263E+02  -0.140753109E+02  -0.146214744E+02  -0.150682773E+02
   0.122906158E+07   0.500000000E+04  -0.144661422E+02  -0.124334066E+02  -0.136438153E+02  -0.143674211E+02  -0.146442240E+02  -0.147616663E+02  -0.133627672E+02  -0.134150941E+02  -0.141599788E+02  -0.147061422E+02  -0.151529451E+02
   0.128123943E+07   0.500000000E+04  -0.145304148E+02  -0.124976792E+02  -0.137080879E+02  -0.144316937E+02  -0.147084966E+02  -0.148259389E+02  -0.134270398E+02  -0.134793667E+02  -0.142242514E+02  -0.147704148E+02  -0.152172177E+02
   0.133192205E+07   0.500000000E+04  -0.145850695E+02  -0.125523338E+02  -0.137627425E+02  -0.144863483E+02  -0.147631512E+02  -0.148805935E+02  -0.134816944E+02  -0.135340214E+02  -0.142789060E+02  -0.148250695E+02  -0.152718723E+02
   0.138480625E+07   0.500000000E+04  -0.146568602E+02  -0.126241245E+02  -0.138345332E+02  -0.145581390E+02  -0.148349419E+02  -0.149523842E+02  -0.135534851E+02  -0.136058121E+02  -0.143506967E+02  -0.148968602E+02  -0.153436631E+02
   0.143847999E+07   0.500000000E+04  -0.147109893E+02  -0.126782537E+02  -0.138886624E+02  -0.146122682E+02  -0.148890711E+02  -0.150065134E+02  -0.136076143E+02  -0.136599412E+02  -0.144048258E+02  -0.149509893E+02  -0.153977922E+02
   0.149018815E+07   0.500000000E+04  -0.147699795E+02  -0.127372439E+02  -0.139476525E+02  -0.146712583E+02  -0.149480612E+02  -0.150655035E+02  -0.136666045E+02  -0.137189314E+02  -0.144638160E+02  -0.150099795E+02  -0.154567824E+02
   0.154482947E+07   0.500000000E+04  -0.148164095E+02  -0.127836739E+02  -0.139940826E+02  -0.147176884E+02  -0.149944913E+02  -0.151119336E+02  -0.137130345E+02  -0.137653614E+02  -0.145102461E+02  -0.150564095E+02  -0.155032124E+02
   0.159461034E+07   0.500000000E+04  -0.148530337E+02  -0.128202980E+02  -0.140307067E+02  -0.147543125E+02  -0.150311154E+02  -0.151485577E+02  -0.137496586E+02  -0.138019856E+02  -0.145468702E+02  -0.150930337E+02  -0.155398365E+02
   0.164497105E+07   0.500000000E+04  -0.148954925E+02  -0.128627569E+02  -0.140731655E+02  -0.147967713E+02  -0.150735742E+02  -0.151910165E+02  -0.137921174E+02  -0.138444444E+02  -0.145893290E+02  -0.151354925E+02  -0.155822954E+02
   0.169634142E+07   0.500000000E+04  -0.149257939E+02  -0.128930583E+02  -0.141034670E+02  -0.148270728E+02  -0.151038757E+02  -0.152213180E+02  -0.138224189E+02  -0.138747458E+02  -0.146196305E+02  -0.151657939E+02  -0.156125968E+02
   0.175137050E+07   0.500000000E+04  -0.149569831E+02  -0.129242475E+02  -0.141346562E+02  -0.148582620E+02  -0.151350649E+02  -0.152525072E+02  -0.138536081E+02  -0.139059350E+02  -0.146508197E+02  -0.151969831E+02  -0.156437860E+02
   0.185349092E+07   0.500000000E+04  -0.150013659E+02  -0.129686303E+02  -0.141790390E+02  -0.149026447E+02  -0.151794476E+02  -0.152968899E+02  -0.138979909E+02  -0.139503178E+02  -0.146952024E+02  -0.152413659E+02  -0.156881688E+02
   0.195870027E+07   0.500000000E+04  -0.150319519E+02  -0.129992163E+02  -0.142096249E+02  -0.149332307E+02  -0.152100336E+02  -0.153274759E+02  -0.139285768E+02  -0.139809038E+02  -0.147257884E+02  -0.152719519E+02  -0.157187548E+02
   0.206616625E+07   0.500000000E+04  -0.150536521E+02  -0.130209165E+02  -0.142313251E+02  -0.149549309E+02  -0.152317338E+02  -0.153491761E+02  -0.139502770E+02  -0.140026040E+02  -0.147474886E+02  -0.152936521E+02  -0.157404550E+02
   0.216818808E+07   0.500000000E+04  -0.150609846E+02  -0.130282490E+02  -0.142386577E+02  -0.149622635E+02  -0.152390664E+02  -0.153565087E+02  -0.139576096E+02  -0.140099365E+02  -0.147548212E+02  -0.153009846E+02  -0.157477875E+02
   0.227858369E+07   0.500000000E+04  -0.150575434E+02  -0.130248078E+02  -0.142352165E+02  -0.149588223E+02  -0.152356252E+02  -0.153530675E+02  -0.139541684E+02  -0.140064953E+02  -0.147513800E+02  -0.152975434E+02  -0.157443463E+02
   0.238179722E+07   0.500000000E+04  -0.150492910E+02  -0.130165554E+02  -0.142269640E+02  -0.149505698E+02  -0.152273727E+02  -0.153448150E+02  -0.139459159E+02  -0.139982429E+02  -0.147431275E+02  -0.152892910E+02  -0.157360939E+02
   0.248511739E+07   0.500000000E+04  -0.150384682E+02  -0.130057326E+02  -0.142161413E+02  -0.149397471E+02  -0.152165499E+02  -0.153339923E+02  -0.139350932E+02  -0.139874201E+02  -0.147323047E+02  -0.152784682E+02  -0.157252711E+02
   0.258843299E+07   0.500000000E+04  -0.150254278E+02  -0.129926922E+02  -0.142031009E+02  -0.149267067E+02  -0.152035096E+02  -0.153209519E+02  -0.139220528E+02  -0.139743797E+02  -0.147192644E+02  -0.152654278E+02  -0.157122307E+02
   0.269343499E+07   0.500000000E+04  -0.150050031E+02  -0.129722674E+02  -0.141826761E+02  -0.149062819E+02  -0.151830848E+02  -0.153005271E+02  -0.139016280E+02  -0.139539550E+02  -0.146988396E+02  -0.152450031E+02  -0.156918059E+02
   0.279722769E+07   0.500000000E+04  -0.149889331E+02  -0.129561975E+02  -0.141666061E+02  -0.148902119E+02  -0.151670148E+02  -0.152844571E+02  -0.138855580E+02  -0.139378850E+02  -0.146827696E+02  -0.152289331E+02  -0.156757360E+02
   0.290414875E+07   0.500000000E+04  -0.149642189E+02  -0.129314833E+02  -0.141418919E+02  -0.148654977E+02  -0.151423006E+02  -0.152597429E+02  -0.138608438E+02  -0.139131708E+02  -0.146580554E+02  -0.152042189E+02  -0.156510218E+02
   0.300598843E+07   0.500000000E+04  -0.149455699E+02  -0.129128343E+02  -0.141232430E+02  -0.148468487E+02  -0.151236516E+02  -0.152410939E+02  -0.138421949E+02  -0.138945218E+02  -0.146394064E+02  -0.151855699E+02  -0.156323728E+02
   0.311236815E+07   0.500000000E+04  -0.149253740E+02  -0.128926383E+02  -0.141030470E+02  -0.148266528E+02  -0.151034557E+02  -0.152208980E+02  -0.138219989E+02  -0.138743259E+02  -0.146192105E+02  -0.151653740E+02  -0.156121769E+02
   0.321723825E+07   0.500000000E+04  -0.149005175E+02  -0.128677819E+02  -0.140781905E+02  -0.148017963E+02  -0.150785992E+02  -0.151960415E+02  -0.137971424E+02  -0.138494694E+02  -0.145943540E+02  -0.151405175E+02  -0.155873204E+02
   0.331868264E+07   0.500000000E+04  -0.148778051E+02  -0.128450695E+02  -0.140554782E+02  -0.147790840E+02  -0.150558869E+02  -0.151733292E+02  -0.137744301E+02  -0.138267571E+02  -0.145716417E+02  -0.151178051E+02  -0.155646080E+02
   0.331868264E+07   0.500000000E+04  -0.148796614E+02  -0.128469258E+02  -0.140573345E+02  -0.147809403E+02  -0.150577431E+02  -0.151751855E+02  -0.137762864E+02  -0.138286133E+02  -0.145734979E+02  -0.151196614E+02  -0.155664643E+02
   0.342206656E+07   0.500000000E+04  -0.148530684E+02  -0.128203328E+02  -0.140307415E+02  -0.147543472E+02  -0.150311501E+02  -0.151485925E+02  -0.137496934E+02  -0.138020203E+02  -0.145469049E+02  -0.150930684E+02  -0.155398713E+02
   0.353111962E+07   0.500000000E+04  -0.148218557E+02  -0.127891201E+02  -0.139995288E+02  -0.147231346E+02  -0.149999375E+02  -0.151173798E+02  -0.137184807E+02  -0.137708076E+02  -0.145156922E+02  -0.150618557E+02  -0.155086586E+02
   0.363238033E+07   0.500000000E+04  -0.147910494E+02  -0.127583138E+02  -0.139687224E+02  -0.146923282E+02  -0.149691311E+02  -0.150865734E+02  -0.136876743E+02  -0.137400013E+02  -0.144848859E+02  -0.150310494E+02  -0.154778523E+02
   0.373599670E+07   0.500000000E+04  -0.147588934E+02  -0.127261578E+02  -0.139365665E+02  -0.146601723E+02  -0.149369752E+02  -0.150544175E+02  -0.136555184E+02  -0.137078453E+02  -0.144527300E+02  -0.149988934E+02  -0.154456963E+02
   0.384169042E+07   0.500000000E+04  -0.147256072E+02  -0.126928716E+02  -0.139032803E+02  -0.146268861E+02  -0.149036889E+02  -0.150211313E+02  -0.136222322E+02  -0.136745591E+02  -0.144194437E+02  -0.149656072E+02  -0.154124101E+02
   0.394719155E+07   0.500000000E+04  -0.146822163E+02  -0.126494807E+02  -0.138598894E+02  -0.145834952E+02  -0.148602981E+02  -0.149777404E+02  -0.135788413E+02  -0.136311683E+02  -0.143760529E+02  -0.149222163E+02  -0.153690192E+02
   0.394719155E+07   0.500000000E+04  -0.146853662E+02  -0.126526306E+02  -0.138630393E+02  -0.145866450E+02  -0.148634479E+02  -0.149808902E+02  -0.135819912E+02  -0.136343181E+02  -0.143792027E+02  -0.149253662E+02  -0.153721691E+02
   0.405857950E+07   0.500000000E+04  -0.146343358E+02  -0.126016002E+02  -0.138120088E+02  -0.145356146E+02  -0.148124175E+02  -0.149298598E+02  -0.135309607E+02  -0.135832877E+02  -0.143281723E+02  -0.148743358E+02  -0.153211387E+02
   0.417220061E+07   0.500000000E+04  -0.145803514E+02  -0.125476158E+02  -0.137580245E+02  -0.144816302E+02  -0.147584331E+02  -0.148758754E+02  -0.134769764E+02  -0.135293033E+02  -0.142741879E+02  -0.148203514E+02  -0.152671543E+02
   0.428561468E+07   0.500000000E+04  -0.145207547E+02  -0.124880191E+02  -0.136984278E+02  -0.144220335E+02  -0.146988364E+02  -0.148162788E+02  -0.134173797E+02  -0.134697066E+02  -0.142145912E+02  -0.147607547E+02  -0.152075576E+02
   0.438212854E+07   0.500000000E+04  -0.144674118E+02  -0.124346761E+02  -0.136450848E+02  -0.143686906E+02  -0.146454935E+02  -0.147629358E+02  -0.133640367E+02  -0.134163637E+02  -0.141612483E+02  -0.147074118E+02  -0.151542147E+02
   0.449555053E+07   0.500000000E+04  -0.143948680E+02  -0.123621324E+02  -0.135725410E+02  -0.142961468E+02  -0.145729497E+02  -0.146903920E+02  -0.132914929E+02  -0.133438199E+02  -0.140887045E+02  -0.146348680E+02  -0.150816709E+02
   0.460876584E+07   0.500000000E+04  -0.143159442E+02  -0.122832086E+02  -0.134936172E+02  -0.142172230E+02  -0.144940259E+02  -0.146114682E+02  -0.132125691E+02  -0.132648961E+02  -0.140097807E+02  -0.145559442E+02  -0.150027471E+02
   0.471052055E+07   0.500000000E+04  -0.142397157E+02  -0.122069801E+02  -0.134173888E+02  -0.141409946E+02  -0.144177975E+02  -0.145352398E+02  -0.131363407E+02  -0.131886677E+02  -0.139335523E+02  -0.144797157E+02  -0.149265186E+02
   0.481828804E+07   0.500000000E+04  -0.141393980E+02  -0.121066624E+02  -0.133170711E+02  -0.140406769E+02  -0.143174798E+02  -0.144349221E+02  -0.130360230E+02  -0.130883499E+02  -0.138332345E+02  -0.143793980E+02  -0.148262009E+02
   0.492585916E+07   0.500000000E+04  -0.140258097E+02  -0.119930741E+02  -0.132034827E+02  -0.139270885E+02  -0.142038914E+02  -0.143213337E+02  -0.129224346E+02  -0.129747616E+02  -0.137196462E+02  -0.142658097E+02  -0.147126126E+02
