   0.000000000E+00  -2.096069546E+51   1.219185881E+51   3.954042005E+48  -8.729296230E+50   0.000000000E+00
   2.206822532E+01  -1.734930259E+50   5.430160836E+50   7.474585058E+50   1.116981563E+51   1.989911186E+51
   1.004169980E+04  -6.477879957E+47   1.904957487E+48   1.122195605E+51   1.123452774E+51   1.996382397E+51
   2.006581965E+04  -3.245205479E+47   9.162126138E+47   1.122863272E+51   1.123454964E+51   1.996384587E+51
   3.007107862E+04  -2.166666010E+47   6.067853688E+47   1.123069615E+51   1.123459734E+51   1.996389357E+51
   4.012552699E+04  -1.624010661E+47   4.595597518E+47   1.123170948E+51   1.123468106E+51   1.996397729E+51
   5.024298859E+04  -1.296921004E+47   3.755677018E+47   1.123232379E+51   1.123478255E+51   1.996407878E+51
   6.040137918E+04  -1.078662511E+47   3.228928240E+47   1.123274367E+51   1.123489394E+51   1.996419017E+51
   7.058638225E+04  -9.228703327E+46   2.879578990E+47   1.123305509E+51   1.123501180E+51   1.996430803E+51
   8.060969860E+04  -8.079794156E+46   2.643698828E+47   1.123329685E+51   1.123513257E+51   1.996442880E+51
   9.121683544E+04  -7.137424106E+46   2.510797065E+47   1.124003932E+51   1.124183638E+51   1.997113261E+51
   1.014880527E+05  -6.413978843E+46   2.468972808E+47   1.124022799E+51   1.124205557E+51   1.997135180E+51
   1.120051878E+05  -5.810687803E+46   2.454212079E+47   1.124041128E+51   1.124228442E+51   1.997158065E+51
   1.224899292E+05  -5.312371944E+46   2.459353859E+47   1.124058750E+51   1.124251562E+51   1.997181185E+51
   1.325671207E+05  -4.908022097E+46   2.478217770E+47   1.124075226E+51   1.124273968E+51   1.997203591E+51
   1.427304515E+05  -4.558144613E+46   2.508214913E+47   1.124091455E+51   1.124296695E+51   1.997226318E+51
   1.528268289E+05  -4.256641243E+46   2.547098499E+47   1.124107223E+51   1.124319366E+51   1.997248989E+51
   1.626929510E+05  -3.998152931E+46   2.592589460E+47   1.124122308E+51   1.124341586E+51   1.997271209E+51
   1.733828808E+05  -3.750474232E+46   2.646463377E+47   1.124765376E+51   1.124992517E+51   1.997922140E+51
   1.838005751E+05  -3.537527706E+46   2.687837035E+47   1.124780574E+51   1.125013982E+51   1.997943605E+51
   1.935960411E+05  -3.358195826E+46   2.732707821E+47   1.124794467E+51   1.125034156E+51   1.997963779E+51
   2.040918937E+05  -3.185138545E+46   2.786351433E+47   1.124808978E+51   1.125055762E+51   1.997985385E+51
   2.136992115E+05  -3.041629005E+46   2.839840923E+47   1.124821963E+51   1.125075531E+51   1.998005154E+51
   2.239225845E+05  -2.902439011E+46   2.900780117E+47   1.124835506E+51   1.125096559E+51   1.998026182E+51
   2.348168446E+05  -2.767453308E+46   2.969708758E+47   1.124849664E+51   1.125118960E+51   1.998048583E+51
   2.444514217E+05  -2.658101504E+46   3.033673282E+47   1.124861978E+51   1.125138764E+51   1.998068387E+51
   2.546323461E+05  -2.551542427E+46   3.103956134E+47   1.124874805E+51   1.125159685E+51   1.998089308E+51
   2.654637716E+05  -2.446568509E+46   3.169867539E+47   1.125535283E+51   1.125827804E+51   1.998757427E+51
   2.746730096E+05  -2.364305343E+46   3.222320632E+47   1.125546538E+51   1.125845127E+51   1.998774750E+51
   2.843264323E+05  -2.283797574E+46   3.279503383E+47   1.125558159E+51   1.125863271E+51   1.998792894E+51
   2.944524121E+05  -2.205024411E+46   3.341646861E+47   1.125570172E+51   1.125882286E+51   1.998811909E+51
   3.050813968E+05  -2.127966821E+46   3.408999476E+47   1.125582607E+51   1.125902228E+51   1.998831851E+51
   3.162460638E+05  -2.052607456E+46   3.481820620E+47   1.125595497E+51   1.125923153E+51   1.998852776E+51
   3.249921131E+05  -1.997192831E+46   3.540190854E+47   1.125605481E+51   1.125939528E+51   1.998869151E+51
   3.340749133E+05  -1.942718378E+46   3.601918077E+47   1.125615754E+51   1.125956519E+51   1.998886142E+51
   3.435110886E+05  -1.889178311E+46   3.667135986E+47   1.125626331E+51   1.125974153E+51   1.998903776E+51
   3.533537086E+05  -1.836005981E+46   3.726261215E+47   1.126289226E+51   1.126643492E+51   1.999573115E+51
   3.636624787E+05  -1.783785490E+46   3.784855974E+47   1.126300543E+51   1.126661191E+51   1.999590814E+51
   3.743891294E+05  -1.732504698E+46   3.847326572E+47   1.126312171E+51   1.126679579E+51   1.999609202E+51
   3.855548421E+05  -1.682159572E+46   3.913826584E+47   1.126324128E+51   1.126698689E+51   1.999628312E+51
   3.971819780E+05  -1.632746277E+46   3.984529510E+47   1.126336432E+51   1.126718557E+51   1.999648180E+51
   4.092941683E+05  -1.584261071E+46   4.059620871E+47   1.126349101E+51   1.126739221E+51   1.999668844E+51
   4.176507194E+05  -1.552451370E+46   4.112215531E+47   1.126357761E+51   1.126753458E+51   1.999683081E+51
   4.262416872E+05  -1.521051397E+46   4.166906848E+47   1.126366598E+51   1.126768078E+51   1.999697701E+51
   4.350751295E+05  -1.490060042E+46   4.223756840E+47   1.126375619E+51   1.126783094E+51   1.999712717E+51
   4.442083894E+05  -1.459005265E+46   4.270483981E+47   1.127134438E+51   1.127546896E+51   2.000476519E+51
   4.442083894E+05  -1.466664568E+46   4.258515864E+47   1.127133261E+51   1.127544446E+51   2.000474069E+51
   4.539442876E+05  -1.434609135E+46   4.309861103E+47   1.127143090E+51   1.127559730E+51   2.000489353E+51
   4.646908974E+05  -1.400814446E+46   4.367614089E+47   1.127153819E+51   1.127576572E+51   2.000506195E+51
   4.765531440E+05  -1.365313134E+46   4.432570170E+47   1.127165525E+51   1.127595128E+51   2.000524751E+51
   4.862511961E+05  -1.337598515E+46   4.486549993E+47   1.127174995E+51   1.127610274E+51   2.000539897E+51
   4.966949375E+05  -1.308984134E+46   4.545503497E+47   1.127185098E+51   1.127626559E+51   2.000556182E+51
   5.079417047E+05  -1.279507696E+46   4.609885503E+47   1.127195876E+51   1.127644070E+51   2.000573693E+51
   5.200532429E+05  -1.249214072E+46   4.680187544E+47   1.127207371E+51   1.127662897E+51   2.000592520E+51
   5.286406597E+05  -1.228469325E+46   4.724182465E+47   1.128071406E+51   1.128531539E+51   2.001461162E+51
   5.376628145E+05  -1.207523962E+46   4.765384231E+47   1.128079831E+51   1.128544294E+51   2.001473917E+51
   5.471417159E+05  -1.186274003E+46   4.809406425E+47   1.128088600E+51   1.128557678E+51   2.001487301E+51
   5.571004866E+05  -1.164739209E+46   4.856419429E+47   1.128097726E+51   1.128571720E+51   2.001501343E+51
   5.675634202E+05  -1.142940582E+46   4.906598161E+47   1.128107223E+51   1.128586453E+51   2.001516076E+51
   5.785560397E+05  -1.120900288E+46   4.960132833E+47   1.128117106E+51   1.128601910E+51   2.001531534E+51
   5.901051606E+05  -1.098641586E+46   5.017225838E+47   1.128127391E+51   1.128618128E+51   2.001547751E+51
   6.022389558E+05  -1.076188732E+46   5.078090248E+47   1.128138095E+51   1.128635142E+51   2.001564765E+51
   6.149870243E+05  -1.053566885E+46   5.142948632E+47   1.128149234E+51   1.128652993E+51   2.001582616E+51
   6.283804638E+05  -1.030716378E+46   5.196452826E+47   1.129048078E+51   1.129557416E+51   2.002487039E+51
   6.353293440E+05  -1.019289563E+46   5.224940259E+47   1.129054034E+51   1.129566335E+51   2.002495958E+51
   6.424519462E+05  -1.007837024E+46   5.254472183E+47   1.129060101E+51   1.129575470E+51   2.002505093E+51
   6.497526135E+05  -9.963621762E+45   5.285076315E+47   1.129066280E+51   1.129584824E+51   2.002514447E+51
   6.572357974E+05  -9.848684626E+45   5.316780899E+47   1.129072575E+51   1.129594404E+51   2.002524027E+51
   6.649060609E+05  -9.733593476E+45   5.349616101E+47   1.129078986E+51   1.129604214E+51   2.002533837E+51
   6.727680810E+05  -9.618383150E+45   5.383614038E+47   1.129085517E+51   1.129614260E+51   2.002543883E+51
   6.808266517E+05  -9.503088626E+45   5.418808172E+47   1.129092170E+51   1.129624548E+51   2.002554171E+51
   6.890866865E+05  -9.387744990E+45   5.455232458E+47   1.129098947E+51   1.129635083E+51   2.002564706E+51
   6.975532223E+05  -9.273023783E+45   5.492709941E+47   1.129105831E+51   1.129645829E+51   2.002575452E+51
   7.061829538E+05  -9.159365775E+45   5.531114396E+47   1.129112792E+51   1.129656744E+51   2.002586367E+51
   7.149458468E+05  -9.044891069E+45   5.560342055E+47   1.130291215E+51   1.130838204E+51   2.003767827E+51
   7.149458468E+05  -9.101353288E+45   5.545653526E+47   1.130289387E+51   1.130834851E+51   2.003764474E+51
   7.240400867E+05  -8.984935593E+45   5.577084200E+47   1.130296674E+51   1.130845397E+51   2.003775020E+51
   7.335947225E+05  -8.865789346E+45   5.610639576E+47   1.130304267E+51   1.130856465E+51   2.003786088E+51
   7.436330618E+05  -8.743967828E+45   5.646444033E+47   1.130312178E+51   1.130868078E+51   2.003797701E+51
   7.541795919E+05  -8.619533401E+45   5.684632568E+47   1.130320419E+51   1.130880263E+51   2.003809886E+51
   7.652600402E+05  -8.492557637E+45   5.725352879E+47   1.130329004E+51   1.130893046E+51   2.003822669E+51
   7.769014362E+05  -8.363121376E+45   5.768763209E+47   1.130337944E+51   1.130906458E+51   2.003836081E+51
   7.891321778E+05  -8.231314732E+45   5.815030656E+47   1.130347255E+51   1.130920527E+51   2.003850150E+51
   8.019821007E+05  -8.096654279E+45   5.858191547E+47   1.131568395E+51   1.132146118E+51   2.005075741E+51
   8.086489897E+05  -8.028802288E+45   5.878130708E+47   1.131573388E+51   1.132153173E+51   2.005082796E+51
   8.086489897E+05  -8.062585563E+45   5.868127846E+47   1.131572125E+51   1.132150875E+51   2.005080498E+51
   8.155679705E+05  -7.992778701E+45   5.888944451E+47   1.131577284E+51   1.132158186E+51   2.005087809E+51
   8.266087112E+05  -7.883855415E+45   5.922664976E+47   1.131585456E+51   1.132169838E+51   2.005099461E+51
   8.384983813E+05  -7.769828126E+45   5.959623585E+47   1.131594175E+51   1.132182368E+51   2.005111991E+51
   8.469284875E+05  -7.690957312E+45   5.986207568E+47   1.131600309E+51   1.132191239E+51   2.005120862E+51
   8.557853678E+05  -7.609799927E+45   6.014459760E+47   1.131606711E+51   1.132200547E+51   2.005130170E+51
   8.650906277E+05  -7.526358344E+45   6.044483286E+47   1.131613394E+51   1.132210315E+51   2.005139939E+51
   9.134434248E+05  -7.142379729E+45   6.175620239E+47   1.132916978E+51   1.133527398E+51   2.006457021E+51
   9.657632456E+05  -6.747555876E+45   6.318007751E+47   1.132952546E+51   1.133577599E+51   2.006507222E+51
   1.015901243E+06  -6.407675251E+45   6.432840693E+47   1.134243480E+51   1.134880356E+51   2.007809979E+51
   1.072927751E+06  -6.060435703E+45   6.555820789E+47   1.135593786E+51   1.136243308E+51   2.009172931E+51
   1.125854168E+06  -5.789260371E+45   6.644460630E+47   1.135624976E+51   1.136283633E+51   2.009213256E+51
   1.179752685E+06  -5.519162146E+45   6.732926510E+47   1.137354039E+51   1.138021812E+51   2.010951435E+51
   1.233552989E+06  -5.273870699E+45   6.814751472E+47   1.137384669E+51   1.138060870E+51   2.010990493E+51
   1.290184266E+06  -5.037903582E+45   6.877725502E+47   1.139241856E+51   1.139924591E+51   2.012854214E+51
   1.347157560E+06  -4.820853015E+45   6.934468723E+47   1.141235764E+51   1.141924390E+51   2.014854013E+51
   1.403811591E+06  -4.640419113E+45   6.977165038E+47   1.141263421E+51   1.141956497E+51   2.014886120E+51
   1.460236477E+06  -4.457372474E+45   7.011025106E+47   1.143324306E+51   1.144020951E+51   2.016950574E+51
   1.510504318E+06  -4.305990849E+45   7.036431602E+47   1.145652028E+51   1.146351365E+51   2.019280988E+51
   1.558474229E+06  -4.170991385E+45   7.047587927E+47   1.145674302E+51   1.146374889E+51   2.019304512E+51
   1.612747781E+06  -4.027966495E+45   7.056130607E+47   1.148269579E+51   1.148971164E+51   2.021900787E+51
   1.661258348E+06  -3.908293731E+45   7.057591860E+47   1.148290726E+51   1.148992577E+51   2.021922200E+51
   1.714804936E+06  -3.784039116E+45   7.051171662E+47   1.151217804E+51   1.151919137E+51   2.024848760E+51
   1.773910351E+06  -3.655894679E+45   7.036427389E+47   1.151241940E+51   1.151941927E+51   2.024871550E+51
   1.876270444E+06  -3.468675503E+45   6.994210246E+47   1.157003675E+51   1.157699628E+51   2.030629251E+51
   1.986182513E+06  -3.272982237E+45   6.926183741E+47   1.160577345E+51   1.161266691E+51   2.034196314E+51
   2.095894300E+06  -3.098517742E+45   6.841323840E+47   1.164458900E+51   1.165139934E+51   2.038069557E+51
   2.211379127E+06  -2.933876285E+45   6.735198328E+47   1.168907524E+51   1.169578110E+51   2.042507733E+51
   2.306982977E+06  -2.810231234E+45   6.637679597E+47   1.173798614E+51   1.174459572E+51   2.047389195E+51
   2.415149959E+06  -2.682395741E+45   6.519845911E+47   1.179060328E+51   1.179709631E+51   2.052639254E+51
   2.511831333E+06  -2.577592643E+45   6.409265667E+47   1.184448142E+51   1.185086491E+51   2.058016114E+51
   2.618549479E+06  -2.471006565E+45   6.281801129E+47   1.190589689E+51   1.191215398E+51   2.064145021E+51
   2.739784482E+06  -2.372651496E+45   6.148961242E+47   1.204299648E+51   1.204912172E+51   2.077841795E+51
   2.847482207E+06  -2.281219594E+45   6.014434717E+47   1.210120140E+51   1.210719302E+51   2.083648925E+51
   2.950256670E+06  -2.200430502E+45   5.887962615E+47   1.218088439E+51   1.218675035E+51   2.091604658E+51
   3.071423948E+06  -2.119962632E+45   5.753382091E+47   1.224409377E+51   1.224982595E+51   2.097912218E+51
   3.175681119E+06  -2.049037721E+45   5.630245410E+47   1.233364616E+51   1.233925592E+51   2.106855215E+51
   3.280567935E+06  -1.982410699E+45   5.507857967E+47   1.243107202E+51   1.243656005E+51   2.116585628E+51
   3.380659985E+06  -1.922666716E+45   5.395486621E+47   1.252762420E+51   1.253300046E+51   2.126229669E+51
   3.493904952E+06  -1.859526041E+45   5.268464982E+47   1.274383733E+51   1.274908720E+51   2.147838343E+51
   3.595125111E+06  -1.806399134E+45   5.157199486E+47   1.286970404E+51   1.287484318E+51   2.160413941E+51
   3.706853227E+06  -1.751183813E+45   5.037096305E+47   1.300105046E+51   1.300607004E+51   2.173536627E+51
   3.798197231E+06  -1.708505913E+45   4.941352182E+47   1.314278574E+51   1.314771001E+51   2.187700624E+51
   3.896564733E+06  -1.664780650E+45   4.841866777E+47   1.326737891E+51   1.327220413E+51   2.200150036E+51
   4.002495773E+06  -1.620018246E+45   4.735179453E+47   1.337988437E+51   1.338460335E+51   2.211389958E+51
   4.116571917E+06  -1.574422849E+45   4.620120945E+47   1.347422147E+51   1.347882585E+51   2.220812208E+51
   4.116571917E+06  -1.582028028E+45   4.640203401E+47   1.347420976E+51   1.347883415E+51   2.220813038E+51
   4.244142358E+06  -1.533490988E+45   4.513336549E+47   1.354818467E+51   1.355268267E+51   2.228197890E+51
   4.340316323E+06  -1.498821159E+45   4.420636586E+47   1.360085985E+51   1.360526550E+51   2.233456173E+51
   4.446474385E+06  -1.462318447E+45   4.320894818E+47   1.365373234E+51   1.365803861E+51   2.238733484E+51
   4.563653021E+06  -1.424042268E+45   4.216591527E+47   1.369916858E+51   1.370337093E+51   2.243266716E+51
   4.659453132E+06  -1.394200508E+45   4.134557410E+47   1.373454951E+51   1.373867013E+51   2.246796636E+51
   4.762619373E+06  -1.363436153E+45   4.049275429E+47   1.376502500E+51   1.376906064E+51   2.249835687E+51
   4.873718131E+06  -1.331787006E+45   3.961057319E+47   1.379797867E+51   1.380192641E+51   2.253122264E+51
   4.993359341E+06  -1.308473253E+45   3.895504258E+47   1.383316686E+51   1.383704928E+51   2.256634551E+51
