  0.0000000000E+000  0.0000000000E+000
  2.2315288003E+001  1.0825227169E+038
  1.0069116546E+004  3.5199811208E+042
  2.0142006882E+004  1.9964852416E+042
  3.0191897523E+004  1.3438150640E+042
  4.0297085187E+004  9.5412899257E+041
  5.0473402166E+004  7.3353306364E+041
  6.0697272799E+004  5.9747144810E+041
  7.0953205773E+004  5.0523915522E+041
  8.1050617128E+004  4.3855210009E+041
  9.1749059985E+004  3.8504165468E+041
  1.0210444266E+005  3.3955413749E+041
  1.1271179611E+005  2.9457987876E+041
  1.2329041382E+005  2.6213517086E+041
  1.3345305901E+005  2.3479049328E+041
  1.4370177501E+005  2.1463289296E+041
  1.5388506766E+005  1.9891350128E+041
  1.6383839593E+005  1.8359416697E+041
  1.7464248591E+005  1.6934530080E+041
  1.8515951349E+005  1.5840461237E+041
  1.9505100519E+005  1.4849344052E+041
  2.0565249848E+005  1.3919487000E+041
  2.1535891190E+005  1.3129201988E+041
  2.2569014301E+005  1.2401460520E+041
  2.3670194558E+005  1.1727273714E+041
  2.4644260956E+005  1.1204511768E+041
  2.5673771522E+005  1.0702258408E+041
  2.6772591630E+005  1.0201009437E+041
  2.7704364879E+005  9.9050446838E+040
  2.8681247226E+005  9.6109132640E+040
  2.9706126449E+005  9.3846717999E+040
  3.0782101552E+005  9.1758893193E+040
  3.1912498644E+005  8.9560936262E+040
  3.2798149402E+005  8.8734171931E+040
  3.3718019401E+005  8.7378215938E+040
  3.4673801449E+005  8.6847702930E+040
  3.5674479580E+005  8.4681554007E+040
  3.6719057502E+005  8.3925756265E+040
  3.7806116983E+005  8.2857816983E+040
  3.8937814486E+005  8.2622853445E+040
  4.0116427454E+005  8.1709396546E+040
  4.1344363362E+005  8.1719365375E+040
  4.2191640475E+005  8.1245414017E+040
  4.3062758342E+005  8.0798191040E+040
  4.3958538132E+005  8.1363779921E+040
  4.4655296775E+005  7.9646546738E+040
  4.5653226335E+005  7.8855221615E+040
  4.6754753848E+005  7.9342916435E+040
  4.7970634115E+005  7.9007829055E+040
  4.8964684457E+005  7.9925613994E+040
  5.0035167951E+005  7.9922688874E+040
  5.1187961589E+005  7.9958607695E+040
  5.2429394252E+005  8.1325883118E+040
  5.3309604476E+005  7.9202154929E+040
  5.4234375343E+005  7.9230515253E+040
  5.5205962735E+005  8.0530899003E+040
  5.6226736738E+005  8.0723162217E+040
  5.7299187426E+005  8.0984183828E+040
  5.8425930929E+005  8.2684607772E+040
  5.9609715823E+005  8.3259500178E+040
  6.0853429827E+005  8.3928975192E+040
  6.2160106852E+005  8.4705609751E+040
  6.3532934401E+005  8.4193866151E+040
  6.4245194621E+005  8.4632936020E+040
  6.4975261346E+005  8.5074725028E+040
  6.5723579739E+005  8.7048265264E+040
  6.6490606092E+005  8.7665421198E+040
  6.7276808103E+005  8.8325578813E+040
  6.8082665165E+005  8.9048268619E+040
  6.8908668654E+005  8.9828898197E+040
  6.9755322229E+005  9.0680036517E+040
  7.0618295377E+005  9.3265467420E+040
  7.1494584679E+005  9.4299257743E+040
  7.1943682947E+005  9.1073338257E+040
  7.2875842538E+005  9.2074085436E+040
  7.3855192709E+005  9.4876848205E+040
  7.4884122482E+005  9.6179606518E+040
  7.5965141824E+005  9.7621625528E+040
  7.7100887771E+005  9.9226182201E+040
  7.8294130857E+005  1.0101499189E+041
  7.9547781874E+005  1.0300730405E+041
  8.0864898973E+005  1.0370769416E+041
  8.1206577036E+005  1.0430074948E+041
  8.1915772564E+005  1.0553719456E+041
  8.3047448482E+005  1.0748996539E+041
  8.4266139668E+005  1.0964266095E+041
  8.5130225555E+005  1.1320774067E+041
  8.6038055789E+005  1.1489967768E+041
  8.6991844929E+005  1.1671933573E+041
  9.1661068489E+005  1.2398273996E+041
  9.7023850123E+005  1.3541171775E+041
  1.0216299488E+006  1.4541677987E+041
  1.0800821191E+006  1.5709049554E+041
  1.1306650832E+006  1.7174390757E+041
  1.1859110633E+006  1.8341086927E+041
  1.2410563740E+006  1.9725042232E+041
  1.2991034338E+006  2.1048033884E+041
  1.3575010595E+006  2.2311657629E+041
  1.4102703979E+006  2.3623544315E+041
  1.4681059059E+006  2.4955249194E+041
  1.5196304429E+006  2.5990815107E+041
  1.5687996023E+006  2.7061664760E+041
  1.6244299930E+006  2.8164943532E+041
  1.6741533236E+006  2.9074086470E+041
  1.7290385770E+006  2.9956626252E+041
  1.7896216272E+006  3.0810964438E+041
  1.8860810589E+006  3.1837828492E+041
  1.9987409298E+006  3.2821448506E+041
  2.1111955117E+006  3.3526891832E+041
  2.2295674593E+006  3.3907847320E+041
  2.3275614060E+006  3.3652699243E+041
  2.4384325621E+006  3.3762741293E+041
  2.5375309702E+006  3.3747494840E+041
  2.6469170705E+006  3.3707878617E+041
  2.7566445574E+006  3.2887311604E+041
  2.8670347259E+006  3.2710845090E+041
  2.9723785502E+006  3.2055250189E+041
  3.0852375463E+006  3.1911931573E+041
  3.1921011468E+006  3.1996975918E+041
  3.2996101329E+006  3.1289323475E+041
  3.4022044844E+006  3.1342996345E+041
  3.5182805763E+006  3.1298128975E+041
  3.6220312390E+006  3.0489666891E+041
  3.7365525579E+006  3.0378213599E+041
  3.8301801619E+006  3.0376360467E+041
  3.9310068509E+006  2.9577787326E+041
  4.0395861671E+006  2.9356823671E+041
  4.1365430657E+006  2.9178233356E+041
  4.2673027685E+006  2.8736060668E+041
  4.3658810820E+006  2.8600530786E+041
  4.4746930952E+006  2.8179196798E+041
  4.5948011980E+006  2.7894515963E+041
  4.6929963114E+006  2.7582934927E+041
  4.7987417084E+006  2.6293750671E+041
  4.9126179350E+006  2.6892671537E+041
  5.0000000000E+006  2.5458681850E+041
  5.0000000000E+006  2.5458681850E+041
