   0.000000000E+00   0.171849944E+05  -0.480624731E+01  -0.537145843E+01  -0.518131768E+01  -0.487624731E+01  -0.461871212E+01  -0.435364175E+01  -0.617392325E+01  -0.513131768E+01  -0.503378250E+01  -0.501624731E+01  -0.497871212E+01
   0.220682253E+02   0.171853773E+05  -0.480629198E+01  -0.537152261E+01  -0.518136885E+01  -0.487629198E+01  -0.461875354E+01  -0.435367666E+01  -0.617398417E+01  -0.513136885E+01  -0.503383042E+01  -0.501629198E+01  -0.497875354E+01
   0.100416998E+05   0.387885803E+05  -0.139000885E+02  -0.149284624E+02  -0.145042754E+02  -0.140100885E+02  -0.136500885E+02  -0.133159016E+02  -0.157084624E+02  -0.144842754E+02  -0.142200885E+02  -0.141100885E+02  -0.139859016E+02
   0.200658197E+05   0.263861770E+05  -0.143766822E+02  -0.152427780E+02  -0.148947301E+02  -0.144757062E+02  -0.141466822E+02  -0.138376583E+02  -0.160327780E+02  -0.148647301E+02  -0.146657062E+02  -0.145866822E+02  -0.144876583E+02
   0.300710786E+05   0.210495691E+05  -0.145496363E+02  -0.152726001E+02  -0.150028219E+02  -0.146362291E+02  -0.143396363E+02  -0.140530436E+02  -0.160726001E+02  -0.149694146E+02  -0.148062291E+02  -0.147596363E+02  -0.146930436E+02
   0.401255270E+05   0.174956604E+05  -0.146435575E+02  -0.152245248E+02  -0.150242023E+02  -0.147137187E+02  -0.144535575E+02  -0.141833962E+02  -0.160246860E+02  -0.149742023E+02  -0.148738799E+02  -0.148537187E+02  -0.148133962E+02
   0.502429886E+05   0.153733684E+05  -0.146555556E+02  -0.151166616E+02  -0.149903153E+02  -0.147255556E+02  -0.144839690E+02  -0.142423825E+02  -0.159266616E+02  -0.149319019E+02  -0.148671422E+02  -0.148739690E+02  -0.148523825E+02
   0.604013792E+05   0.139910590E+05  -0.146469540E+02  -0.149996530E+02  -0.149292647E+02  -0.147069540E+02  -0.144888763E+02  -0.142527210E+02  -0.158115753E+02  -0.148592647E+02  -0.148331093E+02  -0.148569540E+02  -0.148607987E+02
   0.705863823E+05   0.130057913E+05  -0.146194923E+02  -0.148779133E+02  -0.148599016E+02  -0.146770947E+02  -0.144742877E+02  -0.142566853E+02  -0.157003109E+02  -0.147875040E+02  -0.147846970E+02  -0.148318900E+02  -0.148542877E+02
   0.806096986E+05   0.122365478E+05  -0.145874802E+02  -0.147664136E+02  -0.147919469E+02  -0.146363735E+02  -0.144585868E+02  -0.142496935E+02  -0.155964136E+02  -0.147108402E+02  -0.147352669E+02  -0.148063735E+02  -0.148385868E+02
   0.912168354E+05   0.115845735E+05  -0.145560367E+02  -0.146565041E+02  -0.147212704E+02  -0.145970834E+02  -0.144349899E+02  -0.142339432E+02  -0.154865041E+02  -0.146323171E+02  -0.146881302E+02  -0.147670834E+02  -0.148149899E+02
   0.101488053E+06   0.109890925E+05  -0.145191240E+02  -0.145369395E+02  -0.146397506E+02  -0.145525618E+02  -0.144056863E+02  -0.142188107E+02  -0.153669395E+02  -0.145497506E+02  -0.146359996E+02  -0.147291240E+02  -0.147922485E+02
   0.112005188E+06   0.103640271E+05  -0.144635133E+02  -0.143889208E+02  -0.145436615E+02  -0.144935133E+02  -0.143634393E+02  -0.141933652E+02  -0.152238838E+02  -0.144486986E+02  -0.145635874E+02  -0.146784763E+02  -0.147584022E+02
   0.122489929E+06   0.981247151E+04  -0.144222956E+02  -0.142561255E+02  -0.144656017E+02  -0.144495133E+02  -0.143378603E+02  -0.141834249E+02  -0.150961255E+02  -0.143628194E+02  -0.145039487E+02  -0.146422956E+02  -0.147406426E+02
   0.132567121E+06   0.931884118E+04  -0.143825296E+02  -0.141208210E+02  -0.143817323E+02  -0.144024157E+02  -0.143127574E+02  -0.141729852E+02  -0.149610488E+02  -0.142716184E+02  -0.144421879E+02  -0.146025296E+02  -0.147227574E+02
   0.142730452E+06   0.889687002E+04  -0.143513863E+02  -0.139889687E+02  -0.143035914E+02  -0.143645585E+02  -0.142950420E+02  -0.141686977E+02  -0.148426244E+02  -0.141867636E+02  -0.143909028E+02  -0.145713863E+02  -0.147050420E+02
   0.152826829E+06   0.853318712E+04  -0.143247735E+02  -0.138727282E+02  -0.142351523E+02  -0.143319705E+02  -0.142803795E+02  -0.141659855E+02  -0.147327282E+02  -0.141123493E+02  -0.143463644E+02  -0.145447735E+02  -0.146931825E+02
   0.162692951E+06   0.819120861E+04  -0.142890130E+02  -0.137494605E+02  -0.141585552E+02  -0.142903762E+02  -0.142562867E+02  -0.141535604E+02  -0.146094605E+02  -0.140299183E+02  -0.142931025E+02  -0.145090130E+02  -0.146749235E+02
   0.173382881E+06   0.786422869E+04  -0.142501961E+02  -0.136133676E+02  -0.140695222E+02  -0.142456767E+02  -0.142292347E+02  -0.141382733E+02  -0.144778869E+02  -0.139395222E+02  -0.142321188E+02  -0.144701961E+02  -0.146537540E+02
   0.183800575E+06   0.759127370E+04  -0.142161304E+02  -0.134944248E+02  -0.139905216E+02  -0.142066183E+02  -0.142051546E+02  -0.141241788E+02  -0.143639369E+02  -0.138605216E+02  -0.141780821E+02  -0.144361304E+02  -0.146346667E+02
   0.193596041E+06   0.735003192E+04  -0.141732811E+02  -0.133675215E+02  -0.139096102E+02  -0.141590723E+02  -0.141716989E+02  -0.141085343E+02  -0.142417304E+02  -0.137711925E+02  -0.141206545E+02  -0.143932811E+02  -0.146101166E+02
   0.204091894E+06   0.711787248E+04  -0.141280840E+02  -0.132403536E+02  -0.138279816E+02  -0.141093212E+02  -0.141356096E+02  -0.140906608E+02  -0.141191164E+02  -0.136804560E+02  -0.140617956E+02  -0.143480840E+02  -0.145831352E+02
   0.213699211E+06   0.691960225E+04  -0.140855939E+02  -0.131187284E+02  -0.137500044E+02  -0.140599074E+02  -0.141041238E+02  -0.140698103E+02  -0.140015717E+02  -0.135971612E+02  -0.140013775E+02  -0.143055939E+02  -0.145541238E+02
   0.223922584E+06   0.672707847E+04  -0.140409983E+02  -0.129931554E+02  -0.136689690E+02  -0.140072140E+02  -0.140716748E+02  -0.140454591E+02  -0.138800476E+02  -0.135120769E+02  -0.139365376E+02  -0.142609983E+02  -0.145216748E+02
   0.234816845E+06   0.654218438E+04  -0.139947823E+02  -0.128672039E+02  -0.135864116E+02  -0.139539452E+02  -0.140372935E+02  -0.140198047E+02  -0.137580409E+02  -0.134247375E+02  -0.138714340E+02  -0.142156194E+02  -0.144881306E+02
   0.244451422E+06   0.639408562E+04  -0.139511427E+02  -0.127534227E+02  -0.135093713E+02  -0.139069655E+02  -0.140036741E+02  -0.139962055E+02  -0.136475999E+02  -0.133410170E+02  -0.138144341E+02  -0.141753198E+02  -0.144578512E+02
   0.254632346E+06   0.625045626E+04  -0.139100066E+02  -0.126442619E+02  -0.134358424E+02  -0.138625901E+02  -0.139722558E+02  -0.139745050E+02  -0.135416783E+02  -0.132610096E+02  -0.137603409E+02  -0.141374230E+02  -0.144296722E+02
   0.265463772E+06   0.610982958E+04  -0.138669987E+02  -0.125331281E+02  -0.133606939E+02  -0.138157378E+02  -0.139395207E+02  -0.139514121E+02  -0.134337586E+02  -0.131800634E+02  -0.137044768E+02  -0.140969987E+02  -0.144001512E+02
   0.274673010E+06   0.600603699E+04  -0.138326272E+02  -0.124435344E+02  -0.133012214E+02  -0.137763460E+02  -0.139151895E+02  -0.139346112E+02  -0.133466750E+02  -0.131180808E+02  -0.136600648E+02  -0.140626272E+02  -0.143783301E+02
   0.284326432E+06   0.591088938E+04  -0.138013419E+02  -0.123616265E+02  -0.132469258E+02  -0.137404587E+02  -0.138931084E+02  -0.139194332E+02  -0.132670681E+02  -0.130614842E+02  -0.136195755E+02  -0.140313419E+02  -0.143585500E+02
   0.294452412E+06   0.581328640E+04  -0.137719868E+02  -0.122803423E+02  -0.131939665E+02  -0.137063827E+02  -0.138731949E+02  -0.139066009E+02  -0.131881443E+02  -0.130061645E+02  -0.135807787E+02  -0.140019868E+02  -0.143409969E+02
   0.305081397E+06   0.572183192E+04  -0.137428600E+02  -0.122025065E+02  -0.131426980E+02  -0.136728453E+02  -0.138529189E+02  -0.138929778E+02  -0.131125212E+02  -0.129526685E+02  -0.135427864E+02  -0.139728747E+02  -0.143229484E+02
   0.316246064E+06   0.563253746E+04  -0.137131894E+02  -0.121172729E+02  -0.130875610E+02  -0.136408596E+02  -0.138325088E+02  -0.138818283E+02  -0.130296027E+02  -0.128929013E+02  -0.135015401E+02  -0.139455193E+02  -0.143071685E+02
   0.324992113E+06   0.557067093E+04  -0.136938464E+02  -0.120594338E+02  -0.130505740E+02  -0.136199126E+02  -0.138195819E+02  -0.138753173E+02  -0.129733676E+02  -0.128527062E+02  -0.134741771E+02  -0.139277803E+02  -0.142974496E+02
   0.334074913E+06   0.550626002E+04  -0.136746640E+02  -0.120001720E+02  -0.130130218E+02  -0.135990602E+02  -0.138070794E+02  -0.138694947E+02  -0.129157758E+02  -0.128118142E+02  -0.134466449E+02  -0.139102679E+02  -0.142882871E+02
   0.343511089E+06   0.544853423E+04  -0.136576632E+02  -0.119472515E+02  -0.129795578E+02  -0.135805627E+02  -0.137960651E+02  -0.138644671E+02  -0.128643520E+02  -0.127753569E+02  -0.134221608E+02  -0.138947637E+02  -0.142802661E+02
   0.353353709E+06   0.538136865E+04  -0.136376684E+02  -0.118854633E+02  -0.129404077E+02  -0.135588265E+02  -0.137830360E+02  -0.138584035E+02  -0.128043052E+02  -0.127327240E+02  -0.133934590E+02  -0.138765103E+02  -0.142707197E+02
   0.363662479E+06   0.531582038E+04  -0.136163496E+02  -0.118206768E+02  -0.128993839E+02  -0.135351887E+02  -0.137680910E+02  -0.138504129E+02  -0.127412573E+02  -0.126882230E+02  -0.133628668E+02  -0.138563496E+02  -0.142592520E+02
   0.374389129E+06   0.525553787E+04  -0.135983020E+02  -0.117573796E+02  -0.128612254E+02  -0.135137892E+02  -0.137550711E+02  -0.138440967E+02  -0.126796360E+02  -0.126467126E+02  -0.133347637E+02  -0.138383020E+02  -0.142495839E+02
   0.385554842E+06   0.519666258E+04  -0.135814341E+02  -0.116963184E+02  -0.128247160E+02  -0.134936477E+02  -0.137431136E+02  -0.138386863E+02  -0.126202116E+02  -0.126069296E+02  -0.133080750E+02  -0.138214341E+02  -0.142408999E+02
   0.397181978E+06   0.513702283E+04  -0.135652269E+02  -0.116353441E+02  -0.127886123E+02  -0.134741244E+02  -0.137318805E+02  -0.138340854E+02  -0.125608953E+02  -0.125675099E+02  -0.132819196E+02  -0.138052269E+02  -0.142329829E+02
   0.409294168E+06   0.508068131E+04  -0.135501602E+02  -0.115779860E+02  -0.127547494E+02  -0.134559251E+02  -0.137215129E+02  -0.138299831E+02  -0.125051036E+02  -0.125305143E+02  -0.132574548E+02  -0.137901602E+02  -0.142257480E+02
   0.417650719E+06   0.504147404E+04  -0.135411559E+02  -0.115395518E+02  -0.127326652E+02  -0.134447408E+02  -0.137157786E+02  -0.138286089E+02  -0.124677594E+02  -0.125062501E+02  -0.132419106E+02  -0.137811559E+02  -0.142221937E+02
   0.426241687E+06   0.500557919E+04  -0.135326811E+02  -0.115041334E+02  -0.127122155E+02  -0.134342702E+02  -0.137102976E+02  -0.138271194E+02  -0.124333389E+02  -0.124838045E+02  -0.132274483E+02  -0.137726811E+02  -0.142187085E+02
   0.435075130E+06   0.500000000E+04  -0.135265284E+02  -0.114937928E+02  -0.127042015E+02  -0.134278073E+02  -0.137046102E+02  -0.138220525E+02  -0.124231534E+02  -0.124754803E+02  -0.132203650E+02  -0.137665284E+02  -0.142133313E+02
   0.444208389E+06   0.500000000E+04  -0.135132759E+02  -0.114805403E+02  -0.126909490E+02  -0.134145548E+02  -0.136913577E+02  -0.138088000E+02  -0.124099009E+02  -0.124622279E+02  -0.132071125E+02  -0.137532759E+02  -0.142000788E+02
   0.444208389E+06   0.500000000E+04  -0.135175692E+02  -0.114848336E+02  -0.126952423E+02  -0.134188481E+02  -0.136956510E+02  -0.138130933E+02  -0.124141942E+02  -0.124665211E+02  -0.132114058E+02  -0.137575692E+02  -0.142043721E+02
   0.453944288E+06   0.500000000E+04  -0.135058501E+02  -0.114731145E+02  -0.126835232E+02  -0.134071289E+02  -0.136839318E+02  -0.138013741E+02  -0.124024751E+02  -0.124548020E+02  -0.131996866E+02  -0.137458501E+02  -0.141926530E+02
   0.464690897E+06   0.500000000E+04  -0.134989058E+02  -0.114661702E+02  -0.126765789E+02  -0.134001847E+02  -0.136769876E+02  -0.137944299E+02  -0.123955308E+02  -0.124478578E+02  -0.131927424E+02  -0.137389058E+02  -0.141857087E+02
   0.476553144E+06   0.500000000E+04  -0.134938728E+02  -0.114611372E+02  -0.126715459E+02  -0.133951517E+02  -0.136719546E+02  -0.137893969E+02  -0.123904978E+02  -0.124428247E+02  -0.131877094E+02  -0.137338728E+02  -0.141806757E+02
   0.486251196E+06   0.500000000E+04  -0.134913042E+02  -0.114585686E+02  -0.126689773E+02  -0.133925831E+02  -0.136693860E+02  -0.137868283E+02  -0.123879292E+02  -0.124402561E+02  -0.131851408E+02  -0.137313042E+02  -0.141781071E+02
   0.496694937E+06   0.500000000E+04  -0.134912601E+02  -0.114585245E+02  -0.126689331E+02  -0.133925389E+02  -0.136693418E+02  -0.137867841E+02  -0.123878850E+02  -0.124402120E+02  -0.131850966E+02  -0.137312601E+02  -0.141780630E+02
   0.507941705E+06   0.500000000E+04  -0.134918020E+02  -0.114590664E+02  -0.126694751E+02  -0.133930808E+02  -0.136698837E+02  -0.137873261E+02  -0.123884270E+02  -0.124407539E+02  -0.131856385E+02  -0.137318020E+02  -0.141786049E+02
   0.520053243E+06   0.500000000E+04  -0.134936565E+02  -0.114609209E+02  -0.126713295E+02  -0.133949353E+02  -0.136717382E+02  -0.137891805E+02  -0.123902814E+02  -0.124426084E+02  -0.131874930E+02  -0.137336565E+02  -0.141804594E+02
   0.528640660E+06   0.500000000E+04  -0.134823375E+02  -0.114496019E+02  -0.126600105E+02  -0.133836163E+02  -0.136604192E+02  -0.137778615E+02  -0.123789624E+02  -0.124312894E+02  -0.131761740E+02  -0.137223375E+02  -0.141691404E+02
   0.537662814E+06   0.500000000E+04  -0.134827689E+02  -0.114500333E+02  -0.126604420E+02  -0.133840477E+02  -0.136608506E+02  -0.137782930E+02  -0.123793939E+02  -0.124317208E+02  -0.131766054E+02  -0.137227689E+02  -0.141695718E+02
   0.547141716E+06   0.500000000E+04  -0.134839118E+02  -0.114511761E+02  -0.126615848E+02  -0.133851906E+02  -0.136619935E+02  -0.137794358E+02  -0.123805367E+02  -0.124328637E+02  -0.131777483E+02  -0.137239118E+02  -0.141707146E+02
   0.557100487E+06   0.500000000E+04  -0.134868290E+02  -0.114540934E+02  -0.126645021E+02  -0.133881079E+02  -0.136649107E+02  -0.137823531E+02  -0.123834540E+02  -0.124357809E+02  -0.131806655E+02  -0.137268290E+02  -0.141736319E+02
   0.567563420E+06   0.500000000E+04  -0.134907771E+02  -0.114580414E+02  -0.126684501E+02  -0.133920559E+02  -0.136688588E+02  -0.137863011E+02  -0.123874020E+02  -0.124397290E+02  -0.131846136E+02  -0.137307771E+02  -0.141775799E+02
   0.578556040E+06   0.500000000E+04  -0.134962038E+02  -0.114634682E+02  -0.126738769E+02  -0.133974826E+02  -0.136742855E+02  -0.137917278E+02  -0.123928288E+02  -0.124451557E+02  -0.131900403E+02  -0.137362038E+02  -0.141830067E+02
   0.590105161E+06   0.500000000E+04  -0.135048060E+02  -0.114720704E+02  -0.126824791E+02  -0.134060848E+02  -0.136828877E+02  -0.138003300E+02  -0.124014310E+02  -0.124537579E+02  -0.131986425E+02  -0.137448060E+02  -0.141916089E+02
   0.602238956E+06   0.500000000E+04  -0.135147383E+02  -0.114820027E+02  -0.126924114E+02  -0.134160172E+02  -0.136928201E+02  -0.138102624E+02  -0.124113633E+02  -0.124636902E+02  -0.132085748E+02  -0.137547383E+02  -0.142015412E+02
   0.614987024E+06   0.500000000E+04  -0.135261478E+02  -0.114934121E+02  -0.127038208E+02  -0.134274266E+02  -0.137042295E+02  -0.138216718E+02  -0.124227727E+02  -0.124750997E+02  -0.132199843E+02  -0.137661478E+02  -0.142129506E+02
   0.628380464E+06   0.500000000E+04  -0.135215175E+02  -0.114887819E+02  -0.126991906E+02  -0.134227964E+02  -0.136995993E+02  -0.138170416E+02  -0.124181425E+02  -0.124704694E+02  -0.132153541E+02  -0.137615175E+02  -0.142083204E+02
   0.635329344E+06   0.500000000E+04  -0.135279424E+02  -0.114952068E+02  -0.127056155E+02  -0.134292213E+02  -0.137060242E+02  -0.138234665E+02  -0.124245674E+02  -0.124768944E+02  -0.132217790E+02  -0.137679424E+02  -0.142147453E+02
   0.642451946E+06   0.500000000E+04  -0.135343690E+02  -0.115016334E+02  -0.127120421E+02  -0.134356478E+02  -0.137124507E+02  -0.138298931E+02  -0.124309940E+02  -0.124833209E+02  -0.132282055E+02  -0.137743690E+02  -0.142211719E+02
   0.649752613E+06   0.500000000E+04  -0.135418379E+02  -0.115091023E+02  -0.127195109E+02  -0.134431167E+02  -0.137199196E+02  -0.138373619E+02  -0.124384628E+02  -0.124907898E+02  -0.132356744E+02  -0.137818379E+02  -0.142286408E+02
   0.657235797E+06   0.500000000E+04  -0.135506914E+02  -0.115179557E+02  -0.127283644E+02  -0.134519702E+02  -0.137287731E+02  -0.138462154E+02  -0.124473163E+02  -0.124996433E+02  -0.132445279E+02  -0.137906914E+02  -0.142374942E+02
   0.664906061E+06   0.500000000E+04  -0.135600825E+02  -0.115273469E+02  -0.127377556E+02  -0.134613613E+02  -0.137381642E+02  -0.138556065E+02  -0.124567075E+02  -0.125090344E+02  -0.132539190E+02  -0.138000825E+02  -0.142468854E+02
   0.672768081E+06   0.500000000E+04  -0.135702709E+02  -0.115375353E+02  -0.127479440E+02  -0.134715497E+02  -0.137483526E+02  -0.138657949E+02  -0.124668959E+02  -0.125192228E+02  -0.132641074E+02  -0.138102709E+02  -0.142570738E+02
   0.680826652E+06   0.500000000E+04  -0.135811698E+02  -0.115484342E+02  -0.127588428E+02  -0.134824486E+02  -0.137592515E+02  -0.138766938E+02  -0.124777947E+02  -0.125301217E+02  -0.132750063E+02  -0.138211698E+02  -0.142679727E+02
   0.689086687E+06   0.500000000E+04  -0.135929297E+02  -0.115601941E+02  -0.127706028E+02  -0.134942085E+02  -0.137710114E+02  -0.138884537E+02  -0.124895547E+02  -0.125418816E+02  -0.132867662E+02  -0.138329297E+02  -0.142797326E+02
   0.697553222E+06   0.500000000E+04  -0.136056277E+02  -0.115728921E+02  -0.127833008E+02  -0.135069066E+02  -0.137837095E+02  -0.139011518E+02  -0.125022527E+02  -0.125545796E+02  -0.132994643E+02  -0.138456277E+02  -0.142924306E+02
   0.706182954E+06   0.500000000E+04  -0.136195790E+02  -0.115868434E+02  -0.127972521E+02  -0.135208579E+02  -0.137976608E+02  -0.139151031E+02  -0.125162040E+02  -0.125685309E+02  -0.133134156E+02  -0.138595790E+02  -0.143063819E+02
   0.714945847E+06   0.500000000E+04  -0.136074269E+02  -0.115746913E+02  -0.127851000E+02  -0.135087058E+02  -0.137855087E+02  -0.139029510E+02  -0.125040519E+02  -0.125563788E+02  -0.133012635E+02  -0.138474269E+02  -0.142942298E+02
   0.714945847E+06   0.500000000E+04  -0.136021050E+02  -0.115693694E+02  -0.127797781E+02  -0.135033839E+02  -0.137801868E+02  -0.138976291E+02  -0.124987300E+02  -0.125510569E+02  -0.132959416E+02  -0.138421050E+02  -0.142889079E+02
   0.724040087E+06   0.500000000E+04  -0.136156568E+02  -0.115829212E+02  -0.127933299E+02  -0.135169356E+02  -0.137937385E+02  -0.139111808E+02  -0.125122818E+02  -0.125646087E+02  -0.133094933E+02  -0.138556568E+02  -0.143024597E+02
   0.733594723E+06   0.500000000E+04  -0.136308143E+02  -0.115980787E+02  -0.128084874E+02  -0.135320932E+02  -0.138088960E+02  -0.139263384E+02  -0.125274393E+02  -0.125797662E+02  -0.133246508E+02  -0.138708143E+02  -0.143176172E+02
   0.743633062E+06   0.500000000E+04  -0.136479669E+02  -0.116152313E+02  -0.128256400E+02  -0.135492457E+02  -0.138260486E+02  -0.139434909E+02  -0.125445919E+02  -0.125969188E+02  -0.133418034E+02  -0.138879669E+02  -0.143347698E+02
   0.754179592E+06   0.500000000E+04  -0.136666423E+02  -0.116339067E+02  -0.128443154E+02  -0.135679212E+02  -0.138447241E+02  -0.139621664E+02  -0.125632673E+02  -0.126155942E+02  -0.133604788E+02  -0.139066423E+02  -0.143534452E+02
   0.765260040E+06   0.500000000E+04  -0.136870520E+02  -0.116543164E+02  -0.128647251E+02  -0.135883308E+02  -0.138651337E+02  -0.139825761E+02  -0.125836770E+02  -0.126360039E+02  -0.133808885E+02  -0.139270520E+02  -0.143738549E+02
   0.776901436E+06   0.500000000E+04  -0.137093620E+02  -0.116766264E+02  -0.128870351E+02  -0.136106409E+02  -0.138874438E+02  -0.140048861E+02  -0.126059870E+02  -0.126583139E+02  -0.134031986E+02  -0.139493620E+02  -0.143961649E+02
   0.789132178E+06   0.500000000E+04  -0.137336822E+02  -0.117009466E+02  -0.129113552E+02  -0.136349610E+02  -0.139117639E+02  -0.140292062E+02  -0.126303071E+02  -0.126826341E+02  -0.134275187E+02  -0.139736822E+02  -0.144204851E+02
   0.801982101E+06   0.500000000E+04  -0.137399422E+02  -0.117072066E+02  -0.129176152E+02  -0.136412210E+02  -0.139180239E+02  -0.140354662E+02  -0.126365672E+02  -0.126888941E+02  -0.134337787E+02  -0.139799422E+02  -0.144267451E+02
   0.808648990E+06   0.500000000E+04  -0.137543592E+02  -0.117216236E+02  -0.129320322E+02  -0.136556380E+02  -0.139324409E+02  -0.140498832E+02  -0.126509841E+02  -0.127033111E+02  -0.134481957E+02  -0.139943592E+02  -0.144411621E+02
   0.808648990E+06   0.500000000E+04  -0.137470367E+02  -0.117143011E+02  -0.129247098E+02  -0.136483156E+02  -0.139251185E+02  -0.140425608E+02  -0.126436617E+02  -0.126959886E+02  -0.134408733E+02  -0.139870367E+02  -0.144338396E+02
   0.815567970E+06   0.500000000E+04  -0.137616806E+02  -0.117289450E+02  -0.129393536E+02  -0.136629594E+02  -0.139397623E+02  -0.140572046E+02  -0.126583055E+02  -0.127106325E+02  -0.134555171E+02  -0.140016806E+02  -0.144484835E+02
   0.826608711E+06   0.500000000E+04  -0.137844133E+02  -0.117516777E+02  -0.129620863E+02  -0.136856921E+02  -0.139624950E+02  -0.140799373E+02  -0.126810382E+02  -0.127333652E+02  -0.134782498E+02  -0.140244133E+02  -0.144712162E+02
   0.838498381E+06   0.500000000E+04  -0.138089338E+02  -0.117761982E+02  -0.129866069E+02  -0.137102127E+02  -0.139870156E+02  -0.141044579E+02  -0.127055588E+02  -0.127578858E+02  -0.135027704E+02  -0.140489338E+02  -0.144957367E+02
   0.846928487E+06   0.500000000E+04  -0.138264900E+02  -0.117937544E+02  -0.130041630E+02  -0.137277688E+02  -0.140045717E+02  -0.141220140E+02  -0.127231149E+02  -0.127754419E+02  -0.135203265E+02  -0.140664900E+02  -0.145132929E+02
   0.855785368E+06   0.500000000E+04  -0.138450805E+02  -0.118123449E+02  -0.130227536E+02  -0.137463593E+02  -0.140231622E+02  -0.141406045E+02  -0.127417055E+02  -0.127940324E+02  -0.135389170E+02  -0.140850805E+02  -0.145318834E+02
   0.865090628E+06   0.500000000E+04  -0.138647254E+02  -0.118319898E+02  -0.130423984E+02  -0.137660042E+02  -0.140428071E+02  -0.141602494E+02  -0.127613503E+02  -0.128136773E+02  -0.135585619E+02  -0.141047254E+02  -0.145515283E+02
   0.913443425E+06   0.500000000E+04  -0.139393185E+02  -0.119065829E+02  -0.131169915E+02  -0.138405973E+02  -0.141174002E+02  -0.142348425E+02  -0.128359434E+02  -0.128882704E+02  -0.136331550E+02  -0.141793185E+02  -0.146261214E+02
   0.965763246E+06   0.500000000E+04  -0.140478651E+02  -0.120151295E+02  -0.132255382E+02  -0.139491440E+02  -0.142259468E+02  -0.143433892E+02  -0.129444901E+02  -0.129968170E+02  -0.137417016E+02  -0.142878651E+02  -0.147346680E+02
   0.101590124E+07   0.500000000E+04  -0.141319936E+02  -0.120992580E+02  -0.133096667E+02  -0.140332725E+02  -0.143100754E+02  -0.144275177E+02  -0.130286186E+02  -0.130809456E+02  -0.138258302E+02  -0.143719936E+02  -0.148187965E+02
   0.107292775E+07   0.500000000E+04  -0.142222744E+02  -0.121895387E+02  -0.133999474E+02  -0.141235532E+02  -0.144003561E+02  -0.145177984E+02  -0.131188993E+02  -0.131712263E+02  -0.139161109E+02  -0.144622744E+02  -0.149090772E+02
   0.112585417E+07   0.500000000E+04  -0.143123051E+02  -0.122795695E+02  -0.134899782E+02  -0.142135840E+02  -0.144903869E+02  -0.146078292E+02  -0.132089301E+02  -0.132612570E+02  -0.140061417E+02  -0.145523051E+02  -0.149991080E+02
   0.117975269E+07   0.500000000E+04  -0.143883399E+02  -0.123556042E+02  -0.135660129E+02  -0.142896187E+02  -0.145664216E+02  -0.146838639E+02  -0.132849648E+02  -0.133372918E+02  -0.140821764E+02  -0.146283399E+02  -0.150751427E+02
   0.123355299E+07   0.500000000E+04  -0.144761088E+02  -0.124433731E+02  -0.136537818E+02  -0.143773876E+02  -0.146541905E+02  -0.147716328E+02  -0.133727337E+02  -0.134250607E+02  -0.141699453E+02  -0.147161088E+02  -0.151629116E+02
   0.129018427E+07   0.500000000E+04  -0.145491083E+02  -0.125163727E+02  -0.137267814E+02  -0.144503872E+02  -0.147271901E+02  -0.148446324E+02  -0.134457333E+02  -0.134980602E+02  -0.142429449E+02  -0.147891083E+02  -0.152359112E+02
   0.134715756E+07   0.500000000E+04  -0.146146578E+02  -0.125819221E+02  -0.137923308E+02  -0.145159366E+02  -0.147927395E+02  -0.149101818E+02  -0.135112827E+02  -0.135636097E+02  -0.143084943E+02  -0.148546578E+02  -0.153014606E+02
   0.140381159E+07   0.500000000E+04  -0.146828218E+02  -0.126500862E+02  -0.138604949E+02  -0.145841007E+02  -0.148609036E+02  -0.149783459E+02  -0.135794468E+02  -0.136317737E+02  -0.143766584E+02  -0.149228218E+02  -0.153696247E+02
   0.146023648E+07   0.500000000E+04  -0.147416286E+02  -0.127088930E+02  -0.139193017E+02  -0.146429074E+02  -0.149197103E+02  -0.150371526E+02  -0.136382536E+02  -0.136905805E+02  -0.144354651E+02  -0.149816286E+02  -0.154284315E+02
   0.151050432E+07   0.500000000E+04  -0.147850947E+02  -0.127523591E+02  -0.139627678E+02  -0.146863736E+02  -0.149631765E+02  -0.150806188E+02  -0.136817197E+02  -0.137340466E+02  -0.144789313E+02  -0.150250947E+02  -0.154718976E+02
   0.155847423E+07   0.500000000E+04  -0.148330991E+02  -0.128003635E+02  -0.140107722E+02  -0.147343780E+02  -0.150111809E+02  -0.151286232E+02  -0.137297241E+02  -0.137820510E+02  -0.145269356E+02  -0.150730991E+02  -0.155199020E+02
   0.161274778E+07   0.500000000E+04  -0.148739571E+02  -0.128412215E+02  -0.140516302E+02  -0.147752360E+02  -0.150520388E+02  -0.151694812E+02  -0.137705821E+02  -0.138229090E+02  -0.145677936E+02  -0.151139571E+02  -0.155607600E+02
   0.166125835E+07   0.500000000E+04  -0.149116889E+02  -0.128789533E+02  -0.140893620E+02  -0.148129678E+02  -0.150897707E+02  -0.152072130E+02  -0.138083139E+02  -0.138606408E+02  -0.146055255E+02  -0.151516889E+02  -0.155984918E+02
   0.171480494E+07   0.500000000E+04  -0.149415449E+02  -0.129088093E+02  -0.141192180E+02  -0.148428238E+02  -0.151196267E+02  -0.152370690E+02  -0.138381699E+02  -0.138904968E+02  -0.146353815E+02  -0.151815449E+02  -0.156283478E+02
   0.177391035E+07   0.500000000E+04  -0.149749294E+02  -0.129421938E+02  -0.141526024E+02  -0.148762082E+02  -0.151530111E+02  -0.152704534E+02  -0.138715544E+02  -0.139238813E+02  -0.146687659E+02  -0.152149294E+02  -0.156617323E+02
   0.187627044E+07   0.500000000E+04  -0.150115353E+02  -0.129787997E+02  -0.141892084E+02  -0.149128142E+02  -0.151896171E+02  -0.153070594E+02  -0.139081603E+02  -0.139604872E+02  -0.147053719E+02  -0.152515353E+02  -0.156983382E+02
   0.198618251E+07   0.500000000E+04  -0.150404377E+02  -0.130077020E+02  -0.142181107E+02  -0.149417165E+02  -0.152185194E+02  -0.153359617E+02  -0.139370626E+02  -0.139893896E+02  -0.147342742E+02  -0.152804377E+02  -0.157272406E+02
   0.209589430E+07   0.500000000E+04  -0.150566454E+02  -0.130239097E+02  -0.142343184E+02  -0.149579242E+02  -0.152347271E+02  -0.153521694E+02  -0.139532703E+02  -0.140055973E+02  -0.147504819E+02  -0.152966454E+02  -0.157434482E+02
   0.221137913E+07   0.500000000E+04  -0.150605050E+02  -0.130277694E+02  -0.142381781E+02  -0.149617839E+02  -0.152385868E+02  -0.153560291E+02  -0.139571300E+02  -0.140094569E+02  -0.147543416E+02  -0.153005050E+02  -0.157473079E+02
   0.230698298E+07   0.500000000E+04  -0.150565769E+02  -0.130238413E+02  -0.142342500E+02  -0.149578558E+02  -0.152346587E+02  -0.153521010E+02  -0.139532019E+02  -0.140055288E+02  -0.147504135E+02  -0.152965769E+02  -0.157433798E+02
   0.241514996E+07   0.500000000E+04  -0.150495626E+02  -0.130168270E+02  -0.142272356E+02  -0.149508414E+02  -0.152276443E+02  -0.153450866E+02  -0.139461875E+02  -0.139985145E+02  -0.147433991E+02  -0.152895626E+02  -0.157363655E+02
   0.251183133E+07   0.500000000E+04  -0.150360615E+02  -0.130033259E+02  -0.142137345E+02  -0.149373403E+02  -0.152141432E+02  -0.153315855E+02  -0.139326864E+02  -0.139850134E+02  -0.147298980E+02  -0.152760615E+02  -0.157228644E+02
   0.261854948E+07   0.500000000E+04  -0.150192707E+02  -0.129865350E+02  -0.141969437E+02  -0.149205495E+02  -0.151973524E+02  -0.153147947E+02  -0.139158956E+02  -0.139682226E+02  -0.147131072E+02  -0.152592707E+02  -0.157060736E+02
   0.273978448E+07   0.500000000E+04  -0.149988435E+02  -0.129661079E+02  -0.141765165E+02  -0.149001223E+02  -0.151769252E+02  -0.152943675E+02  -0.138954684E+02  -0.139477954E+02  -0.146926800E+02  -0.152388435E+02  -0.156856464E+02
   0.284748221E+07   0.500000000E+04  -0.149752197E+02  -0.129424840E+02  -0.141528927E+02  -0.148764985E+02  -0.151533014E+02  -0.152707437E+02  -0.138718446E+02  -0.139241716E+02  -0.146690562E+02  -0.152152197E+02  -0.156620225E+02
   0.295025667E+07   0.500000000E+04  -0.149533475E+02  -0.129206119E+02  -0.141310206E+02  -0.148546264E+02  -0.151314292E+02  -0.152488716E+02  -0.138499725E+02  -0.139022994E+02  -0.146471840E+02  -0.151933475E+02  -0.156401504E+02
   0.307142395E+07   0.500000000E+04  -0.149292090E+02  -0.128964734E+02  -0.141068821E+02  -0.148304879E+02  -0.151072907E+02  -0.152247331E+02  -0.138258340E+02  -0.138781609E+02  -0.146230455E+02  -0.151692090E+02  -0.156160119E+02
   0.317568112E+07   0.500000000E+04  -0.149087114E+02  -0.128759757E+02  -0.140863844E+02  -0.148099902E+02  -0.150867931E+02  -0.152042354E+02  -0.138053363E+02  -0.138576633E+02  -0.146025479E+02  -0.151487114E+02  -0.155955142E+02
   0.328056793E+07   0.500000000E+04  -0.148826340E+02  -0.128498984E+02  -0.140603070E+02  -0.147839128E+02  -0.150607157E+02  -0.151781580E+02  -0.137792589E+02  -0.138315859E+02  -0.145764705E+02  -0.151226340E+02  -0.155694369E+02
   0.338065998E+07   0.500000000E+04  -0.148567293E+02  -0.128239937E+02  -0.140344024E+02  -0.147580082E+02  -0.150348111E+02  -0.151522534E+02  -0.137533543E+02  -0.138056812E+02  -0.145505659E+02  -0.150967293E+02  -0.155435322E+02
   0.349390495E+07   0.500000000E+04  -0.148338817E+02  -0.128011461E+02  -0.140115548E+02  -0.147351605E+02  -0.150119634E+02  -0.151294058E+02  -0.137305067E+02  -0.137828336E+02  -0.145277182E+02  -0.150738817E+02  -0.155206846E+02
   0.359512511E+07   0.500000000E+04  -0.148012656E+02  -0.127685300E+02  -0.139789387E+02  -0.147025445E+02  -0.149793474E+02  -0.150967897E+02  -0.136978906E+02  -0.137502175E+02  -0.144951022E+02  -0.150412656E+02  -0.154880685E+02
   0.370685323E+07   0.500000000E+04  -0.147617050E+02  -0.127289693E+02  -0.139393780E+02  -0.146629838E+02  -0.149397867E+02  -0.150572290E+02  -0.136583299E+02  -0.137106569E+02  -0.144555415E+02  -0.150017050E+02  -0.154485079E+02
   0.379819723E+07   0.500000000E+04  -0.147322694E+02  -0.126995338E+02  -0.139099425E+02  -0.146335483E+02  -0.149103512E+02  -0.150277935E+02  -0.136288944E+02  -0.136812213E+02  -0.144261060E+02  -0.149722694E+02  -0.154190723E+02
   0.389656473E+07   0.500000000E+04  -0.146924648E+02  -0.126597292E+02  -0.138701379E+02  -0.145937437E+02  -0.148705466E+02  -0.149879889E+02  -0.135890898E+02  -0.136414167E+02  -0.143863014E+02  -0.149324648E+02  -0.153792677E+02
   0.400249577E+07   0.500000000E+04  -0.146498767E+02  -0.126171410E+02  -0.138275497E+02  -0.145511555E+02  -0.148279584E+02  -0.149454007E+02  -0.135465016E+02  -0.135988286E+02  -0.143437132E+02  -0.148898767E+02  -0.153366795E+02
   0.411657192E+07   0.500000000E+04  -0.145939623E+02  -0.125612267E+02  -0.137716354E+02  -0.144952411E+02  -0.147720440E+02  -0.148894864E+02  -0.134905873E+02  -0.135429142E+02  -0.142877988E+02  -0.148339623E+02  -0.152807652E+02
   0.411657192E+07   0.500000000E+04  -0.146060470E+02  -0.125733114E+02  -0.137837201E+02  -0.145073259E+02  -0.147841288E+02  -0.149015711E+02  -0.135026720E+02  -0.135549990E+02  -0.142998836E+02  -0.148460470E+02  -0.152928499E+02
   0.424414236E+07   0.500000000E+04  -0.145377770E+02  -0.125050414E+02  -0.137154501E+02  -0.144390559E+02  -0.147158588E+02  -0.148333011E+02  -0.134344020E+02  -0.134867289E+02  -0.142316135E+02  -0.147777770E+02  -0.152245799E+02
   0.434031632E+07   0.500000000E+04  -0.144839126E+02  -0.124511770E+02  -0.136615857E+02  -0.143851915E+02  -0.146619944E+02  -0.147794367E+02  -0.133805376E+02  -0.134328645E+02  -0.141777492E+02  -0.147239126E+02  -0.151707155E+02
   0.444647438E+07   0.500000000E+04  -0.144145958E+02  -0.123818602E+02  -0.135922688E+02  -0.143158746E+02  -0.145926775E+02  -0.147101198E+02  -0.133112207E+02  -0.133635477E+02  -0.141084323E+02  -0.146545958E+02  -0.151013987E+02
   0.456365302E+07   0.500000000E+04  -0.143364068E+02  -0.123036712E+02  -0.135140799E+02  -0.142376856E+02  -0.145144885E+02  -0.146319309E+02  -0.132330318E+02  -0.132853587E+02  -0.140302433E+02  -0.145764068E+02  -0.150232097E+02
   0.465945313E+07   0.500000000E+04  -0.142615781E+02  -0.122288425E+02  -0.134392512E+02  -0.141628570E+02  -0.144396598E+02  -0.145571022E+02  -0.131582031E+02  -0.132105300E+02  -0.139554146E+02  -0.145015781E+02  -0.149483810E+02
   0.476261937E+07   0.500000000E+04  -0.141675109E+02  -0.121347753E+02  -0.133451840E+02  -0.140687898E+02  -0.143455927E+02  -0.144630350E+02  -0.130641359E+02  -0.131164629E+02  -0.138613475E+02  -0.144075109E+02  -0.148543138E+02
   0.487371813E+07   0.500000000E+04  -0.140565876E+02  -0.120238519E+02  -0.132342606E+02  -0.139578664E+02  -0.142346693E+02  -0.143521116E+02  -0.129532125E+02  -0.130055395E+02  -0.137504241E+02  -0.142965876E+02  -0.147433905E+02
   0.499335934E+07   0.500000000E+04  -0.139528739E+02  -0.119201383E+02  -0.131305469E+02  -0.138541527E+02  -0.141309556E+02  -0.142483979E+02  -0.128494989E+02  -0.129018258E+02  -0.136467104E+02  -0.141928739E+02  -0.146396768E+02
