  0.0000000000E+000  0.0000000000E+000
  2.2315288003E+001  1.3488964265E+042
  1.0069116546E+004  1.3488964265E+042
  2.0142006882E+004  1.3488964265E+042
  3.0191897523E+004  1.3488964265E+042
  4.0297085187E+004  1.3488964265E+042
  5.0473402166E+004  1.3488964265E+042
  6.0697272799E+004  1.3488964265E+042
  7.0953205773E+004  1.3488964265E+042
  8.1050617128E+004  1.3488964265E+042
  9.1749059985E+004  2.1717136221E+042
  1.0210444266E+005  2.1717136221E+042
  1.1271179611E+005  2.1717136221E+042
  1.2329041382E+005  2.1717136221E+042
  1.3345305901E+005  2.1717136221E+042
  1.4370177501E+005  2.1717136221E+042
  1.5388506766E+005  2.1717136221E+042
  1.6383839593E+005  2.1717136221E+042
  1.7464248591E+005  1.9730517274E+042
  1.8515951349E+005  1.9730517274E+042
  1.9505100519E+005  1.9730517274E+042
  2.0565249848E+005  1.9730517274E+042
  2.1535891190E+005  1.9730517274E+042
  2.2569014301E+005  1.9730517274E+042
  2.3670194558E+005  1.9730517274E+042
  2.4644260956E+005  1.9730517274E+042
  2.5673771522E+005  1.9730517274E+042
  2.6772591630E+005  1.8013000547E+042
  2.7704364879E+005  1.8013000547E+042
  2.8681247226E+005  1.8013000547E+042
  2.9706126449E+005  1.8013000547E+042
  3.0782101552E+005  1.8013000547E+042
  3.1912498644E+005  1.8013000547E+042
  3.2798149402E+005  1.8013000547E+042
  3.3718019401E+005  1.8013000547E+042
  3.4673801449E+005  1.8013000547E+042
  3.5674479580E+005  1.6542135066E+042
  3.6719057502E+005  1.6542135066E+042
  3.7806116983E+005  1.6542135066E+042
  3.8937814486E+005  1.6542135066E+042
  4.0116427454E+005  1.6542135066E+042
  4.1344363362E+005  1.6542135066E+042
  4.2191640475E+005  1.6542135066E+042
  4.3062758342E+005  1.6542135066E+042
  4.3958538132E+005  1.6542135656E+042
  4.4655296775E+005  1.5191872678E+042
  4.5653226335E+005  1.5191872678E+042
  4.6754753848E+005  1.5191872678E+042
  4.7970634115E+005  1.5191872678E+042
  4.8964684457E+005  1.5191872678E+042
  5.0035167951E+005  1.5191872678E+042
  5.1187961589E+005  1.5191872678E+042
  5.2429394252E+005  1.5191872678E+042
  5.3309604476E+005  1.3849206330E+042
  5.4234375343E+005  1.3849206330E+042
  5.5205962735E+005  1.3849206330E+042
  5.6226736738E+005  1.3849206330E+042
  5.7299187426E+005  1.3849206330E+042
  5.8425930929E+005  1.3849206330E+042
  5.9609715823E+005  1.3849206330E+042
  6.0853429827E+005  1.3849206330E+042
  6.2160106852E+005  1.3849206908E+042
  6.3532934401E+005  1.2740162602E+042
  6.4245194621E+005  1.2740162602E+042
  6.4975261346E+005  1.2740162602E+042
  6.5723579739E+005  1.2740162602E+042
  6.6490606092E+005  1.2740162602E+042
  6.7276808103E+005  1.2740162602E+042
  6.8082665165E+005  1.2740162602E+042
  6.8908668654E+005  1.2740162602E+042
  6.9755322229E+005  1.2740162602E+042
  7.0618295377E+005  1.2740162602E+042
  7.1494584679E+005  1.2740163265E+042
  7.1943682947E+005  1.1661545700E+042
  7.2875842538E+005  1.1661545700E+042
  7.3855192709E+005  1.1661545700E+042
  7.4884122482E+005  1.1661545700E+042
  7.5965141824E+005  1.1661545700E+042
  7.7100887771E+005  1.1661545700E+042
  7.8294130857E+005  1.1661545700E+042
  7.9547781874E+005  1.1661545700E+042
  8.0864898973E+005  1.0792186061E+042
  8.1206577036E+005  1.0792186061E+042
  8.1915772564E+005  1.0792186061E+042
  8.3047448482E+005  1.0792186061E+042
  8.4266139668E+005  1.0792186061E+042
  8.5130225555E+005  1.0792186061E+042
  8.6038055789E+005  1.0792186061E+042
  8.6991844929E+005  1.0792186061E+042
  9.1661068489E+005  1.0015443266E+042
  9.7023850123E+005  1.0015443266E+042
  1.0216299488E+006  9.3057471545E+041
  1.0800821191E+006  8.6449501013E+041
  1.1306650832E+006  8.6449501013E+041
  1.1859110633E+006  8.1359400416E+041
  1.2410563740E+006  8.1359400416E+041
  1.2991034338E+006  7.5576690404E+041
  1.3575010595E+006  7.1679720512E+041
  1.4102703979E+006  7.1679720512E+041
  1.4681059059E+006  6.7807718944E+041
  1.5196304429E+006  6.3804278506E+041
  1.5687996023E+006  6.3804278506E+041
  1.6244299930E+006  6.0744773504E+041
  1.6741533236E+006  6.0744773504E+041
  1.7290385770E+006  5.7032903108E+041
  1.7896216272E+006  5.7032922686E+041
  1.8860810589E+006  5.2392481025E+041
  1.9987409298E+006  5.0359930933E+041
  2.1111955117E+006  4.8153494004E+041
  2.2295674593E+006  4.6300218799E+041
  2.3275614060E+006  4.4792554195E+041
  2.4384325621E+006  4.3101362960E+041
  2.5375309702E+006  4.1814111539E+041
  2.6469170705E+006  4.0259451958E+041
  2.7566445574E+006  3.7666972062E+041
  2.8670347259E+006  3.6882273696E+041
  2.9723785502E+006  3.5925017931E+041
  3.0852375463E+006  3.5004535894E+041
  3.1921011468E+006  3.4503652262E+041
  3.2996101329E+006  3.3546265666E+041
  3.4022044844E+006  3.3148735537E+041
  3.5182805763E+006  3.1677433300E+041
  3.6220312390E+006  3.1094775317E+041
  3.7365525579E+006  3.0467424860E+041
  3.8301801619E+006  3.0197525000E+041
  3.9310068509E+006  2.9699446969E+041
  4.0395861671E+006  2.8995636889E+041
  4.1365430657E+006  2.8405428952E+041
  4.2673027685E+006  2.7976822144E+041
  4.3658810820E+006  2.7640797174E+041
  4.4746930952E+006  2.7029028563E+041
  4.5948011980E+006  2.6955515326E+041
  4.6929963114E+006  2.6355491463E+041
  4.7987417084E+006  2.6054534768E+041
  4.9126179350E+006  2.5610088509E+041
  5.0000000000E+006  2.5158872841E+041
  5.0000000000E+006  2.5158872841E+041
