  0.0000000000E+000  0.0000000000E+000
  2.2315288003E+001  1.7185377260E+004
  1.0069116546E+004  3.8788580316E+004
  2.0142006882E+004  2.6386176994E+004
  3.0191897523E+004  2.1049569140E+004
  4.0297085187E+004  1.7495660442E+004
  5.0473402166E+004  1.5373368446E+004
  6.0697272799E+004  1.3991058986E+004
  7.0953205773E+004  1.3005791278E+004
  8.1050617128E+004  1.2236547844E+004
  9.1749059985E+004  1.1584573504E+004
  1.0210444266E+005  1.0989092542E+004
  1.1271179611E+005  1.0364027068E+004
  1.2329041382E+005  9.8124715115E+003
  1.3345305901E+005  9.3188411768E+003
  1.4370177501E+005  8.8968700236E+003
  1.5388506766E+005  8.5331871153E+003
  1.6383839593E+005  8.1912086064E+003
  1.7464248591E+005  7.8642286885E+003
  1.8515951349E+005  7.5912737027E+003
  1.9505100519E+005  7.3500319199E+003
  2.0565249848E+005  7.1178724818E+003
  2.1535891190E+005  6.9196022540E+003
  2.2569014301E+005  6.7270784668E+003
  2.3670194558E+005  6.5421843751E+003
  2.4644260956E+005  6.3940856201E+003
  2.5673771522E+005  6.2504562567E+003
  2.6772591630E+005  6.1098295761E+003
  2.7704364879E+005  6.0060369938E+003
  2.8681247226E+005  5.9108893777E+003
  2.9706126449E+005  5.8132864008E+003
  3.0782101552E+005  5.7218319236E+003
  3.1912498644E+005  5.6325374573E+003
  3.2798149402E+005  5.5706709316E+003
  3.3718019401E+005  5.5062600225E+003
  3.4673801449E+005  5.4485342335E+003
  3.5674479580E+005  5.3813686517E+003
  3.6719057502E+005  5.3158203840E+003
  3.7806116983E+005  5.2555378725E+003
  3.8937814486E+005  5.1966625831E+003
  4.0116427454E+005  5.1370228293E+003
  4.1344363362E+005  5.0806813051E+003
  4.2191640475E+005  5.0414740389E+003
  4.3062758342E+005  5.0055791897E+003
  4.3958538132E+005  4.9708406914E+003
  4.4655296775E+005  4.9350910191E+003
  4.5653226335E+005  4.8953367113E+003
  4.6754753848E+005  4.8508811110E+003
  4.7970634115E+005  4.8101272860E+003
  4.8964684457E+005  4.7812852345E+003
  5.0035167951E+005  4.7480102322E+003
  5.1187961589E+005  4.7174809778E+003
  5.2429394252E+005  4.6888759748E+003
  5.3309604476E+005  4.6503084730E+003
  5.4234375343E+005  4.6310209352E+003
  5.5205962735E+005  4.6081421500E+003
  5.6226736738E+005  4.5851134457E+003
  5.7299187426E+005  4.5651346696E+003
  5.8425930929E+005  4.5478418135E+003
  5.9609715823E+005  4.5270260283E+003
  6.0853429827E+005  4.5093733815E+003
  6.2160106852E+005  4.4956486270E+003
  6.3532934401E+005  4.4596402255E+003
  6.4245194621E+005  4.4526673761E+003
  6.4975261346E+005  4.4463695463E+003
  6.5723579739E+005  4.4400535480E+003
  6.6490606092E+005  4.4321381139E+003
  6.7276808103E+005  4.4252314416E+003
  6.8082665165E+005  4.4196495423E+003
  6.8908668654E+005  4.4153934029E+003
  6.9755322229E+005  4.4127333226E+003
  7.0618295377E+005  4.4106438787E+003
  7.1494584679E+005  4.4063011078E+003
  7.1943682947E+005  4.3791363332E+003
  7.2875842538E+005  4.3778261372E+003
  7.3855192709E+005  4.3776371321E+003
  7.4884122482E+005  4.3745926891E+003
  7.5965141824E+005  4.3730665377E+003
  7.7100887771E+005  4.3733883265E+003
  7.8294130857E+005  4.3759015883E+003
  7.9547781874E+005  4.3810617775E+003
  8.0864898973E+005  4.3615642526E+003
  8.1206577036E+005  4.3629274484E+003
  8.1915772564E+005  4.3659940683E+003
  8.3047448482E+005  4.3710140133E+003
  8.4266139668E+005  4.3776521933E+003
  8.5130225555E+005  4.3812315281E+003
  8.6038055789E+005  4.3837807421E+003
  8.6991844929E+005  4.3870852226E+003
  9.1661068489E+005  4.3901329037E+003
  9.7023850123E+005  4.4213891301E+003
  1.0216299488E+006  4.4338731956E+003
  1.0800821191E+006  4.4488820934E+003
  1.1306650832E+006  4.4797781945E+003
  1.1859110633E+006  4.4957055734E+003
  1.2410563740E+006  4.5251102954E+003
  1.2991034338E+006  4.5437799901E+003
  1.3575010595E+006  4.5586928361E+003
  1.4102703979E+006  4.5845842497E+003
  1.4681059059E+006  4.5994786983E+003
  1.5196304429E+006  4.6074139445E+003
  1.5687996023E+006  4.6225929688E+003
  1.6244299930E+006  4.6296581973E+003
  1.6741533236E+006  4.6382401051E+003
  1.7290385770E+006  4.6385057631E+003
  1.7896216272E+006  4.6415185222E+003
  1.8860810589E+006  4.6348178874E+003
  1.9987409298E+006  4.6226559239E+003
  2.1111955117E+006  4.6079409129E+003
  2.2295674593E+006  4.5869486105E+003
  2.3275614060E+006  4.5678626096E+003
  2.4384325621E+006  4.5369591103E+003
  2.5375309702E+006  4.5021353995E+003
  2.6469170705E+006  4.4613840755E+003
  2.7566445574E+006  4.4036719566E+003
  2.8670347259E+006  4.3434234267E+003
  2.9723785502E+006  4.2856077368E+003
  3.0852375463E+006  4.2187608239E+003
  3.1921011468E+006  4.1603328181E+003
  3.2996101329E+006  4.0985434035E+003
  3.4022044844E+006  4.0394654846E+003
  3.5182805763E+006  3.9840332196E+003
  3.6220312390E+006  3.9257682716E+003
  3.7365525579E+006  3.8614786300E+003
  3.8301801619E+006  3.8149625802E+003
  3.9310068509E+006  3.7606569125E+003
  4.0395861671E+006  3.7051305896E+003
  4.1365430657E+006  3.6537496730E+003
  4.2673027685E+006  3.5813549669E+003
  4.3658810820E+006  3.5286004104E+003
  4.4746930952E+006  3.4660314761E+003
  4.5948011980E+006  3.3997873889E+003
  4.6929963114E+006  3.3403163717E+003
  4.7987417084E+006  3.2677508869E+003
  4.9126179350E+006  3.1830762998E+003
  5.0000000000E+006  3.1046168837E+003
  5.0000000000E+006  3.1046168837E+003
